/*--------------------------------*- C++ -*----------------------------------*\
  =========                 |
  \\      /  F ield         | OpenFOAM: The Open Source CFD Toolbox
   \\    /   O peration     | Website:  https://openfoam.org
    \\  /    A nd           | Version:  9
     \\/     M anipulation  |
\*---------------------------------------------------------------------------*/
FoamFile
{
    format      ascii;
    class       volVectorField;
    location    "0.25";
    object      U;
}
// * * * * * * * * * * * * * * * * * * * * * * * * * * * * * * * * * * * * * //

dimensions      [0 1 -1 0 0 0 0];

internalField   nonuniform List<vector> 
2268
(
(-0.0931738 0.100899 0)
(-0.545709 0.168712 0)
(-1.04746 0.0269406 0)
(-0.826191 -0.0670683 0)
(-0.767559 0.0417597 0)
(-0.942036 0.0368206 0)
(-1.0292 0.0254747 0)
(-1.09462 0.0110361 0)
(-1.10875 -0.0020432 0)
(-1.08477 -0.0120436 0)
(-1.03867 -0.0190105 0)
(-0.970911 -0.0257489 0)
(-0.883803 -0.0328571 0)
(-0.775927 -0.0413749 0)
(-0.642265 -0.0522894 0)
(-0.473878 -0.0666967 0)
(-0.263192 -0.0850175 0)
(-0.0146953 -0.103091 0)
(0.250208 -0.10665 0)
(0.474038 -0.0798684 0)
(0.613588 -0.00521623 0)
(0.481017 0.0678509 0)
(0.165958 0.0776281 0)
(-0.156228 0.242641 0)
(-0.529911 0.309123 0)
(-0.654726 0.0277294 0)
(-0.943084 -0.0259262 0)
(-1.01851 0.0773233 0)
(-1.14932 0.0769218 0)
(-1.19834 0.0498655 0)
(-1.22474 0.0213218 0)
(-1.22183 -0.00472658 0)
(-1.19965 -0.0255161 0)
(-1.15226 -0.0419585 0)
(-1.0843 -0.0566083 0)
(-0.997372 -0.0710679 0)
(-0.891432 -0.0874525 0)
(-0.763453 -0.107903 0)
(-0.607249 -0.134231 0)
(-0.416515 -0.165963 0)
(-0.192228 -0.193844 0)
(0.0494878 -0.192614 0)
(0.266721 -0.131663 0)
(0.402957 0.00827144 0)
(0.440644 0.163512 0)
(0.231559 0.203313 0)
(-0.177524 0.372792 0)
(-0.401696 0.430531 0)
(-0.498741 0.16048 0)
(-0.899751 0.07015 0)
(-1.01927 0.134873 0)
(-1.1493 0.11485 0)
(-1.215 0.0712233 0)
(-1.25554 0.0286502 0)
(-1.26468 -0.00928763 0)
(-1.24767 -0.0408711 0)
(-1.20568 -0.0676575 0)
(-1.14304 -0.091227 0)
(-1.06218 -0.113903 0)
(-0.964322 -0.138579 0)
(-0.848489 -0.168453 0)
(-0.711125 -0.206204 0)
(-0.547346 -0.251064 0)
(-0.355559 -0.290942 0)
(-0.144954 -0.293095 0)
(0.0561738 -0.214337 0)
(0.20475 -0.0358987 0)
(0.263373 0.199342 0)
(0.191158 0.311458 0)
(-0.184342 0.491262 0)
(-0.32591 0.516345 0)
(-0.408511 0.285382 0)
(-0.834781 0.189708 0)
(-0.983238 0.206952 0)
(-1.12782 0.162856 0)
(-1.21167 0.101379 0)
(-1.26457 0.0430228 0)
(-1.28339 -0.00892821 0)
(-1.27397 -0.0530161 0)
(-1.23944 -0.0904818 0)
(-1.18428 -0.123144 0)
(-1.1118 -0.153789 0)
(-1.02458 -0.185968 0)
(-0.923797 -0.223812 0)
(-0.808862 -0.271044 0)
(-0.677185 -0.327438 0)
(-0.525603 -0.379671 0)
(-0.354874 -0.389209 0)
(-0.174546 -0.299515 0)
(-0.00441846 -0.0829679 0)
(0.0903603 0.202996 0)
(0.121374 0.383702 0)
(-0.18177 0.596247 0)
(-0.261713 0.575074 0)
(-0.33395 0.396447 0)
(-0.770123 0.321522 0)
(-0.941452 0.288984 0)
(-1.09897 0.218476 0)
(-1.19628 0.137503 0)
(-1.25936 0.0622099 0)
(-1.28731 -0.00452419 0)
(-1.28629 -0.0614976 0)
(-1.26004 -0.109763 0)
(-1.2133 -0.151312 0)
(-1.15018 -0.189201 0)
(-1.07443 -0.22732 0)
(-0.989214 -0.270313 0)
(-0.896959 -0.322699 0)
(-0.798465 -0.385518 0)
(-0.691679 -0.44719 0)
(-0.570987 -0.46891 0)
(-0.423563 -0.38388 0)
(-0.235352 -0.148094 0)
(-0.0686494 0.17071 0)
(0.0446498 0.404985 0)
(-0.172889 0.686763 0)
(-0.200253 0.617602 0)
(-0.318108 0.509148 0)
(-0.717284 0.454247 0)
(-0.899952 0.376296 0)
(-1.06413 0.279454 0)
(-1.17116 0.178381 0)
(-1.24296 0.0857704 0)
(-1.2796 0.00398264 0)
(-1.28704 -0.0659564 0)
(-1.26929 -0.124989 0)
(-1.23128 -0.175142 0)
(-1.17768 -0.219571 0)
(-1.11313 -0.262249 0)
(-1.0423 -0.307895 0)
(-0.969996 -0.36129 0)
(-0.90058 -0.424615 0)
(-0.835772 -0.489951 0)
(-0.769827 -0.524917 0)
(-0.673943 -0.462809 0)
(-0.48899 -0.238484 0)
(-0.226184 0.107368 0)
(-0.0228737 0.36199 0)
(-0.16072 0.762454 0)
(-0.150514 0.66458 0)
(-0.388605 0.633653 0)
(-0.676278 0.575226 0)
(-0.859017 0.46407 0)
(-1.02379 0.344038 0)
(-1.13776 0.223333 0)
(-1.21718 0.113453 0)
(-1.26208 0.0165397 0)
(-1.27782 -0.0663729 0)
(-1.26853 -0.136118 0)
(-1.23919 -0.194663 0)
(-1.19488 -0.245137 0)
(-1.14082 -0.291436 0)
(-1.08252 -0.338079 0)
(-1.0262 -0.389609 0)
(-0.978543 -0.44857 0)
(-0.945268 -0.510369 0)
(-0.926224 -0.552726 0)
(-0.893589 -0.522427 0)
(-0.758864 -0.347914 0)
(-0.440113 -0.0181173 0)
(-0.067202 0.280492 0)
(-0.147487 0.827421 0)
(-0.11379 0.754912 0)
(-0.442076 0.746102 0)
(-0.638225 0.678497 0)
(-0.815539 0.548494 0)
(-0.977746 0.409661 0)
(-1.09676 0.271044 0)
(-1.1831 0.144656 0)
(-1.23612 0.0329338 0)
(-1.26014 -0.0628643 0)
(-1.25932 -0.14324 0)
(-1.23859 -0.209973 0)
(-1.20325 -0.266116 0)
(-1.15885 -0.315452 0)
(-1.1113 -0.362203 0)
(-1.06728 -0.410421 0)
(-1.03425 -0.46237 0)
(-1.01984 -0.515237 0)
(-1.02914 -0.554896 0)
(-1.04696 -0.54604 0)
(-0.999433 -0.438201 0)
(-0.770305 -0.225273 0)
(-0.325364 -0.00952332 0)
(0.0136844 0.000952247 0)
(-0.0393035 0.0226056 0)
(-0.149858 0.0272781 0)
(-0.233258 0.0202177 0)
(-0.287263 0.0122086 0)
(-0.315914 0.00501347 0)
(-0.323135 -0.00010247 0)
(-0.314694 -0.00373323 0)
(-0.297784 -0.00584126 0)
(-0.274486 -0.00737026 0)
(-0.246637 -0.00853081 0)
(-0.215395 -0.00944084 0)
(-0.181627 -0.0101511 0)
(-0.146064 -0.010672 0)
(-0.109489 -0.0109715 0)
(-0.0730477 -0.0109173 0)
(-0.0382176 -0.00999045 0)
(-0.00708852 -0.00646559 0)
(0.00448733 -9.74819e-07 0)
(-0.0189327 0.0103567 0)
(-0.109129 0.0591532 0)
(-0.215879 0.0626751 0)
(-0.285022 0.0435587 0)
(-0.320926 0.0250596 0)
(-0.335256 0.00983078 0)
(-0.334711 -0.0010563 0)
(-0.324907 -0.00853796 0)
(-0.306988 -0.0134661 0)
(-0.283345 -0.016976 0)
(-0.255522 -0.0195524 0)
(-0.224635 -0.0214731 0)
(-0.191529 -0.0228703 0)
(-0.156913 -0.0237778 0)
(-0.121516 -0.0241266 0)
(-0.086301 -0.0236552 0)
(-0.0524758 -0.0214348 0)
(-0.0213263 -0.01458 0)
(-0.00263318 -0.00097959 0)
(-0.057646 0.0499087 0)
(-0.157646 0.100145 0)
(-0.244687 0.0950282 0)
(-0.301133 0.0626996 0)
(-0.329513 0.0340882 0)
(-0.340696 0.0119502 0)
(-0.338829 -0.00371687 0)
(-0.327703 -0.0145162 0)
(-0.309335 -0.0220633 0)
(-0.285785 -0.0274607 0)
(-0.258452 -0.0314006 0)
(-0.228372 -0.034295 0)
(-0.196337 -0.0363546 0)
(-0.163014 -0.0376434 0)
(-0.129066 -0.0380745 0)
(-0.095296 -0.0373074 0)
(-0.0625873 -0.0342852 0)
(-0.031717 -0.0260207 0)
(-0.009495 -0.00813755 0)
(-0.0929524 0.103782 0)
(-0.201951 0.140141 0)
(-0.272703 0.122965 0)
(-0.319485 0.078835 0)
(-0.340967 0.0415602 0)
(-0.348072 0.0133036 0)
(-0.343699 -0.00683307 0)
(-0.330993 -0.0209483 0)
(-0.311938 -0.0309378 0)
(-0.288276 -0.0381131 0)
(-0.261249 -0.0433452 0)
(-0.231787 -0.0471676 0)
(-0.200613 -0.0498654 0)
(-0.16833 -0.0515347 0)
(-0.135508 -0.0520852 0)
(-0.102775 -0.0511406 0)
(-0.0706493 -0.0476097 0)
(-0.0393223 -0.0385087 0)
(-0.0138609 -0.0177801 0)
(-0.129941 0.174342 0)
(-0.251345 0.178881 0)
(-0.305596 0.146189 0)
(-0.342487 0.0913658 0)
(-0.35607 0.0465977 0)
(-0.35806 0.0130845 0)
(-0.350441 -0.0109502 0)
(-0.335764 -0.0279931 0)
(-0.315687 -0.0401502 0)
(-0.291634 -0.0489148 0)
(-0.264659 -0.055304 0)
(-0.235567 -0.0599548 0)
(-0.204988 -0.0632184 0)
(-0.173437 -0.0652263 0)
(-0.141372 -0.065902 0)
(-0.109224 -0.0648822 0)
(-0.0771597 -0.0611489 0)
(-0.0448678 -0.0519041 0)
(-0.016441 -0.0293723 0)
(-0.175014 0.267127 0)
(-0.312045 0.216782 0)
(-0.345067 0.163914 0)
(-0.370167 0.0995934 0)
(-0.374612 0.0486353 0)
(-0.370606 0.010912 0)
(-0.359161 -0.0162942 0)
(-0.342127 -0.0357579 0)
(-0.320708 -0.0497366 0)
(-0.295992 -0.0598538 0)
(-0.268817 -0.0672346 0)
(-0.239844 -0.0725973 0)
(-0.209591 -0.076351 0)
(-0.178469 -0.0786655 0)
(-0.14681 -0.0794977 0)
(-0.114851 -0.0785416 0)
(-0.0824535 -0.0749271 0)
(-0.048959 -0.0660967 0)
(-0.0180595 -0.0423478 0)
(-0.232409 0.384833 0)
(-0.388697 0.253096 0)
(-0.392104 0.174381 0)
(-0.402119 0.102674 0)
(-0.396154 0.0472266 0)
(-0.385397 0.00650823 0)
(-0.369663 -0.0230503 0)
(-0.349939 -0.044381 0)
(-0.326904 -0.0598107 0)
(-0.301282 -0.0710311 0)
(-0.273678 -0.0792342 0)
(-0.24459 -0.0851972 0)
(-0.214413 -0.0893774 0)
(-0.183443 -0.0919853 0)
(-0.151883 -0.0930267 0)
(-0.119791 -0.0922841 0)
(-0.086788 -0.0890657 0)
(-0.0520433 -0.0810205 0)
(-0.0192404 -0.0563564 0)
(-0.32064 0.564135 0)
(-0.477246 0.274782 0)
(-0.447139 0.174315 0)
(-0.437314 0.0992801 0)
(-0.419946 0.0418599 0)
(-0.401906 -0.000380281 0)
(-0.381566 -0.0313566 0)
(-0.358902 -0.0539568 0)
(-0.334031 -0.0704483 0)
(-0.307299 -0.0825155 0)
(-0.279066 -0.0913723 0)
(-0.249658 -0.0978295 0)
(-0.219337 -0.102381 0)
(-0.188281 -0.105279 0)
(-0.156568 -0.106586 0)
(-0.124097 -0.10619 0)
(-0.090312 -0.103585 0)
(-0.0543824 -0.0965785 0)
(-0.0202216 -0.0710777 0)
(-0.126777 0.915018 0)
(-0.0894247 0.884927 0)
(-0.437943 0.900703 0)
(-0.575158 0.816579 0)
(-0.741409 0.672411 0)
(-0.899683 0.511238 0)
(-1.02531 0.348702 0)
(-1.12194 0.198284 0)
(-1.18764 0.0642493 0)
(-1.22479 -0.0511164 0)
(-1.2371 -0.147712 0)
(-1.2293 -0.226924 0)
(-1.20697 -0.291499 0)
(-1.17591 -0.344999 0)
(-1.1421 -0.391239 0)
(-1.11194 -0.433561 0)
(-1.0923 -0.473677 0)
(-1.09064 -0.510078 0)
(-1.11389 -0.535255 0)
(-1.15856 -0.53005 0)
(-1.19125 -0.464922 0)
(-1.15655 -0.327109 0)
(-1.04371 -0.135736 0)
(-0.102146 1.02229 0)
(-0.100159 1.04949 0)
(-0.3508 1.07146 0)
(-0.48248 0.986606 0)
(-0.63585 0.837329 0)
(-0.79475 0.655867 0)
(-0.930267 0.467843 0)
(-1.0416 0.288543 0)
(-1.12486 0.125231 0)
(-1.17991 -0.0173618 0)
(-1.2093 -0.137097 0)
(-1.21733 -0.234119 0)
(-1.20961 -0.310607 0)
(-1.19222 -0.370028 0)
(-1.17108 -0.416164 0)
(-1.15186 -0.452177 0)
(-1.13986 -0.479684 0)
(-1.14012 -0.497879 0)
(-1.15664 -0.50235 0)
(-1.18823 -0.483885 0)
(-1.2223 -0.431977 0)
(-1.23674 -0.346524 0)
(-1.21377 -0.242537 0)
(-0.0840866 1.11983 0)
(-0.104374 1.16575 0)
(-0.236614 1.19783 0)
(-0.396542 1.14788 0)
(-0.533433 1.00148 0)
(-0.694866 0.806744 0)
(-0.838754 0.598904 0)
(-0.962881 0.394744 0)
(-1.06203 0.203838 0)
(-1.13391 0.0337823 0)
(-1.1793 -0.110436 0)
(-1.20175 -0.227011 0)
(-1.20646 -0.317088 0)
(-1.19955 -0.384 0)
(-1.18699 -0.432 0)
(-1.17398 -0.464951 0)
(-1.16475 -0.485383 0)
(-1.16249 -0.493854 0)
(-1.16876 -0.488262 0)
(-1.18148 -0.463503 0)
(-1.19282 -0.413874 0)
(-1.19037 -0.338833 0)
(-1.16351 -0.245642 0)
(-0.0712324 1.20843 0)
(-0.10324 1.24666 0)
(-0.161959 1.2807 0)
(-0.336674 1.2988 0)
(-0.44431 1.16101 0)
(-0.602893 0.959607 0)
(-0.750801 0.738051 0)
(-0.884274 0.513727 0)
(-0.996621 0.297869 0)
(-1.08354 0.100935 0)
(-1.14399 -0.0688035 0)
(-1.18022 -0.206924 0)
(-1.19648 -0.312964 0)
(-1.19856 -0.389727 0)
(-1.19243 -0.441973 0)
(-1.18323 -0.474675 0)
(-1.17478 -0.49167 0)
(-1.16949 -0.495041 0)
(-1.16809 -0.484953 0)
(-1.16872 -0.459942 0)
(-1.1663 -0.418443 0)
(-1.15332 -0.36145 0)
(-1.12241 -0.293755 0)
(-0.061762 1.28935 0)
(-0.100894 1.31609 0)
(-0.129672 1.33928 0)
(-0.31291 1.42889 0)
(-0.373222 1.30601 0)
(-0.520555 1.10852 0)
(-0.667471 0.881316 0)
(-0.806543 0.64229 0)
(-0.928934 0.404793 0)
(-1.02844 0.182431 0)
(-1.10249 -0.0130421 0)
(-1.15175 -0.174306 0)
(-1.17928 -0.298831 0)
(-1.18989 -0.38831 0)
(-1.18932 -0.447613 0)
(-1.18282 -0.48286 0)
(-1.17425 -0.499452 0)
(-1.16587 -0.501072 0)
(-1.15826 -0.489661 0)
(-1.15014 -0.46595 0)
(-1.13826 -0.430492 0)
(-1.11794 -0.385033 0)
(-1.08416 -0.333066 0)
(-0.0542749 1.36383 0)
(-0.0980318 1.38335 0)
(-0.114694 1.40165 0)
(-0.308576 1.52683 0)
(-0.31702 1.42644 0)
(-0.446078 1.24813 0)
(-0.589025 1.02496 0)
(-0.730961 0.777166 0)
(-0.860436 0.521661 0)
(-0.96969 0.275968 0)
(-1.05516 0.0554447 0)
(-1.11623 -0.129709 0)
(-1.15465 -0.274783 0)
(-1.17382 -0.379912 0)
(-1.17877 -0.449371 0)
(-1.17473 -0.490025 0)
(-1.16591 -0.508864 0)
(-1.15484 -0.511283 0)
(-1.1424 -0.50082 0)
(-1.12794 -0.479758 0)
(-1.10954 -0.449954 0)
(-1.08438 -0.413632 0)
(-1.04907 -0.373672 0)
(-0.0473422 1.43238 0)
(-0.0946507 1.45031 0)
(-0.124434 1.48664 0)
(-0.259285 1.57543 0)
(-0.27301 1.52279 0)
(-0.377607 1.37774 0)
(-0.515556 1.16692 0)
(-0.658688 0.91575 0)
(-0.792769 0.645547 0)
(-0.908896 0.378788 0)
(-1.00311 0.134626 0)
(-1.07426 -0.074187 0)
(-1.12278 -0.241017 0)
(-1.15059 -0.364286 0)
(-1.16145 -0.44701 0)
(-1.16025 -0.496021 0)
(-1.15155 -0.519571 0)
(-1.13843 -0.52478 0)
(-1.12233 -0.516723 0)
(-1.10328 -0.498919 0)
(-1.08032 -0.474119 0)
(-1.05192 -0.444906 0)
(-1.01576 -0.413817 0)
(-0.0405749 1.49472 0)
(-0.0902095 1.51306 0)
(-0.130045 1.54564 0)
(-0.184453 1.59725 0)
(-0.249467 1.6051 0)
(-0.318775 1.49725 0)
(-0.448089 1.30542 0)
(-0.590402 1.05579 0)
(-0.72709 0.773687 0)
(-0.847423 0.487948 0)
(-0.947675 0.222092 0)
(-1.02689 -0.00926849 0)
(-1.08429 -0.198079 0)
(-1.12057 -0.341177 0)
(-1.13786 -0.439921 0)
(-1.14026 -0.500226 0)
(-1.13242 -0.530923 0)
(-1.11806 -0.540682 0)
(-1.09933 -0.536123 0)
(-1.07698 -0.521908 0)
(-1.05084 -0.501532 0)
(-1.02027 -0.477918 0)
(-0.983723 -0.453485 0)
(-0.0350118 1.55157 0)
(-0.08518 1.57071 0)
(-0.130498 1.59002 0)
(-0.154411 1.62668 0)
(-0.234031 1.66728 0)
(-0.273217 1.59998 0)
(-0.385314 1.4373 0)
(-0.524903 1.19554 0)
(-0.663416 0.903826 0)
(-0.785935 0.600671 0)
(-0.8898 0.315413 0)
(-0.975082 0.0633179 0)
(-1.04008 -0.146794 0)
(-1.08432 -0.31052 0)
(-1.10845 -0.427398 0)
(-1.11534 -0.501726 0)
(-1.10935 -0.542026 0)
(-1.0947 -0.558061 0)
(-1.0743 -0.557969 0)
(-1.04967 -0.547591 0)
(-1.02132 -0.531162 0)
(-0.989335 -0.511992 0)
(-0.952705 -0.492558 0)
(-0.0312213 1.60458 0)
(-0.080371 1.6247 0)
(-0.128273 1.63665 0)
(-0.153815 1.66684 0)
(-0.213139 1.70374 0)
(-0.242086 1.67621 0)
(-0.325932 1.55918 0)
(-0.459378 1.33462 0)
(-0.600543 1.03477 0)
(-0.724474 0.714589 0)
(-0.829822 0.412441 0)
(-0.919597 0.14198 0)
(-0.991113 -0.0880887 0)
(-1.04265 -0.272451 0)
(-1.07376 -0.408837 0)
(-1.08594 -0.499516 0)
(-1.08287 -0.55183 0)
(-1.06895 -0.575947 0)
(-1.04782 -0.581337 0)
(-1.02176 -0.575091 0)
(-0.991941 -0.562273 0)
(-0.959059 -0.546674 0)
(-0.922551 -0.530996 0)
(-0.0292333 1.65512 0)
(-0.0763176 1.67617 0)
(-0.12571 1.68368 0)
(-0.159191 1.70155 0)
(-0.193165 1.7302 0)
(-0.224992 1.72717 0)
(-0.274853 1.66246 0)
(-0.391736 1.476 0)
(-0.534014 1.16706 0)
(-0.661939 0.828465 0)
(-0.7673 0.511949 0)
(-0.860903 0.22569 0)
(-0.938302 -0.0227553 0)
(-0.996503 -0.227273 0)
(-1.03446 -0.383879 0)
(-1.05247 -0.492702 0)
(-1.05327 -0.559266 0)
(-1.04112 -0.593349 0)
(-1.02017 -0.605372 0)
(-0.993418 -0.603689 0)
(-0.962724 -0.594312 0)
(-0.929336 -0.581645 0)
(-0.893088 -0.568779 0)
(-0.0285382 1.70422 0)
(-0.073391 1.72605 0)
(-0.123274 1.72959 0)
(-0.160522 1.73622 0)
(-0.187646 1.75224 0)
(-0.216105 1.75901 0)
(-0.243273 1.73296 0)
(-0.319704 1.60698 0)
(-0.455541 1.30577 0)
(-0.595713 0.943399 0)
(-0.701328 0.614442 0)
(-0.799372 0.31436 0)
(-0.882527 0.0487201 0)
(-0.946992 -0.175375 0)
(-0.991385 -0.352471 0)
(-1.01539 -0.480657 0)
(-1.02078 -0.563379 0)
(-1.01131 -0.609313 0)
(-0.991381 -0.629272 0)
(-0.964629 -0.63276 0)
(-0.933553 -0.626842 0)
(-0.899956 -0.616677 0)
(-0.864066 -0.605905 0)
(-0.0283254 1.75249 0)
(-0.0710362 1.77463 0)
(-0.119625 1.77412 0)
(-0.158084 1.77348 0)
(-0.186644 1.77414 0)
(-0.209245 1.77535 0)
(-0.226846 1.76282 0)
(-0.258304 1.69655 0)
(-0.365994 1.45256 0)
(-0.5248 1.06329 0)
(-0.632401 0.722128 0)
(-0.736184 0.408661 0)
(-0.825084 0.126093 0)
(-0.895293 -0.117285 0)
(-0.945481 -0.314881 0)
(-0.975274 -0.46313 0)
(-0.985588 -0.563476 0)
(-0.979495 -0.623008 0)
(-0.961337 -0.652306 0)
(-0.935194 -0.66175 0)
(-0.90417 -0.659498 0)
(-0.870614 -0.651594 0)
(-0.835163 -0.642375 0)
(-0.0279219 1.79972 0)
(-0.0683028 1.82121 0)
(-0.113463 1.81682 0)
(-0.151469 1.80968 0)
(-0.179775 1.80078 0)
(-0.200127 1.7895 0)
(-0.214694 1.77567 0)
(-0.227505 1.74062 0)
(-0.284644 1.59505 0)
(-0.452362 1.19024 0)
(-0.5644 0.837134 0)
(-0.674101 0.508695 0)
(-0.767896 0.208666 0)
(-0.84274 -0.0538787 0)
(-0.897768 -0.271753 0)
(-0.932763 -0.440286 0)
(-0.947957 -0.559219 0)
(-0.945649 -0.633818 0)
(-0.929833 -0.67385 0)
(-0.904827 -0.690171 0)
(-0.874237 -0.691962 0)
(-0.840944 -0.686241 0)
(-0.806016 -0.678184 0)
(-0.0270102 1.84509 0)
(-0.0645576 1.86466 0)
(-0.105144 1.85646 0)
(-0.140027 1.84309 0)
(-0.167604 1.82743 0)
(-0.187253 1.80893 0)
(-0.201249 1.78757 0)
(-0.209943 1.76419 0)
(-0.236834 1.6935 0)
(-0.381399 1.32129 0)
(-0.504693 0.956899 0)
(-0.616462 0.612266 0)
(-0.712604 0.294706 0)
(-0.790354 0.0134478 0)
(-0.849096 -0.224052 0)
(-0.888433 -0.412616 0)
(-0.908158 -0.550584 0)
(-0.909753 -0.641358 0)
(-0.896659 -0.693413 0)
(-0.873209 -0.717596 0)
(-0.843386 -0.723939 0)
(-0.810563 -0.720468 0)
(-0.776248 -0.713307 0)
(-0.0255928 1.88782 0)
(-0.0599837 1.9041 0)
(-0.0956585 1.89181 0)
(-0.126277 1.87308 0)
(-0.151567 1.85129 0)
(-0.171136 1.82815 0)
(-0.185382 1.80356 0)
(-0.195045 1.77821 0)
(-0.206088 1.74827 0)
(-0.314372 1.45444 0)
(-0.454246 1.0768 0)
(-0.563133 0.716051 0)
(-0.658866 0.382311 0)
(-0.738254 0.0833706 0)
(-0.799818 -0.172755 0)
(-0.84269 -0.38075 0)
(-0.866454 -0.537786 0)
(-0.871839 -0.645475 0)
(-0.861652 -0.710655 0)
(-0.840054 -0.743682 0)
(-0.811271 -0.75517 0)
(-0.77911 -0.754122 0)
(-0.745506 -0.747689 0)
(-0.0238397 1.92743 0)
(-0.0549503 1.93924 0)
(-0.0861171 1.92265 0)
(-0.112398 1.89933 0)
(-0.134834 1.87281 0)
(-0.153433 1.84548 0)
(-0.168131 1.81925 0)
(-0.178988 1.79209 0)
(-0.185336 1.76835 0)
(-0.245349 1.60738 0)
(-0.402856 1.19806 0)
(-0.509009 0.82088 0)
(-0.605047 0.470979 0)
(-0.686202 0.155246 0)
(-0.750048 -0.118575 0)
(-0.795869 -0.345298 0)
(-0.823118 -0.521206 0)
(-0.832005 -0.646239 0)
(-0.82472 -0.725423 0)
(-0.805135 -0.768197 0)
(-0.777595 -0.785444 0)
(-0.746265 -0.787058 0)
(-0.713484 -0.781256 0)
(-0.0219131 1.96368 0)
(-0.0497862 1.97034 0)
(-0.077037 1.9493 0)
(-0.0996369 1.92219 0)
(-0.119265 1.89208 0)
(-0.136294 1.8617 0)
(-0.150935 1.83346 0)
(-0.162404 1.80671 0)
(-0.1693 1.78325 0)
(-0.192331 1.72108 0)
(-0.339047 1.32289 0)
(-0.455537 0.92764 0)
(-0.552154 0.560577 0)
(-0.634449 0.228625 0)
(-0.700082 -0.0621314 0)
(-0.74831 -0.306868 0)
(-0.778469 -0.501321 0)
(-0.79042 -0.643888 0)
(-0.785855 -0.737723 0)
(-0.768303 -0.79102 0)
(-0.742126 -0.814612 0)
(-0.711764 -0.819147 0)
(-0.679931 -0.81391 0)
(-0.0199098 1.99654 0)
(-0.0447483 1.99785 0)
(-0.0686189 1.97238 0)
(-0.0882271 1.94205 0)
(-0.105483 1.90939 0)
(-0.120833 1.87677 0)
(-0.134784 1.84667 0)
(-0.146388 1.81989 0)
(-0.154751 1.79334 0)
(-0.16218 1.7664 0)
(-0.266605 1.4547 0)
(-0.407476 1.03483 0)
(-0.500965 0.650026 0)
(-0.582893 0.30313 0)
(-0.650021 -0.00385198 0)
(-0.700281 -0.265986 0)
(-0.732804 -0.478637 0)
(-0.747304 -0.638774 0)
(-0.745131 -0.747696 0)
(-0.729493 -0.812129 0)
(-0.704707 -0.84257 0)
(-0.67541 -0.850264 0)
(-0.644653 -0.845535 0)
(-0.0178897 2.02606 0)
(-0.0399678 2.02221 0)
(-0.0609818 1.99256 0)
(-0.0781051 1.95941 0)
(-0.0934177 1.92487 0)
(-0.107261 1.8907 0)
(-0.1202 1.85909 0)
(-0.131648 1.83154 0)
(-0.140694 1.80511 0)
(-0.144852 1.78346 0)
(-0.19837 1.61806 0)
(-0.35744 1.14345 0)
(-0.447207 0.741448 0)
(-0.530759 0.379418 0)
(-0.600041 0.0563019 0)
(-0.652146 -0.223007 0)
(-0.686487 -0.453683 0)
(-0.702932 -0.631381 0)
(-0.702682 -0.755635 0)
(-0.688707 -0.831621 0)
(-0.66525 -0.869279 0)
(-0.637074 -0.880303 0)
(-0.607515 -0.876001 0)
(-0.0158989 2.05237 0)
(-0.035489 2.04382 0)
(-0.0541135 2.01035 0)
(-0.0691897 1.97475 0)
(-0.0828653 1.93872 0)
(-0.0953927 1.9035 0)
(-0.107246 1.87078 0)
(-0.118239 1.84229 0)
(-0.127307 1.81703 0)
(-0.132441 1.79441 0)
(-0.151565 1.73027 0)
(-0.293246 1.25465 0)
(-0.393375 0.837995 0)
(-0.480412 0.458053 0)
(-0.551368 0.118058 0)
(-0.604541 -0.17857 0)
(-0.639985 -0.427184 0)
(-0.657604 -0.622357 0)
(-0.658658 -0.761993 0)
(-0.645977 -0.849714 0)
(-0.62371 -0.894773 0)
(-0.596677 -0.909182 0)
(-0.568435 -0.905174 0)
(-0.0139905 2.07565 0)
(-0.0313492 2.06298 0)
(-0.0479665 2.02614 0)
(-0.0613652 1.98842 0)
(-0.0736535 1.95118 0)
(-0.0850436 1.91519 0)
(-0.0958621 1.88165 0)
(-0.106178 1.85222 0)
(-0.114908 1.82715 0)
(-0.121433 1.80179 0)
(-0.125332 1.77757 0)
(-0.225149 1.3731 0)
(-0.350593 0.937088 0)
(-0.436054 0.536858 0)
(-0.505178 0.179847 0)
(-0.557853 -0.13384 0)
(-0.593552 -0.400058 0)
(-0.611506 -0.612454 0)
(-0.613159 -0.767314 0)
(-0.601324 -0.866704 0)
(-0.58006 -0.91913 0)
(-0.554179 -0.936833 0)
(-0.527378 -0.932907 0)
(-0.0122182 2.09612 0)
(-0.0275973 2.08002 0)
(-0.04252 2.04025 0)
(-0.0545491 2.00072 0)
(-0.0656649 1.96245 0)
(-0.0760865 1.92587 0)
(-0.0859917 1.89173 0)
(-0.0955194 1.86143 0)
(-0.103941 1.8359 0)
(-0.110842 1.81127 0)
(-0.11296 1.79327 0)
(-0.181833 1.49981 0)
(-0.321665 1.03028 0)
(-0.395494 0.610606 0)
(-0.459498 0.239988 0)
(-0.511536 -0.0892929 0)
(-0.547024 -0.372915 0)
(-0.564655 -0.602339 0)
(-0.566221 -0.772154 0)
(-0.554751 -0.882928 0)
(-0.534286 -0.942457 0)
(-0.509572 -0.963192 0)
(-0.484358 -0.959039 0)
(-0.0106233 2.11408 0)
(-0.0242767 2.09523 0)
(-0.0377699 2.05296 0)
(-0.0486848 2.01186 0)
(-0.0588239 1.97273 0)
(-0.0684129 1.93566 0)
(-0.0775422 1.90104 0)
(-0.086293 1.87002 0)
(-0.0942792 1.8439 0)
(-0.10095 1.82096 0)
(-0.103554 1.80244 0)
(-0.140062 1.66082 0)
(-0.284945 1.11682 0)
(-0.34821 0.681713 0)
(-0.412172 0.299347 0)
(-0.465408 -0.0447313 0)
(-0.500649 -0.346098 0)
(-0.517213 -0.592708 0)
(-0.517907 -0.777142 0)
(-0.506269 -0.898765 0)
(-0.486385 -0.964868 0)
(-0.462874 -0.988182 0)
(-0.439431 -0.983379 0)
(-0.00922973 2.12982 0)
(-0.0214168 2.10888 0)
(-0.0337159 2.0645 0)
(-0.0437354 2.02207 0)
(-0.0530847 1.98219 0)
(-0.0619713 1.94467 0)
(-0.0704574 1.90966 0)
(-0.0785067 1.87799 0)
(-0.0859199 1.85117 0)
(-0.0920431 1.82882 0)
(-0.0954558 1.80768 0)
(-0.106956 1.75176 0)
(-0.224063 1.20035 0)
(-0.298187 0.756059 0)
(-0.367509 0.360937 0)
(-0.42107 -0.00012054 0)
(-0.455325 -0.320733 0)
(-0.469419 -0.584673 0)
(-0.46822 -0.783067 0)
(-0.455834 -0.914621 0)
(-0.436345 -0.986447 0)
(-0.414128 -1.01167 0)
(-0.392695 -1.00569 0)
(-0.0080454 2.14367 0)
(-0.0190224 2.12122 0)
(-0.0303362 2.07511 0)
(-0.0396488 2.03153 0)
(-0.0483856 1.991 0)
(-0.0567109 1.95308 0)
(-0.0647026 1.91768 0)
(-0.0721847 1.88538 0)
(-0.0790151 1.85763 0)
(-0.0845232 1.83489 0)
(-0.0887103 1.81191 0)
(-0.0905802 1.78962 0)
(-0.165163 1.28956 0)
(-0.26087 0.836307 0)
(-0.333492 0.424532 0)
(-0.379862 0.0423125 0)
(-0.410859 -0.299118 0)
(-0.420871 -0.579633 0)
(-0.416829 -0.790701 0)
(-0.40327 -0.930805 0)
(-0.384124 -1.00717 0)
(-0.363406 -1.03343 0)
(-0.3443 -1.02568 0)
(-0.00706971 2.15595 0)
(-0.0170715 2.13249 0)
(-0.0275774 2.08496 0)
(-0.0363417 2.0404 0)
(-0.0446238 1.99931 0)
(-0.0525364 1.96102 0)
(-0.0601694 1.92522 0)
(-0.0672653 1.89229 0)
(-0.0735812 1.86349 0)
(-0.078547 1.83993 0)
(-0.0827825 1.81739 0)
(-0.0828613 1.80443 0)
(-0.133033 1.38503 0)
(-0.241101 0.909624 0)
(-0.302315 0.481397 0)
(-0.338911 0.0821138 0)
(-0.364717 -0.282072 0)
(-0.370234 -0.578228 0)
(-0.363148 -0.800415 0)
(-0.348325 -0.947406 0)
(-0.329696 -1.02685 0)
(-0.310838 -1.05314 0)
(-0.294476 -1.04295 0)
(-0.0062954 2.16697 0)
(-0.0155012 2.1429 0)
(-0.0253338 2.09421 0)
(-0.0336729 2.04883 0)
(-0.0416319 2.00726 0)
(-0.0492763 1.96865 0)
(-0.0566889 1.93245 0)
(-0.0635669 1.89884 0)
(-0.0695072 1.86893 0)
(-0.0739403 1.84431 0)
(-0.0775994 1.82296 0)
(-0.0778383 1.81025 0)
(-0.118125 1.48206 0)
(-0.226247 0.971956 0)
(-0.268276 0.524246 0)
(-0.298086 0.111429 0)
(-0.316709 -0.270325 0)
(-0.317424 -0.5806 0)
(-0.307013 -0.812354 0)
(-0.290919 -0.964347 0)
(-0.27313 -1.04519 0)
(-0.256637 -1.07034 0)
(-0.243542 -1.05708 0)
(-0.00569801 2.17697 0)
(-0.0141837 2.15258 0)
(-0.0234158 2.10297 0)
(-0.0313996 2.05693 0)
(-0.03912 2.01498 0)
(-0.0466069 1.97612 0)
(-0.0539322 1.93955 0)
(-0.0607689 1.9052 0)
(-0.0665208 1.87403 0)
(-0.0704037 1.84795 0)
(-0.0732046 1.82646 0)
(-0.0731147 1.81092 0)
(-0.0957665 1.60632 0)
(-0.199888 1.02231 0)
(-0.230311 0.559453 0)
(-0.256739 0.133866 0)
(-0.26817 -0.263867 0)
(-0.262838 -0.587394 0)
(-0.248353 -0.826844 0)
(-0.231008 -0.981476 0)
(-0.214565 -1.06171 0)
(-0.201106 -1.08448 0)
(-0.191902 -1.06754 0)
(-0.00519579 2.18611 0)
(-0.0128966 2.16157 0)
(-0.0215298 2.11128 0)
(-0.0291503 2.06476 0)
(-0.0366347 2.02255 0)
(-0.0439897 1.98352 0)
(-0.0512816 1.94664 0)
(-0.0582084 1.91155 0)
(-0.0639764 1.87893 0)
(-0.0673834 1.85071 0)
(-0.0693652 1.82721 0)
(-0.0678945 1.80723 0)
(-0.0698301 1.69075 0)
(-0.15811 1.06566 0)
(-0.188623 0.591632 0)
(-0.215582 0.149954 0)
(-0.219014 -0.26463 0)
(-0.205577 -0.599959 0)
(-0.186522 -0.844241 0)
(-0.168374 -0.998399 0)
(-0.154153 -1.07568 0)
(-0.144629 -1.09479 0)
(-0.140042 -1.07374 0)
(-0.00455032 2.19433 0)
(-0.0112861 2.16983 0)
(-0.0192758 2.11908 0)
(-0.0264201 2.07225 0)
(-0.0335538 2.02991 0)
(-0.0406592 1.99083 0)
(-0.0478071 1.95375 0)
(-0.0547663 1.91799 0)
(-0.0606596 1.88384 0)
(-0.0637706 1.85283 0)
(-0.0648588 1.82549 0)
(-0.0624361 1.79943 0)
(-0.051906 1.73567 0)
(-0.121997 1.11262 0)
(-0.146126 0.624422 0)
(-0.174402 0.157275 0)
(-0.165834 -0.275047 0)
(-0.14342 -0.619159 0)
(-0.120361 -0.864158 0)
(-0.102725 -1.01412 0)
(-0.0921348 -1.08599 0)
(-0.0877213 -1.10032 0)
(-0.0885664 -1.075 0)
(-0.00324442 2.2012 0)
(-0.00885378 2.17726 0)
(-0.0161982 2.12622 0)
(-0.0226145 2.07924 0)
(-0.0291399 2.03686 0)
(-0.0356954 1.99783 0)
(-0.0423679 1.96069 0)
(-0.0490303 1.92442 0)
(-0.0548806 1.88876 0)
(-0.0578945 1.8546 0)
(-0.0577376 1.82226 0)
(-0.0561747 1.78715 0)
(-0.0458137 1.75306 0)
(-0.0724265 1.15577 0)
(-0.10256 0.66635 0)
(-0.123413 0.156529 0)
(-0.102933 -0.294097 0)
(-0.0737021 -0.643917 0)
(-0.0489629 -0.88492 0)
(-0.0341334 -1.02685 0)
(-0.0290596 -1.09112 0)
(-0.0311184 -1.09999 0)
(-0.0382449 -1.07064 0)
(-0.000693692 2.20574 0)
(-0.00512753 2.1838 0)
(-0.0118675 2.13246 0)
(-0.0171542 2.08541 0)
(-0.0226732 2.04304 0)
(-0.0281968 2.0041 0)
(-0.0338389 1.96702 0)
(-0.0396145 1.93042 0)
(-0.0449495 1.89348 0)
(-0.0478434 1.85623 0)
(-0.046587 1.81886 0)
(-0.0454204 1.77786 0)
(-0.0390309 1.75172 0)
(-0.0299196 1.18378 0)
(-0.0662318 0.680935 0)
(-0.0645815 0.143102 0)
(-0.0310459 -0.322192 0)
(0.00361289 -0.672491 0)
(0.02725 -0.90408 0)
(0.0365633 -1.03431 0)
(0.0340438 -1.08938 0)
(0.0241158 -1.09265 0)
(0.00993462 -1.05999 0)
(0.00274004 2.20585 0)
(-0.000223941 2.19002 0)
(-0.00587414 2.13747 0)
(-0.00963366 2.09033 0)
(-0.0136567 2.04794 0)
(-0.0175181 2.00904 0)
(-0.0213692 1.97208 0)
(-0.0254384 1.93542 0)
(-0.0295719 1.89764 0)
(-0.0321248 1.85784 0)
(-0.030438 1.8159 0)
(-0.0287763 1.77194 0)
(-0.0243874 1.73965 0)
(0.00278941 1.19995 0)
(-0.0314785 0.676534 0)
(-0.000492815 0.112684 0)
(0.0490164 -0.360196 0)
(0.0878121 -0.702888 0)
(0.107209 -0.918739 0)
(0.107883 -1.03396 0)
(0.0956272 -1.07898 0)
(0.0765895 -1.07725 0)
(0.0547363 -1.04254 0)
(0.00590887 2.20128 0)
(0.00531109 2.19461 0)
(0.00178783 2.14084 0)
(-7.98968e-05 2.09353 0)
(-0.00202555 2.05096 0)
(-0.00345587 2.01185 0)
(-0.00454806 1.9749 0)
(-0.00581786 1.93845 0)
(-0.00770275 1.90053 0)
(-0.00938585 1.85912 0)
(-0.00763604 1.81312 0)
(-0.00532504 1.76339 0)
(-7.98838e-05 1.71666 0)
(0.0541442 1.2311 0)
(0.0313424 0.648467 0)
(0.083094 0.0640105 0)
(0.142347 -0.406104 0)
(0.179989 -0.731043 0)
(0.18996 -0.924916 0)
(0.178204 -1.02291 0)
(0.153981 -1.05818 0)
(0.124717 -1.05285 0)
(0.0947537 -1.01791 0)
(0.00772069 2.1925 0)
(0.010961 2.19585 0)
(0.0103369 2.14183 0)
(0.0108422 2.09425 0)
(0.0116511 2.05099 0)
(0.0135421 2.011 0)
(0.0163393 1.97353 0)
(0.0192646 1.93723 0)
(0.0212137 1.8999 0)
(0.0220634 1.85841 0)
(0.0245995 1.80934 0)
(0.028076 1.74962 0)
(0.0342317 1.67496 0)
(0.128253 1.25162 0)
(0.153192 0.596404 0)
(0.19865 0.00431848 0)
(0.253237 -0.452118 0)
(0.27976 -0.749534 0)
(0.273369 -0.917243 0)
(0.245093 -0.997982 0)
(0.206868 -1.02535 0)
(0.166553 -1.01875 0)
(0.128326 -0.985954 0)
(0.00766375 2.18025 0)
(0.0160183 2.19279 0)
(0.0179734 2.13911 0)
(0.0215558 2.09093 0)
(0.0259801 2.04607 0)
(0.0322683 2.00433 0)
(0.0402313 1.96586 0)
(0.0489944 1.92972 0)
(0.0571862 1.89371 0)
(0.0638004 1.85397 0)
(0.0702598 1.80405 0)
(0.0811457 1.73074 0)
(0.0870315 1.59902 0)
(0.204401 1.22113 0)
(0.312498 0.537867 0)
(0.344081 -0.05845 0)
(0.378693 -0.487279 0)
(0.382633 -0.749297 0)
(0.352979 -0.889932 0)
(0.304786 -0.956187 0)
(0.251187 -0.979239 0)
(0.199533 -0.97462 0)
(0.153339 -0.946849 0)
(0.00434551 2.16367 0)
(0.0180389 2.18618 0)
(0.0220933 2.13136 0)
(0.0308697 2.0831 0)
(0.0410745 2.03723 0)
(0.0538154 1.99483 0)
(0.0687408 1.95621 0)
(0.0850891 1.92056 0)
(0.102235 1.88581 0)
(0.11962 1.8479 0)
(0.137522 1.79718 0)
(0.171592 1.70584 0)
(0.204108 1.48333 0)
(0.306708 1.10298 0)
(0.466508 0.473217 0)
(0.513178 -0.11299 0)
(0.513862 -0.498028 0)
(0.48134 -0.720507 0)
(0.422422 -0.83763 0)
(0.35206 -0.895228 0)
(0.282649 -0.919233 0)
(0.220138 -0.920653 0)
(0.166986 -0.901242 0)
(-0.00196475 2.15344 0)
(0.0210566 2.17393 0)
(0.0225134 2.12153 0)
(0.0465257 2.07597 0)
(0.068748 2.02902 0)
(0.0915125 1.98422 0)
(0.115884 1.94368 0)
(0.142829 1.90627 0)
(0.173114 1.86941 0)
(0.208334 1.82949 0)
(0.256175 1.78227 0)
(0.375159 1.67159 0)
(0.474236 1.39431 0)
(0.557511 0.988986 0)
(0.682735 0.410185 0)
(0.707414 -0.130902 0)
(0.647191 -0.46348 0)
(0.564985 -0.654136 0)
(0.472853 -0.757275 0)
(0.379607 -0.81462 0)
(0.295139 -0.84597 0)
(0.223482 -0.858028 0)
(0.165582 -0.850645 0)
(-0.0086734 2.12198 0)
(0.0617491 2.18215 0)
(0.0442323 2.09765 0)
(0.102096 2.05437 0)
(0.155093 2.00251 0)
(0.206016 1.95459 0)
(0.256421 1.90864 0)
(0.312542 1.86413 0)
(0.38025 1.81627 0)
(0.463007 1.75459 0)
(0.567571 1.65917 0)
(0.726525 1.51651 0)
(0.831642 1.30315 0)
(0.925669 0.894119 0)
(0.965589 0.375978 0)
(0.878814 -0.0710914 0)
(0.741431 -0.36535 0)
(0.612554 -0.547873 0)
(0.491407 -0.650528 0)
(0.376805 -0.717099 0)
(0.27986 -0.762718 0)
(0.203193 -0.79065 0)
(0.145098 -0.799367 0)
(0.00399205 2.06818 0)
(0.223279 2.28418 0)
(0.214079 2.04936 0)
(0.280446 1.97728 0)
(0.387335 1.92159 0)
(0.483295 1.87529 0)
(0.57263 1.82647 0)
(0.668289 1.77137 0)
(0.78061 1.70587 0)
(0.910626 1.62228 0)
(1.0504 1.51187 0)
(1.20429 1.37354 0)
(1.28557 1.19912 0)
(1.28727 0.872647 0)
(1.14949 0.475599 0)
(0.948242 0.105131 0)
(0.756437 -0.19057 0)
(0.596332 -0.397555 0)
(0.455191 -0.514415 0)
(0.324046 -0.603318 0)
(0.222825 -0.674014 0)
(0.151377 -0.725325 0)
(0.102608 -0.754723 0)
(0.188237 1.36429 0)
(0.799513 2.06263 0)
(0.95686 1.96508 0)
(0.940338 1.86161 0)
(0.979521 1.80743 0)
(1.03718 1.76257 0)
(1.10687 1.70184 0)
(1.20245 1.61995 0)
(1.33371 1.51979 0)
(1.49281 1.42332 0)
(1.64998 1.35036 0)
(1.75554 1.31293 0)
(1.71182 1.27453 0)
(1.50139 1.09609 0)
(1.20931 0.761742 0)
(0.93335 0.385497 0)
(0.705541 0.040387 0)
(0.43645 -0.198267 0)
(0.279548 -0.323986 0)
(0.166549 -0.469842 0)
(0.0984979 -0.586608 0)
(0.0600258 -0.66755 0)
(0.0375869 -0.71712 0)
(-0.963314 0.0442996 0)
(-0.972393 0.139965 0)
(-1.02658 0.264683 0)
(-1.0257 0.405407 0)
(-1.17308 -0.161978 0)
(-1.13701 -0.104994 0)
(-1.09492 -0.0337703 0)
(-1.03373 0.0544761 0)
(-1.12904 -0.171206 0)
(-1.09988 -0.123588 0)
(-1.06198 -0.077579 0)
(-1.01173 -0.0361261 0)
(-1.08666 -0.240177 0)
(-1.0576 -0.204635 0)
(-1.02357 -0.168517 0)
(-0.984257 -0.134609 0)
(-1.04979 -0.292358 0)
(-1.02335 -0.265707 0)
(-0.993507 -0.238654 0)
(-0.960483 -0.21289 0)
(-1.01608 -0.342908 0)
(-0.991675 -0.322495 0)
(-0.964923 -0.301277 0)
(-0.936113 -0.280498 0)
(-0.984024 -0.390242 0)
(-0.961223 -0.37432 0)
(-0.936776 -0.357304 0)
(-0.910912 -0.340138 0)
(-0.953071 -0.435238 0)
(-0.931523 -0.422627 0)
(-0.908797 -0.408735 0)
(-0.885063 -0.394312 0)
(-0.922996 -0.478282 0)
(-0.902457 -0.468156 0)
(-0.881063 -0.456667 0)
(-0.858938 -0.444422 0)
(-0.893674 -0.519694 0)
(-0.873973 -0.511459 0)
(-0.853652 -0.501861 0)
(-0.832796 -0.491392 0)
(-0.864952 -0.559694 0)
(-0.845971 -0.552908 0)
(-0.826544 -0.544826 0)
(-0.806731 -0.535834 0)
(-0.836597 -0.598447 0)
(-0.818252 -0.592764 0)
(-0.7996 -0.585906 0)
(-0.780675 -0.578163 0)
(-0.808306 -0.636071 0)
(-0.790539 -0.631209 0)
(-0.772579 -0.625337 0)
(-0.754441 -0.618656 0)
(-0.779734 -0.672646 0)
(-0.76251 -0.668367 0)
(-0.745191 -0.663275 0)
(-0.727775 -0.657498 0)
(-0.750532 -0.708208 0)
(-0.733837 -0.704307 0)
(-0.717134 -0.699813 0)
(-0.700406 -0.694793 0)
(-0.720379 -0.742746 0)
(-0.70422 -0.73904 0)
(-0.688129 -0.734979 0)
(-0.672083 -0.730584 0)
(-0.689 -0.776213 0)
(-0.673399 -0.772535 0)
(-0.657941 -0.76875 0)
(-0.642592 -0.764852 0)
(-0.656168 -0.808536 0)
(-0.641166 -0.804725 0)
(-0.626378 -0.801065 0)
(-0.61176 -0.79754 0)
(-0.621701 -0.839613 0)
(-0.607354 -0.835511 0)
(-0.593295 -0.831825 0)
(-0.579461 -0.828552 0)
(-0.585472 -0.869313 0)
(-0.571853 -0.864765 0)
(-0.558592 -0.860901 0)
(-0.545612 -0.85776 0)
(-0.547413 -0.897477 0)
(-0.534601 -0.892323 0)
(-0.522223 -0.888133 0)
(-0.510181 -0.885007 0)
(-0.507511 -0.923926 0)
(-0.495596 -0.917997 0)
(-0.484194 -0.913331 0)
(-0.473185 -0.91011 0)
(-0.465802 -0.948458 0)
(-0.454884 -0.941571 0)
(-0.444564 -0.936281 0)
(-0.434693 -0.93286 0)
(-0.422369 -0.970853 0)
(-0.412565 -0.962812 0)
(-0.403446 -0.956745 0)
(-0.394825 -0.953033 0)
(-0.37734 -0.990853 0)
(-0.368785 -0.981456 0)
(-0.360999 -0.974469 0)
(-0.35375 -0.970389 0)
(-0.330903 -1.00814 0)
(-0.323752 -0.997196 0)
(-0.317444 -0.989166 0)
(-0.311696 -0.984672 0)
(-0.283332 -1.02236 0)
(-0.277754 -1.00969 0)
(-0.273074 -1.00053 0)
(-0.268957 -0.995613 0)
(-0.234981 -1.03312 0)
(-0.231153 -1.0186 0)
(-0.228254 -1.00826 0)
(-0.225891 -1.00296 0)
(-0.186269 -1.04003 0)
(-0.184378 -1.02359 0)
(-0.183408 -1.01208 0)
(-0.182913 -1.00649 0)
(-0.137706 -1.04262 0)
(-0.137939 -1.0243 0)
(-0.139033 -1.01173 0)
(-0.140502 -1.00601 0)
(-0.0899194 -1.04044 0)
(-0.0924484 -1.02039 0)
(-0.0957193 -1.00697 0)
(-0.0992206 -1.00136 0)
(-0.0436638 -1.03305 0)
(-0.0486292 -1.01159 0)
(-0.0541541 -0.997646 0)
(-0.0597122 -0.992473 0)
(0.000168138 -1.02011 0)
(-0.00731545 -0.997693 0)
(-0.0151179 -0.98368 0)
(-0.0227021 -0.979355 0)
(0.0404418 -1.00142 0)
(0.0304496 -0.978684 0)
(0.0204539 -0.965156 0)
(0.0109576 -0.962146 0)
(0.075854 -0.976981 0)
(0.0634436 -0.954771 0)
(0.0514303 -0.942428 0)
(0.0402427 -0.941253 0)
(0.104928 -0.946951 0)
(0.090309 -0.926306 0)
(0.0765589 -0.915982 0)
(0.0639941 -0.917222 0)
(0.125862 -0.91187 0)
(0.109419 -0.893983 0)
(0.0943781 -0.886599 0)
(0.0808966 -0.890848 0)
(0.136393 -0.872706 0)
(0.118814 -0.858916 0)
(0.103205 -0.855434 0)
(0.0895119 -0.863232 0)
(0.133717 -0.831129 0)
(0.116229 -0.822816 0)
(0.101279 -0.824173 0)
(0.0884913 -0.835974 0)
(0.115087 -0.791095 0)
(0.099582 -0.789449 0)
(0.0870106 -0.796381 0)
(0.0765789 -0.812468 0)
(0.0794506 -0.759886 0)
(0.0682203 -0.765565 0)
(0.0597111 -0.778042 0)
(0.052898 -0.797736 0)
(0.0282812 -0.734845 0)
(0.0243968 -0.746982 0)
(0.0219111 -0.763334 0)
(0.0200067 -0.784337 0)
(-0.809085 0.499893 0)
(-0.639648 0.252841 0)
(-0.542007 0.152711 0)
(-0.494272 0.0819335 0)
(-0.458676 0.0266629 0)
(-0.429108 -0.0152712 0)
(-0.40144 -0.0469117 0)
(-0.374006 -0.0705186 0)
(-0.346057 -0.0880319 0)
(-0.317357 -0.101005 0)
(-0.287887 -0.110614 0)
(-0.257703 -0.117683 0)
(-0.226855 -0.122745 0)
(-0.195342 -0.126113 0)
(-0.16306 -0.12795 0)
(-0.129699 -0.128317 0)
(-0.0945265 -0.127032 0)
(-0.0569116 -0.122097 0)
(-0.0212049 -0.0948469 0)
(-0.889339 0.158446 0)
(-0.726653 0.13163 0)
(-0.628726 0.0819524 0)
(-0.559197 0.0332823 0)
(-0.506952 -0.0103005 0)
(-0.464887 -0.0465248 0)
(-0.42829 -0.075534 0)
(-0.394568 -0.0981102 0)
(-0.362257 -0.115383 0)
(-0.330549 -0.128489 0)
(-0.298993 -0.138404 0)
(-0.267312 -0.145875 0)
(-0.235297 -0.151436 0)
(-0.202728 -0.155456 0)
(-0.169318 -0.158216 0)
(-0.134602 -0.159986 0)
(-0.0978141 -0.160944 0)
(-0.058523 -0.15899 0)
(-0.0215073 -0.12823 0)
(-0.909587 0.0102561 0)
(-0.777831 0.0188904 0)
(-0.682172 0.00167034 0)
(-0.606343 -0.0267195 0)
(-0.545538 -0.0574925 0)
(-0.495267 -0.0859835 0)
(-0.451907 -0.110354 0)
(-0.412953 -0.130224 0)
(-0.376727 -0.145977 0)
(-0.342126 -0.158296 0)
(-0.308416 -0.167891 0)
(-0.27508 -0.175376 0)
(-0.241709 -0.181238 0)
(-0.207927 -0.185863 0)
(-0.173326 -0.189604 0)
(-0.137389 -0.192874 0)
(-0.0994069 -0.196057 0)
(-0.0590866 -0.196715 0)
(-0.0214167 -0.162077 0)
(-0.908788 -0.0930165 0)
(-0.80388 -0.0732787 0)
(-0.714128 -0.0755462 0)
(-0.637799 -0.0902371 0)
(-0.573401 -0.110193 0)
(-0.518521 -0.130841 0)
(-0.470706 -0.149776 0)
(-0.427912 -0.166012 0)
(-0.388561 -0.179415 0)
(-0.351481 -0.190284 0)
(-0.31581 -0.199075 0)
(-0.28089 -0.206248 0)
(-0.246192 -0.212214 0)
(-0.211243 -0.217341 0)
(-0.17558 -0.222011 0)
(-0.138687 -0.226711 0)
(-0.099944 -0.231929 0)
(-0.0591239 -0.234819 0)
(-0.0212405 -0.196018 0)
(-0.899012 -0.178649 0)
(-0.811207 -0.154786 0)
(-0.729276 -0.148602 0)
(-0.655751 -0.153809 0)
(-0.591073 -0.165083 0)
(-0.534341 -0.178638 0)
(-0.484101 -0.19215 0)
(-0.438859 -0.204432 0)
(-0.39729 -0.215068 0)
(-0.358304 -0.224092 0)
(-0.321029 -0.231751 0)
(-0.284763 -0.238364 0)
(-0.248921 -0.244254 0)
(-0.212994 -0.249746 0)
(-0.176504 -0.255214 0)
(-0.13897 -0.261175 0)
(-0.0998506 -0.268165 0)
(-0.0589264 -0.272962 0)
(-0.0210766 -0.229912 0)
(-0.883298 -0.251402 0)
(-0.806943 -0.227154 0)
(-0.73245 -0.216463 0)
(-0.663073 -0.215284 0)
(-0.600023 -0.219916 0)
(-0.543308 -0.227487 0)
(-0.492201 -0.23605 0)
(-0.445701 -0.244474 0)
(-0.402779 -0.252248 0)
(-0.362501 -0.259255 0)
(-0.324062 -0.265599 0)
(-0.28678 -0.271481 0)
(-0.250075 -0.277142 0)
(-0.213436 -0.282851 0)
(-0.176403 -0.28895 0)
(-0.138538 -0.295959 0)
(-0.099365 -0.304451 0)
(-0.0586267 -0.310913 0)
(-0.020953 -0.263723 0)
(-0.86391 -0.315119 0)
(-0.795658 -0.29203 0)
(-0.727521 -0.279131 0)
(-0.662512 -0.273744 0)
(-0.601991 -0.273417 0)
(-0.546416 -0.276127 0)
(-0.495521 -0.280395 0)
(-0.448683 -0.285285 0)
(-0.405145 -0.290309 0)
(-0.36415 -0.295291 0)
(-0.324998 -0.300248 0)
(-0.287069 -0.305297 0)
(-0.249818 -0.310606 0)
(-0.212763 -0.316389 0)
(-0.175477 -0.32295 0)
(-0.137563 -0.330795 0)
(-0.0985967 -0.340545 0)
(-0.0582646 -0.348509 0)
(-0.0208671 -0.297445 0)
(-0.842214 -0.372593 0)
(-0.780005 -0.351103 0)
(-0.717165 -0.337183 0)
(-0.656272 -0.328989 0)
(-0.598591 -0.324966 0)
(-0.544752 -0.323791 0)
(-0.494751 -0.324438 0)
(-0.448233 -0.326209 0)
(-0.404661 -0.328705 0)
(-0.363443 -0.331753 0)
(-0.323996 -0.335329 0)
(-0.285778 -0.339494 0)
(-0.248299 -0.344363 0)
(-0.211119 -0.3501 0)
(-0.173847 -0.356966 0)
(-0.136127 -0.365456 0)
(-0.0975808 -0.376254 0)
(-0.0578339 -0.385614 0)
(-0.0208032 -0.331071 0)
(-0.819202 -0.425451 0)
(-0.761653 -0.405601 0)
(-0.703205 -0.391262 0)
(-0.646015 -0.381144 0)
(-0.591165 -0.374337 0)
(-0.539317 -0.370068 0)
(-0.490606 -0.367701 0)
(-0.444847 -0.366774 0)
(-0.401672 -0.367006 0)
(-0.360632 -0.368261 0)
(-0.32125 -0.370507 0)
(-0.283066 -0.373778 0)
(-0.24565 -0.378148 0)
(-0.208608 -0.38374 0)
(-0.171587 -0.39078 0)
(-0.134269 -0.399752 0)
(-0.0963168 -0.411421 0)
(-0.0573102 -0.422108 0)
(-0.0207412 -0.364574 0)
(-0.795501 -0.474736 0)
(-0.741647 -0.456412 0)
(-0.686859 -0.44195 0)
(-0.632928 -0.430465 0)
(-0.580748 -0.421522 0)
(-0.530949 -0.414772 0)
(-0.483725 -0.4099 0)
(-0.439002 -0.406658 0)
(-0.396534 -0.404887 0)
(-0.355979 -0.404507 0)
(-0.316959 -0.4055 0)
(-0.279085 -0.407888 0)
(-0.241985 -0.411724 0)
(-0.205311 -0.417098 0)
(-0.168746 -0.424207 0)
(-0.132005 -0.433526 0)
(-0.0947925 -0.445912 0)
(-0.056666 -0.457872 0)
(-0.0206611 -0.397906 0)
(-0.771433 -0.521153 0)
(-0.720593 -0.504193 0)
(-0.668889 -0.489745 0)
(-0.61781 -0.477244 0)
(-0.568084 -0.466619 0)
(-0.520288 -0.45785 0)
(-0.474635 -0.450882 0)
(-0.431114 -0.445651 0)
(-0.389565 -0.442112 0)
(-0.349731 -0.44025 0)
(-0.311309 -0.440072 0)
(-0.273974 -0.441606 0)
(-0.237405 -0.44489 0)
(-0.201295 -0.449994 0)
(-0.165359 -0.457089 0)
(-0.129344 -0.466642 0)
(-0.0929971 -0.47961 0)
(-0.0558777 -0.49279 0)
(-0.020545 -0.431 0)
(-0.74708 -0.565184 0)
(-0.698776 -0.549426 0)
(-0.64972 -0.535047 0)
(-0.601155 -0.521755 0)
(-0.553673 -0.509765 0)
(-0.507795 -0.499318 0)
(-0.463734 -0.490572 0)
(-0.421517 -0.483616 0)
(-0.381036 -0.478511 0)
(-0.342101 -0.475303 0)
(-0.304465 -0.474037 0)
(-0.267858 -0.474749 0)
(-0.231999 -0.477476 0)
(-0.196618 -0.482273 0)
(-0.16146 -0.48929 0)
(-0.126298 -0.498986 0)
(-0.0909256 -0.512412 0)
(-0.0549284 -0.526751 0)
(-0.0203784 -0.46377 0)
(-0.722359 -0.607158 0)
(-0.676262 -0.592456 0)
(-0.629543 -0.578163 0)
(-0.583234 -0.564224 0)
(-0.537824 -0.551091 0)
(-0.493783 -0.539217 0)
(-0.451315 -0.528933 0)
(-0.410466 -0.520462 0)
(-0.371166 -0.513956 0)
(-0.333267 -0.509522 0)
(-0.29657 -0.50724 0)
(-0.260844 -0.507166 0)
(-0.225847 -0.509339 0)
(-0.191337 -0.513805 0)
(-0.157084 -0.520695 0)
(-0.122886 -0.530458 0)
(-0.088581 -0.544229 0)
(-0.0538083 -0.55965 0)
(-0.02015 -0.496115 0)
(-0.697094 -0.647291 0)
(-0.652992 -0.633518 0)
(-0.608405 -0.619307 0)
(-0.564178 -0.604817 0)
(-0.520717 -0.590698 0)
(-0.478456 -0.577581 0)
(-0.437584 -0.565943 0)
(-0.398155 -0.556121 0)
(-0.360124 -0.548348 0)
(-0.323375 -0.542788 0)
(-0.287743 -0.539557 0)
(-0.25303 -0.538732 0)
(-0.219022 -0.540358 0)
(-0.185503 -0.544478 0)
(-0.152266 -0.551205 0)
(-0.119129 -0.560971 0)
(-0.0859726 -0.574981 0)
(-0.0525138 -0.591392 0)
(-0.0198517 -0.527929 0)
(-0.671074 -0.685708 0)
(-0.62885 -0.672752 0)
(-0.586278 -0.658614 0)
(-0.544031 -0.643638 0)
(-0.502454 -0.628647 0)
(-0.461946 -0.614425 0)
(-0.422685 -0.601576 0)
(-0.384728 -0.590533 0)
(-0.348046 -0.581603 0)
(-0.312546 -0.575002 0)
(-0.278087 -0.570881 0)
(-0.244498 -0.569338 0)
(-0.211589 -0.570429 0)
(-0.179167 -0.574194 0)
(-0.147042 -0.58073 0)
(-0.115052 -0.590448 0)
(-0.0831148 -0.604601 0)
(-0.0510466 -0.621893 0)
(-0.0194783 -0.559099 0)
(-0.644097 -0.722465 0)
(-0.603703 -0.710226 0)
(-0.563102 -0.696148 0)
(-0.522798 -0.680737 0)
(-0.483086 -0.664962 0)
(-0.444339 -0.649743 0)
(-0.406723 -0.635795 0)
(-0.370297 -0.623639 0)
(-0.335041 -0.613645 0)
(-0.300879 -0.606077 0)
(-0.26769 -0.601119 0)
(-0.235323 -0.598892 0)
(-0.203611 -0.599462 0)
(-0.172377 -0.602868 0)
(-0.14145 -0.609195 0)
(-0.110682 -0.618822 0)
(-0.0800262 -0.633031 0)
(-0.0494123 -0.651077 0)
(-0.019027 -0.589512 0)
(-0.615982 -0.757561 0)
(-0.577434 -0.745948 0)
(-0.538816 -0.731918 0)
(-0.500471 -0.716115 0)
(-0.462647 -0.699632 0)
(-0.425698 -0.683506 0)
(-0.389779 -0.668554 0)
(-0.35495 -0.655375 0)
(-0.321197 -0.644399 0)
(-0.288458 -0.635931 0)
(-0.256628 -0.630187 0)
(-0.225574 -0.627308 0)
(-0.195145 -0.627374 0)
(-0.165182 -0.630425 0)
(-0.135528 -0.636531 0)
(-0.106049 -0.646035 0)
(-0.0767274 -0.66022 0)
(-0.0476198 -0.678883 0)
(-0.0184969 -0.619055 0)
(-0.586586 -0.79095 0)
(-0.549949 -0.779879 0)
(-0.513374 -0.765891 0)
(-0.477042 -0.749737 0)
(-0.441163 -0.732614 0)
(-0.406073 -0.715664 0)
(-0.37192 -0.699794 0)
(-0.338762 -0.685676 0)
(-0.306593 -0.673791 0)
(-0.27536 -0.664487 0)
(-0.244972 -0.658007 0)
(-0.215313 -0.654512 0)
(-0.186245 -0.654095 0)
(-0.157626 -0.656797 0)
(-0.129312 -0.662676 0)
(-0.101182 -0.672034 0)
(-0.0732412 -0.686126 0)
(-0.0456805 -0.70526 0)
(-0.0178889 -0.64762 0)
(-0.555807 -0.822545 0)
(-0.52119 -0.811942 0)
(-0.486751 -0.797997 0)
(-0.452517 -0.781538 0)
(-0.418666 -0.763844 0)
(-0.385515 -0.746149 0)
(-0.353209 -0.729444 0)
(-0.321804 -0.714467 0)
(-0.291301 -0.70175 0)
(-0.261654 -0.691673 0)
(-0.232787 -0.684507 0)
(-0.204597 -0.680434 0)
(-0.176962 -0.679558 0)
(-0.149753 -0.681925 0)
(-0.12284 -0.687577 0)
(-0.0961116 -0.696773 0)
(-0.0695913 -0.710715 0)
(-0.0436076 -0.730167 0)
(-0.0172053 -0.675104 0)
(-0.523589 -0.852227 0)
(-0.491132 -0.842033 0)
(-0.458948 -0.828141 0)
(-0.426923 -0.811429 0)
(-0.395199 -0.793239 0)
(-0.364082 -0.774881 0)
(-0.333712 -0.757427 0)
(-0.304146 -0.741675 0)
(-0.27539 -0.7282 0)
(-0.247408 -0.717416 0)
(-0.220135 -0.709621 0)
(-0.193484 -0.705011 0)
(-0.167346 -0.703706 0)
(-0.141606 -0.705755 0)
(-0.116147 -0.711186 0)
(-0.0908671 -0.720212 0)
(-0.0658023 -0.733958 0)
(-0.0414159 -0.753577 0)
(-0.0164503 -0.701411 0)
(-0.48992 -0.879848 0)
(-0.459789 -0.870021 0)
(-0.430002 -0.856209 0)
(-0.400308 -0.839308 0)
(-0.370823 -0.820704 0)
(-0.341842 -0.801775 0)
(-0.313502 -0.783663 0)
(-0.285862 -0.767222 0)
(-0.258932 -0.75307 0)
(-0.232689 -0.741652 0)
(-0.207079 -0.733285 0)
(-0.182028 -0.728186 0)
(-0.157444 -0.726485 0)
(-0.133226 -0.728237 0)
(-0.109268 -0.73346 0)
(-0.085478 -0.742317 0)
(-0.061899 -0.755832 0)
(-0.0391223 -0.77547 0)
(-0.0156303 -0.726453 0)
(-0.454838 -0.905237 0)
(-0.427217 -0.895762 0)
(-0.399978 -0.882075 0)
(-0.372749 -0.865065 0)
(-0.345619 -0.84614 0)
(-0.31888 -0.826739 0)
(-0.292664 -0.808068 0)
(-0.267033 -0.791035 0)
(-0.242006 -0.776294 0)
(-0.217568 -0.764318 0)
(-0.193681 -0.755444 0)
(-0.170286 -0.749907 0)
(-0.147306 -0.74785 0)
(-0.124653 -0.749332 0)
(-0.102236 -0.754362 0)
(-0.079973 -0.763055 0)
(-0.0579066 -0.776318 0)
(-0.0367447 -0.795838 0)
(-0.0147534 -0.750155 0)
(-0.418425 -0.928206 0)
(-0.39351 -0.919098 0)
(-0.368978 -0.905608 0)
(-0.344348 -0.888583 0)
(-0.319692 -0.869445 0)
(-0.295296 -0.849683 0)
(-0.271295 -0.830564 0)
(-0.247752 -0.813042 0)
(-0.224694 -0.797809 0)
(-0.202121 -0.78536 0)
(-0.180008 -0.776051 0)
(-0.158314 -0.770132 0)
(-0.136977 -0.76776 0)
(-0.115928 -0.769002 0)
(-0.0950865 -0.77386 0)
(-0.07438 -0.782402 0)
(-0.0538492 -0.795403 0)
(-0.0343017 -0.814678 0)
(-0.0138286 -0.772451 0)
(-0.380809 -0.948555 0)
(-0.358807 -0.939866 0)
(-0.337139 -0.926672 0)
(-0.315241 -0.909749 0)
(-0.29317 -0.89052 0)
(-0.271215 -0.870522 0)
(-0.249509 -0.851076 0)
(-0.228122 -0.833183 0)
(-0.207092 -0.817563 0)
(-0.18643 -0.804733 0)
(-0.166131 -0.795065 0)
(-0.146171 -0.788827 0)
(-0.126509 -0.786186 0)
(-0.10709 -0.78722 0)
(-0.0878501 -0.791927 0)
(-0.0687258 -0.800334 0)
(-0.0497502 -0.813073 0)
(-0.0318127 -0.831996 0)
(-0.0128644 -0.793289 0)
(-0.342167 -0.966079 0)
(-0.323285 -0.957906 0)
(-0.304634 -0.945138 0)
(-0.28559 -0.928455 0)
(-0.266209 -0.909274 0)
(-0.246779 -0.889178 0)
(-0.227439 -0.869542 0)
(-0.208264 -0.851406 0)
(-0.189304 -0.835515 0)
(-0.170586 -0.822403 0)
(-0.152126 -0.812461 0)
(-0.13392 -0.805967 0)
(-0.11595 -0.803105 0)
(-0.0981787 -0.803965 0)
(-0.0805593 -0.808545 0)
(-0.063037 -0.816833 0)
(-0.0456331 -0.829322 0)
(-0.0292979 -0.847806 0)
(-0.0118678 -0.812631 0)
(-0.302729 -0.980565 0)
(-0.287166 -0.97306 0)
(-0.271672 -0.960887 0)
(-0.255592 -0.944604 0)
(-0.238988 -0.925628 0)
(-0.222156 -0.905588 0)
(-0.205236 -0.885911 0)
(-0.188313 -0.867671 0)
(-0.171449 -0.851636 0)
(-0.154691 -0.838353 0)
(-0.138078 -0.828224 0)
(-0.12163 -0.821542 0)
(-0.105354 -0.818508 0)
(-0.0892363 -0.819225 0)
(-0.0732463 -0.823698 0)
(-0.0573402 -0.831886 0)
(-0.0415225 -0.844143 0)
(-0.0267803 -0.862127 0)
(-0.0108449 -0.830449 0)
(-0.262779 -0.991811 0)
(-0.250715 -0.985185 0)
(-0.238497 -0.97381 0)
(-0.225473 -0.958113 0)
(-0.211719 -0.939514 0)
(-0.197537 -0.919701 0)
(-0.183074 -0.900148 0)
(-0.168423 -0.881959 0)
(-0.153661 -0.865916 0)
(-0.13886 -0.852579 0)
(-0.124081 -0.842357 0)
(-0.109376 -0.835558 0)
(-0.0947804 -0.832398 0)
(-0.0803058 -0.833 0)
(-0.065944 -0.837379 0)
(-0.051663 -0.845481 0)
(-0.0374455 -0.857533 0)
(-0.0242883 -0.874989 0)
(-0.00980429 -0.846728 0)
(-0.222654 -0.999632 0)
(-0.214243 -0.994159 0)
(-0.205395 -0.983822 0)
(-0.195493 -0.968916 0)
(-0.184637 -0.950887 0)
(-0.173138 -0.931486 0)
(-0.161147 -0.912235 0)
(-0.148766 -0.894265 0)
(-0.136092 -0.878365 0)
(-0.12322 -0.865098 0)
(-0.110243 -0.854882 0)
(-0.0972441 -0.848036 0)
(-0.0842929 -0.844795 0)
(-0.0714341 -0.845301 0)
(-0.0586856 -0.84959 0)
(-0.0460329 -0.857609 0)
(-0.0334311 -0.869487 0)
(-0.0218589 -0.886429 0)
(-0.00876949 -0.861472 0)
(-0.182742 -1.00387 0)
(-0.178102 -0.999892 0)
(-0.172682 -0.990863 0)
(-0.165941 -0.976972 0)
(-0.158007 -0.959719 0)
(-0.149197 -0.940931 0)
(-0.139668 -0.922178 0)
(-0.129534 -0.904607 0)
(-0.118909 -0.88901 0)
(-0.107916 -0.875948 0)
(-0.0966827 -0.865842 0)
(-0.0853296 -0.85902 0)
(-0.0739645 -0.855735 0)
(-0.0626717 -0.856154 0)
(-0.0515034 -0.860342 0)
(-0.0404727 -0.868261 0)
(-0.0295031 -0.879993 0)
(-0.0195405 -0.896482 0)
(-0.00780208 -0.874727 0)
(-0.143491 -1.00442 0)
(-0.142686 -1.00233 0)
(-0.140715 -0.994903 0)
(-0.13714 -0.982265 0)
(-0.13212 -0.966008 0)
(-0.125979 -0.94805 0)
(-0.118876 -0.930003 0)
(-0.110936 -0.913025 0)
(-0.102296 -0.897902 0)
(-0.093109 -0.885189 0)
(-0.0835367 -0.875301 0)
(-0.0737421 -0.868576 0)
(-0.0638775 -0.86528 0)
(-0.0540728 -0.865608 0)
(-0.0444255 -0.869659 0)
(-0.0349927 -0.877434 0)
(-0.0256629 -0.889021 0)
(-0.0173891 -0.905157 0)
(-0.00701954 -0.886605 0)
(-0.105412 -1.00122 0)
(-0.108441 -1.00145 0)
(-0.10989 -0.995947 0)
(-0.109446 -0.984811 0)
(-0.107298 -0.969782 0)
(-0.103769 -0.952881 0)
(-0.099023 -0.935763 0)
(-0.0931976 -0.919583 0)
(-0.0864529 -0.905117 0)
(-0.0789715 -0.892902 0)
(-0.0709533 -0.883349 0)
(-0.0626043 -0.876793 0)
(-0.0541248 -0.873517 0)
(-0.045697 -0.87374 0)
(-0.0374732 -0.877595 0)
(-0.0295801 -0.885136 0)
(-0.0218619 -0.896523 0)
(-0.0154421 -0.91238 0)
(-0.00656433 -0.897293 0)
(-0.0690702 -0.994276 0)
(-0.0758611 -0.997312 0)
(-0.0806472 -0.994043 0)
(-0.0832494 -0.984663 0)
(-0.0838867 -0.971102 0)
(-0.082875 -0.955498 0)
(-0.0803805 -0.939538 0)
(-0.0765568 -0.924372 0)
(-0.0715879 -0.910752 0)
(-0.0656876 -0.899194 0)
(-0.0590925 -0.890094 0)
(-0.052051 -0.883788 0)
(-0.044812 -0.880564 0)
(-0.0376115 -0.880661 0)
(-0.0306641 -0.884243 0)
(-0.0241948 -0.891414 0)
(-0.0179753 -0.90245 0)
(-0.0136583 -0.917932 0)
(-0.00647671 -0.907032 0)
(-0.0350955 -0.983681 0)
(-0.045498 -0.990008 0)
(-0.05347 -0.989289 0)
(-0.0589779 -0.981917 0)
(-0.0622592 -0.97007 0)
(-0.0636185 -0.956008 0)
(-0.0632261 -0.941444 0)
(-0.0612536 -0.927509 0)
(-0.0579107 -0.914927 0)
(-0.0534423 -0.904188 0)
(-0.0481187 -0.89567 0)
(-0.0422268 -0.889698 0)
(-0.0360587 -0.886567 0)
(-0.0299004 -0.886526 0)
(-0.0240269 -0.889757 0)
(-0.0187909 -0.896393 0)
(-0.0138076 -0.906823 0)
(-0.0118565 -0.921465 0)
(-0.00649829 -0.916086 0)
(-0.00422048 -0.969621 0)
(-0.0179763 -0.979732 0)
(-0.0288944 -0.981848 0)
(-0.0370913 -0.976727 0)
(-0.0428082 -0.96684 0)
(-0.0463302 -0.954568 0)
(-0.0478357 -0.941636 0)
(-0.0475192 -0.929146 0)
(-0.0456195 -0.91779 0)
(-0.0424104 -0.908029 0)
(-0.0381914 -0.900221 0)
(-0.0332791 -0.89468 0)
(-0.0279989 -0.891697 0)
(-0.0226748 -0.891526 0)
(-0.0176317 -0.894349 0)
(-0.013375 -0.9003 0)
(-0.00916321 -0.909817 0)
(-0.00975629 -0.92267 0)
(-0.00596099 -0.924621 0)
(0.0226744 -0.952474 0)
(0.00597792 -0.966768 0)
(-0.00750934 -0.971975 0)
(-0.0180812 -0.969332 0)
(-0.0259352 -0.961647 0)
(-0.0313322 -0.951407 0)
(-0.0344643 -0.940331 0)
(-0.0355574 -0.929486 0)
(-0.0348821 -0.919527 0)
(-0.0327394 -0.910892 0)
(-0.0294497 -0.903917 0)
(-0.0253473 -0.898908 0)
(-0.0207753 -0.896149 0)
(-0.0160776 -0.895889 0)
(-0.0116141 -0.898299 0)
(-0.00807117 -0.90347 0)
(-0.00398188 -0.911709 0)
(-0.00721841 -0.92163 0)
(-0.00389614 -0.932277 0)
(0.0446006 -0.932787 0)
(0.0255828 -0.951575 0)
(0.0100287 -0.960057 0)
(-0.00246196 -0.960089 0)
(-0.012031 -0.954829 0)
(-0.0189125 -0.946841 0)
(-0.0233201 -0.937818 0)
(-0.0255183 -0.928782 0)
(-0.0258129 -0.920359 0)
(-0.0245274 -0.912968 0)
(-0.0219928 -0.906935 0)
(-0.0185457 -0.902556 0)
(-0.014527 -0.900108 0)
(-0.0102786 -0.899837 0)
(-0.00617634 -0.901894 0)
(-0.00306732 -0.906296 0)
(0.00153754 -0.912771 0)
(-0.00453712 -0.919047 0)
(0.000851118 -0.937478 0)
(0.0604637 -0.91127 0)
(0.0399894 -0.93473 0)
(0.023064 -0.946564 0)
(0.00927918 -0.949407 0)
(-0.00143292 -0.946754 0)
(-0.0092842 -0.941195 0)
(-0.0145266 -0.934368 0)
(-0.0174669 -0.927251 0)
(-0.0184452 -0.920449 0)
(-0.0177994 -0.914376 0)
(-0.0158578 -0.909359 0)
(-0.0129412 -0.905691 0)
(-0.00936688 -0.903647 0)
(-0.00545393 -0.903461 0)
(-0.00156755 -0.905266 0)
(0.00149679 -0.908986 0)
(0.00696253 -0.913655 0)
(-0.00220452 -0.915804 0)
(0.00979317 -0.937806 0)
(0.0691621 -0.888813 0)
(0.0483902 -0.916859 0)
(0.031007 -0.931989 0)
(0.0167508 -0.937718 0)
(0.00563869 -0.937793 0)
(-0.00253944 -0.934772 0)
(-0.0080859 -0.930206 0)
(-0.0113558 -0.925038 0)
(-0.0127113 -0.919868 0)
(-0.012491 -0.915126 0)
(-0.0110035 -0.911152 0)
(-0.00853406 -0.908248 0)
(-0.00535251 -0.90669 0)
(-0.00172701 -0.906704 0)
(0.00201077 -0.908404 0)
(0.00519245 -0.911616 0)
(0.012001 -0.914794 0)
(-0.000159877 -0.912761 0)
(0.0245822 -0.933014 0)
(0.0697598 -0.866792 0)
(0.0500975 -0.899112 0)
(0.0334112 -0.917379 0)
(0.0197358 -0.926007 0)
(0.00914977 -0.928851 0)
(0.00140922 -0.928356 0)
(-0.00384705 -0.925995 0)
(-0.0070061 -0.92269 0)
(-0.00843184 -0.91906 0)
(-0.00844182 -0.915573 0)
(-0.00730425 -0.912602 0)
(-0.00524936 -0.910473 0)
(-0.00247597 -0.909471 0)
(0.000824997 -0.909829 0)
(0.00440062 -0.911663 0)
(0.00782674 -0.914701 0)
(0.0165116 -0.91674 0)
(0.000742244 -0.911689 0)
(0.0471535 -0.925802 0)
(0.0612994 -0.848575 0)
(0.0445216 -0.884528 0)
(0.0300631 -0.905568 0)
(0.0183089 -0.916915 0)
(0.00934849 -0.922342 0)
(0.0028901 -0.92413 0)
(-0.00146119 -0.923691 0)
(-0.00408232 -0.921966 0)
(-0.00530175 -0.919618 0)
(-0.00538761 -0.917173 0)
(-0.0045453 -0.91505 0)
(-0.002935 -0.913614 0)
(-0.000668431 -0.913185 0)
(0.00216483 -0.914034 0)
(0.00547078 -0.916332 0)
(0.0093043 -0.919784 0)
(0.0198713 -0.921978 0)
(-0.00100937 -0.919244 0)
(0.080933 -0.911326 0)
(0.0429949 -0.836984 0)
(0.0315687 -0.874724 0)
(0.0213329 -0.897707 0)
(0.0130836 -0.911229 0)
(0.00692732 -0.918705 0)
(0.00257567 -0.922235 0)
(-0.000321897 -0.923207 0)
(-0.00205654 -0.922598 0)
(-0.0028677 -0.921145 0)
(-0.00294378 -0.919419 0)
(-0.002408 -0.917895 0)
(-0.00134793 -0.916979 0)
(0.000204589 -0.917042 0)
(0.00225999 -0.918444 0)
(0.00494882 -0.921492 0)
(0.00897877 -0.926177 0)
(0.0200777 -0.931326 0)
(-0.00430813 -0.940921 0)
(0.127641 -0.873345 0)
(0.0168066 -0.823052 0)
(0.0124071 -0.86095 0)
(0.00832157 -0.885314 0)
(0.00513547 -0.900513 0)
(0.00283397 -0.909518 0)
(0.00124357 -0.914319 0)
(0.000197424 -0.916318 0)
(-0.000430058 -0.916535 0)
(-0.000731497 -0.915759 0)
(-0.000773915 -0.914599 0)
(-0.000599399 -0.913561 0)
(-0.000230865 -0.913086 0)
(0.000334875 -0.913596 0)
(0.00113643 -0.915548 0)
(0.00234294 -0.919469 0)
(0.00467757 -0.926024 0)
(0.0116134 -0.93605 0)
(-0.00283033 -0.967565 0)
(0.147973 -0.808773 0)
)
;

boundaryField
{
    leftWall
    {
        type            noSlip;
    }
    rightWall
    {
        type            noSlip;
    }
    lowerWall
    {
        type            noSlip;
    }
    atmosphere
    {
        type            pressureInletOutletVelocity;
        value           nonuniform List<vector> 
46
(
(0.188237 1.36429 0)
(0.799513 2.06263 0)
(0.95686 1.96508 0)
(0.940338 1.86161 0)
(0.979521 1.80743 0)
(1.03718 1.76257 0)
(1.10687 1.70184 0)
(1.20245 1.61995 0)
(1.33371 1.51979 0)
(1.49281 1.42332 0)
(1.64998 1.35036 0)
(1.75554 1.31293 0)
(1.71182 1.27453 0)
(1.50139 1.09609 0)
(1.20931 0.761742 0)
(0.93335 0.385497 0)
(0.705541 0.040387 0)
(0 -0.198267 0)
(0 -0.323986 0)
(0 -0.469842 0)
(0 -0.586608 0)
(0 -0.66755 0)
(0 -0.71712 0)
(0 -0.734845 0)
(0 -0.746982 0)
(0 -0.763334 0)
(0 -0.784337 0)
(0 -0.823052 0)
(0 -0.86095 0)
(0 -0.885314 0)
(0 -0.900513 0)
(0 -0.909518 0)
(0 -0.914319 0)
(0 -0.916318 0)
(0 -0.916535 0)
(0 -0.915759 0)
(0 -0.914599 0)
(0 -0.913561 0)
(0 -0.913086 0)
(0 -0.913596 0)
(0 -0.915548 0)
(0 -0.919469 0)
(0 -0.926024 0)
(0 -0.93605 0)
(0 -0.967565 0)
(0 -0.808773 0)
)
;
    }
    defaultFaces
    {
        type            empty;
    }
}


// ************************************************************************* //
