/*--------------------------------*- C++ -*----------------------------------*\
  =========                 |
  \\      /  F ield         | OpenFOAM: The Open Source CFD Toolbox
   \\    /   O peration     | Website:  https://openfoam.org
    \\  /    A nd           | Version:  9
     \\/     M anipulation  |
\*---------------------------------------------------------------------------*/
FoamFile
{
    format      ascii;
    class       surfaceScalarField;
    location    "0.2";
    object      phi;
}
// * * * * * * * * * * * * * * * * * * * * * * * * * * * * * * * * * * * * * //

dimensions      [0 3 -1 0 0 0 0];

internalField   nonuniform List<scalar> 
4432
(
-1.46168e-05
1.46168e-05
-5.54632e-05
4.08465e-05
-0.000106495
5.1032e-05
-0.000100017
-6.47864e-06
-0.00010076
7.43213e-07
-0.000116474
1.57146e-05
-0.000130384
1.39094e-05
-0.000136632
6.24819e-06
-0.000135884
-7.47613e-07
-0.000131059
-4.82509e-06
-0.00012385
-7.20967e-06
-0.000114925
-8.92478e-06
-0.000104658
-1.02661e-05
-9.30416e-05
-1.16169e-05
-7.97225e-05
-1.33194e-05
-6.39814e-05
-1.57405e-05
-4.47728e-05
-1.92088e-05
-2.11153e-05
-2.36575e-05
6.00483e-06
-2.71201e-05
3.04488e-05
-2.44435e-05
3.9208e-05
-8.75916e-06
2.4037e-05
1.51705e-05
2.40371e-05
-2.55928e-05
4.02096e-05
-5.50601e-05
7.03138e-05
-7.24058e-05
6.83777e-05
-9.92821e-05
2.03974e-05
-0.000123856
2.53172e-05
-0.000138087
2.99459e-05
-0.000144675
2.04965e-05
-0.000145968
7.54139e-06
-0.000144379
-2.33634e-06
-0.000139946
-9.25804e-06
-0.000132955
-1.42009e-05
-0.000124111
-1.77685e-05
-0.000113802
-2.05752e-05
-0.000102171
-2.32476e-05
-8.9049e-05
-2.64416e-05
-7.38994e-05
-3.089e-05
-5.58554e-05
-3.72525e-05
-3.41878e-05
-4.53247e-05
-9.62036e-06
-5.1688e-05
1.32753e-05
-4.73393e-05
2.67209e-05
-2.22044e-05
2.20503e-05
1.98405e-05
4.60873e-05
-2.57536e-05
6.59632e-05
-4.49034e-05
8.94636e-05
-5.15004e-05
7.49748e-05
-8.79118e-05
5.68088e-05
-0.000117043
5.44487e-05
-0.000132691
4.55933e-05
-0.000141185
2.89906e-05
-0.000145348
1.17041e-05
-0.000145601
-2.08353e-06
-0.000142293
-1.25651e-05
-0.000136204
-2.029e-05
-0.000128056
-2.5917e-05
-0.000118332
-3.02994e-05
-0.00010731
-3.42687e-05
-9.50269e-05
-3.8725e-05
-8.12127e-05
-4.47042e-05
-6.52643e-05
-5.32009e-05
-4.64615e-05
-6.41271e-05
-2.48203e-05
-7.33295e-05
-3.02532e-06
-6.91344e-05
1.23725e-05
-3.76017e-05
1.36635e-05
1.85493e-05
5.97508e-05
-2.19225e-05
8.78857e-05
-3.7065e-05
0.000104606
-4.79731e-05
8.58829e-05
-8.03528e-05
8.91887e-05
-0.000107964
8.20592e-05
-0.000125158
6.2788e-05
-0.000136044
3.98761e-05
-0.000142363
1.80236e-05
-0.000144284
-1.62465e-07
-0.00014236
-1.44897e-05
-0.000137407
-2.52429e-05
-0.000130182
-3.3142e-05
-0.000121276
-3.92059e-05
-0.000111107
-4.44367e-05
-9.9929e-05
-4.99034e-05
-8.77948e-05
-5.68386e-05
-7.44729e-05
-6.65231e-05
-5.93329e-05
-7.92666e-05
-4.14589e-05
-9.12034e-05
-2.09769e-05
-8.96168e-05
-2.86703e-06
-5.57112e-05
5.33209e-06
1.03501e-05
6.50829e-05
-1.82418e-05
0.000106128
-3.13046e-05
0.000117669
-4.63154e-05
0.000100894
-7.42857e-05
0.000117159
-9.90173e-05
0.000106791
-0.000116978
8.07489e-05
-0.000129664
5.25616e-05
-0.000137768
2.61272e-05
-0.000141341
3.41056e-06
-0.000140888
-1.49423e-05
-0.00013718
-2.89508e-05
-0.000131001
-3.93216e-05
-0.000123032
-4.71744e-05
-0.000113825
-5.36441e-05
-0.000103825
-5.99034e-05
-9.3401e-05
-6.7262e-05
-8.27833e-05
-7.7141e-05
-7.17379e-05
-9.03119e-05
-5.88478e-05
-0.000104094
-4.15026e-05
-0.000106962
-1.99771e-05
-7.72365e-05
-3.97187e-06
-5.65518e-06
6.1111e-05
-1.55831e-05
0.000121711
-2.69135e-05
0.000128999
-4.36375e-05
0.000117618
-6.79804e-05
0.000141502
-8.98899e-05
0.0001287
-0.000108095
9.89537e-05
-0.000122162
6.66285e-05
-0.000131912
3.58781e-05
-0.000137138
8.63644e-06
-0.000138188
-1.38933e-05
-0.00013577
-3.13686e-05
-0.000130691
-4.44002e-05
-0.000123712
-5.41527e-05
-0.000115494
-6.18622e-05
-0.000106628
-6.87699e-05
-9.77127e-05
-7.61772e-05
-8.93888e-05
-8.54649e-05
-8.20566e-05
-9.76441e-05
-7.4683e-05
-0.000111467
-6.29495e-05
-0.000118696
-4.12692e-05
-9.89167e-05
-1.52996e-05
-3.16247e-05
4.58115e-05
-1.35309e-05
0.000135242
-2.4181e-05
0.000139649
-4.05559e-05
0.000133992
-6.13907e-05
0.000162337
-8.05901e-05
0.0001479
-9.8662e-05
0.000117025
-0.000113816
8.17822e-05
-0.000125102
4.71644e-05
-0.000131959
1.54932e-05
-0.000134509
-1.13433e-05
-0.000133385
-3.2492e-05
-0.000129419
-4.83668e-05
-0.000123442
-6.01298e-05
-0.000116205
-6.90988e-05
-0.000108397
-7.65779e-05
-0.000100735
-8.38391e-05
-9.40769e-05
-9.21231e-05
-8.93337e-05
-0.000102387
-8.65221e-05
-0.000114278
-8.21245e-05
-0.000123093
-6.6657e-05
-0.000114384
-3.1775e-05
-6.65064e-05
1.40363e-05
-1.19054e-05
0.000147147
-2.25847e-05
0.000150329
-3.78593e-05
0.000149267
-5.43972e-05
0.000178874
-7.13801e-05
0.000164883
-8.90846e-05
0.00013473
-0.000105044
9.77419e-05
-0.000117626
5.97465e-05
-0.000125971
2.38381e-05
-0.000129958
-7.35638e-06
-0.000130116
-3.2334e-05
-0.000127279
-5.12041e-05
-0.000122327
-6.50819e-05
-0.000116077
-7.53484e-05
-0.000109277
-8.33787e-05
-0.000102681
-9.04342e-05
-9.71864e-05
-9.76181e-05
-9.38523e-05
-0.000105721
-9.34565e-05
-0.000114674
-9.48643e-05
-0.000121685
-9.14997e-05
-0.000117749
-6.61497e-05
-9.18562e-05
-5.21135e-05
-2.72815e-06
2.72814e-06
-1.00509e-05
7.32284e-06
-1.76515e-05
7.60073e-06
-2.28986e-05
5.24709e-06
-2.58779e-05
2.97929e-06
-2.69567e-05
1.07907e-06
-2.66567e-05
-3.00354e-07
-2.54867e-05
-1.16978e-06
-2.37649e-05
-1.72202e-06
-2.16573e-05
-2.10744e-06
-1.92664e-05
-2.39084e-06
-1.66597e-05
-2.60685e-06
-1.38879e-05
-2.77163e-06
-1.10015e-05
-2.88673e-06
-8.06011e-06
-2.9412e-06
-5.1551e-06
-2.90507e-06
-2.46977e-06
-2.68553e-06
-4.9563e-07
-1.97397e-06
-4.96142e-07
-6.46723e-06
9.19553e-06
-1.47857e-05
1.56414e-05
-2.15862e-05
1.44013e-05
-2.55772e-05
9.23828e-06
-2.74146e-05
4.81633e-06
-2.77845e-05
1.44939e-06
-2.72052e-05
-8.80028e-07
-2.59376e-05
-2.43714e-06
-2.41658e-05
-3.49385e-06
-2.20376e-05
-4.23575e-06
-1.96526e-05
-4.77579e-06
-1.70806e-05
-5.17911e-06
-1.43748e-05
-5.47709e-06
-1.15864e-05
-5.6755e-06
-8.77193e-06
-5.75569e-06
-6.00933e-06
-5.66757e-06
-3.42018e-06
-5.27522e-06
-1.21352e-06
-4.18008e-06
-1.71004e-06
-9.42466e-06
1.86203e-05
-1.72895e-05
2.35062e-05
-2.30056e-05
2.01175e-05
-2.62721e-05
1.25049e-05
-2.77237e-05
6.2677e-06
-2.79109e-05
1.63689e-06
-2.72125e-05
-1.57861e-06
-2.58764e-05
-3.77326e-06
-2.40869e-05
-5.28336e-06
-2.19781e-05
-6.3446e-06
-1.96422e-05
-7.11134e-06
-1.71465e-05
-7.67515e-06
-1.4542e-05
-8.08149e-06
-1.18767e-05
-8.34107e-06
-9.20028e-06
-8.43214e-06
-6.57351e-06
-8.29412e-06
-4.0734e-06
-7.77586e-06
-1.77731e-06
-6.47582e-06
-3.48763e-06
-1.23357e-05
3.09561e-05
-1.98988e-05
3.10694e-05
-2.46987e-05
2.49173e-05
-2.72748e-05
1.50813e-05
-2.82726e-05
7.26531e-06
-2.81785e-05
1.54297e-06
-2.73062e-05
-2.45114e-06
-2.58764e-05
-5.203e-06
-2.40514e-05
-7.10821e-06
-2.19481e-05
-8.4479e-06
-1.96493e-05
-9.41008e-06
-1.72162e-05
-1.01086e-05
-1.46956e-05
-1.0602e-05
-1.21297e-05
-1.09071e-05
-9.5586e-06
-1.10033e-05
-7.02404e-06
-1.08285e-05
-4.56151e-06
-1.02388e-05
-2.15893e-06
-8.87815e-06
-5.64678e-06
-1.58308e-05
4.6787e-05
-2.30915e-05
3.83301e-05
-2.68896e-05
2.87153e-05
-2.86718e-05
1.68636e-05
-2.91169e-05
7.71024e-06
-2.86656e-05
1.09186e-06
-2.75722e-05
-3.54464e-06
-2.60164e-05
-6.75879e-06
-2.41306e-05
-8.99399e-06
-2.20118e-05
-1.05668e-05
-1.97304e-05
-1.16914e-05
-1.73394e-05
-1.24998e-05
-1.48791e-05
-1.30622e-05
-1.23837e-05
-1.34025e-05
-9.88244e-06
-1.35046e-05
-7.39738e-06
-1.33134e-05
-4.92893e-06
-1.27076e-05
-2.4106e-06
-1.13963e-05
-8.05757e-06
-2.04665e-05
6.72535e-05
-2.71253e-05
4.49889e-05
-2.96289e-05
3.12188e-05
-3.0458e-05
1.76928e-05
-3.0255e-05
7.50712e-06
-2.93846e-05
2.21524e-07
-2.80286e-05
-4.90068e-06
-2.63161e-05
-8.47135e-06
-2.43445e-05
-1.09656e-05
-2.21882e-05
-1.27233e-05
-1.99031e-05
-1.39764e-05
-1.7532e-05
-1.4871e-05
-1.51071e-05
-1.54871e-05
-1.26536e-05
-1.5856e-05
-1.01889e-05
-1.59694e-05
-7.71747e-06
-1.57847e-05
-5.21379e-06
-1.52116e-05
-2.58435e-06
-1.40256e-05
-1.06421e-05
-2.66049e-05
9.38584e-05
-3.22115e-05
5.05955e-05
-3.29274e-05
3.19346e-05
-3.2607e-05
1.73725e-05
-3.16651e-05
6.56509e-06
-3.03244e-05
-1.11916e-06
-2.8672e-05
-6.55325e-06
-2.67764e-05
-1.0367e-05
-2.46965e-05
-1.30455e-05
-2.2482e-05
-1.49378e-05
-2.01727e-05
-1.62857e-05
-1.77998e-05
-1.7244e-05
-1.53861e-05
-1.79007e-05
-1.29473e-05
-1.82947e-05
-1.04897e-05
-1.84272e-05
-8.00292e-06
-1.82714e-05
-5.44499e-06
-1.77697e-05
-2.7162e-06
-1.67544e-05
-1.33584e-05
-3.48157e-05
0.000128674
-3.82509e-05
5.40308e-05
-3.67182e-05
3.04018e-05
-3.50435e-05
1.56979e-05
-3.32957e-05
4.8172e-06
-3.14496e-05
-2.96529e-06
-2.94765e-05
-8.52648e-06
-2.73774e-05
-1.24662e-05
-2.51705e-05
-1.52522e-05
-2.28798e-05
-1.72286e-05
-2.05276e-05
-1.86377e-05
-1.81331e-05
-1.96386e-05
-1.5709e-05
-2.03248e-05
-1.32615e-05
-2.07421e-05
-1.07866e-05
-2.09022e-05
-8.26268e-06
-2.07953e-05
-5.63828e-06
-2.03943e-05
-2.81599e-06
-1.95767e-05
-1.61745e-05
-2.08572e-05
0.000168004
-4.03164e-05
0.000169788
-6.93097e-05
0.00017826
-8.61876e-05
0.000195752
-0.000120617
0.000199312
-0.000157952
0.000172064
-0.000193737
0.000133527
-0.000224224
9.02334e-05
-0.000246569
4.61828e-05
-0.000259646
5.72084e-06
-0.00026416
-2.78199e-05
-0.00026182
-5.35438e-05
-0.000254584
-7.23173e-05
-0.000244343
-8.559e-05
-0.000232822
-9.49002e-05
-0.000221669
-0.000101587
-0.000212631
-0.000106656
-0.000207649
-0.000110704
-0.000208611
-0.000113712
-0.000216074
-0.000114222
-0.000225375
-0.000108449
-0.000225122
-9.21083e-05
-6.10186e-05
-0.000216217
-1.766e-05
0.000185664
-3.50958e-05
0.000187224
-4.81636e-05
0.000191328
-5.83925e-05
0.000205981
-8.24186e-05
0.000223339
-0.000117008
0.000206654
-0.000154562
0.00017108
-0.000189498
0.00012517
-0.000217621
7.43056e-05
-0.000236586
2.46861e-05
-0.000246497
-1.79091e-05
-0.000248924
-5.11171e-05
-0.00024581
-7.54305e-05
-0.000239174
-9.22261e-05
-0.000230893
-0.000103181
-0.000222616
-0.000109864
-0.000215787
-0.000113485
-0.000211729
-0.000114762
-0.000211587
-0.000113853
-0.000215715
-0.000110094
-0.000222326
-0.000101838
-0.000227398
-8.70368e-05
-6.43549e-05
-0.000224061
-1.51982e-05
0.000200862
-3.07594e-05
0.000202785
-4.34738e-05
0.000204043
-5.1533e-05
0.00021404
-5.9221e-05
0.000231027
-8.35576e-05
0.000230991
-0.000118961
0.000206484
-0.000156459
0.000162668
-0.000189055
0.000106902
-0.00021289
4.85208e-05
-0.000227581
-3.21856e-06
-0.000234555
-4.41432e-05
-0.000235482
-7.45032e-05
-0.000232236
-9.54724e-05
-0.000226721
-0.000108696
-0.000220617
-0.000115968
-0.000215226
-0.000118876
-0.000211484
-0.000118504
-0.000209963
-0.000115375
-0.000210608
-0.000109448
-0.000212316
-0.00010013
-0.000212709
-8.6643e-05
-6.93162e-05
-0.000207748
-1.31857e-05
0.000214048
-2.69925e-05
0.000216592
-3.99275e-05
0.000216977
-4.84591e-05
0.000222572
-5.1637e-05
0.000234204
-6.33718e-05
0.000242725
-8.97753e-05
0.000232887
-0.000126225
0.000199118
-0.000161699
0.000142375
-0.000189107
7.59289e-05
-0.000207563
1.52369e-05
-0.000218595
-3.31109e-05
-0.000223471
-6.96267e-05
-0.000223608
-9.5336e-05
-0.000220698
-0.000111607
-0.000216425
-0.000120241
-0.000212098
-0.000123203
-0.000208542
-0.00012206
-0.000206144
-0.000117773
-0.000204798
-0.000110794
-0.000203704
-0.000101223
-0.000201229
-8.91183e-05
-7.51347e-05
-0.00019541
-1.16863e-05
0.000225734
-2.40338e-05
0.000228939
-3.63009e-05
0.000229244
-4.59546e-05
0.000232225
-5.11378e-05
0.000239388
-5.5714e-05
0.000247301
-6.97881e-05
0.000246961
-9.93211e-05
0.000228651
-0.000135642
0.000178696
-0.000165666
0.000105953
-0.000186843
3.64133e-05
-0.000201302
-1.86516e-05
-0.000209877
-6.10515e-05
-0.000213366
-9.1847e-05
-0.00021304
-0.000111933
-0.000210474
-0.000122807
-0.000207047
-0.00012663
-0.000203623
-0.000125484
-0.000200579
-0.000120817
-0.000197864
-0.000113509
-0.00019496
-0.000104128
-0.000190882
-9.31962e-05
-8.14997e-05
-0.000184517
-1.06646e-05
0.000236399
-2.17507e-05
0.000240025
-3.30341e-05
0.000240528
-4.30418e-05
0.000242233
-4.99059e-05
0.000246252
-5.38488e-05
0.000251244
-5.9606e-05
0.000252718
-7.71012e-05
0.000246146
-0.000109809
0.000211404
-0.000142257
0.000138401
-0.000165681
5.98366e-05
-0.000183101
-1.23079e-06
-0.000195043
-4.91097e-05
-0.000201731
-8.51588e-05
-0.000203964
-0.0001097
-0.000203095
-0.000123676
-0.000200545
-0.00012918
-0.00019731
-0.000128719
-0.000193862
-0.000124265
-0.000190268
-0.000117103
-0.000186262
-0.000108133
-0.000181302
-9.81562e-05
-8.80213e-05
-0.00017478
-9.98394e-06
0.000246383
-2.00133e-05
0.000250054
-3.0238e-05
0.000250753
-3.96986e-05
0.000251694
-4.71569e-05
0.00025371
-5.17306e-05
0.000255818
-5.50252e-05
0.000256013
-6.05497e-05
0.00025167
-8.35693e-05
0.000234423
-0.000118786
0.000173617
-0.000144483
8.55343e-05
-0.000164696
1.89816e-05
-0.000179611
-3.41947e-05
-0.000189157
-7.56121e-05
-0.000193798
-0.00010506
-0.000194607
-0.000122867
-0.000192968
-0.000130819
-0.000190016
-0.000131671
-0.000186376
-0.000127905
-0.000182262
-0.000121216
-0.000177618
-0.000112778
-0.0001722
-0.000103574
-9.45139e-05
-0.000165708
-9.47688e-06
0.00025586
-1.86064e-05
0.000259184
-2.76421e-05
0.000259788
-3.61822e-05
0.000260234
-4.31978e-05
0.000260726
-4.81057e-05
0.000260726
-5.11861e-05
0.000259093
-5.44243e-05
0.000254908
-6.5336e-05
0.000245335
-9.77501e-05
0.000206032
-0.000124792
0.000112577
-0.000147218
4.14071e-05
-0.000164436
-1.6976e-05
-0.000176249
-6.37997e-05
-0.000182953
-9.83548e-05
-0.000185338
-0.000120483
-0.000184637
-0.000131519
-0.000182066
-0.000134242
-0.00017841
-0.000131561
-0.000174037
-0.000125589
-0.000169061
-0.000117754
-0.000163448
-0.000109187
-0.000100868
-0.000157095
-9.01196e-06
0.000264872
-1.73316e-05
0.000267504
-2.51909e-05
0.000267648
-3.25011e-05
0.000267544
-3.87144e-05
0.000266939
-4.33464e-05
0.000265358
-4.67299e-05
0.000262477
-4.97922e-05
0.000257971
-5.54655e-05
0.000251008
-8.0098e-05
0.000230664
-0.000107752
0.000140231
-0.000131585
6.52407e-05
-0.000150177
1.61592e-06
-0.000163517
-5.04592e-05
-0.000171811
-9.00606e-05
-0.000175579
-0.000116714
-0.000175815
-0.000131283
-0.00017371
-0.000136347
-0.000170179
-0.000135093
-0.000165734
-0.000130033
-0.000160631
-0.000122857
-0.000154985
-0.000114832
-0.000107023
-0.000148829
-8.51009e-06
0.000273382
-1.6081e-05
0.000275075
-2.28783e-05
0.000274445
-2.89557e-05
0.000273621
-3.41642e-05
0.000272147
-3.83374e-05
0.000269531
-4.1633e-05
0.000265772
-4.4822e-05
0.00026116
-4.89937e-05
0.00025518
-6.38963e-05
0.000245567
-9.37631e-05
0.000170098
-0.000118092
8.95693e-05
-0.00013706
2.05841e-05
-0.000151214
-3.63048e-05
-0.00016062
-8.06542e-05
-0.000165543
-0.000111791
-0.000166688
-0.000130138
-0.000165123
-0.000137912
-0.000161831
-0.000138385
-0.000157451
-0.000134414
-0.000152355
-0.000127953
-0.000146777
-0.000120411
-0.000112953
-0.000140848
-7.93402e-06
0.000281316
-1.48028e-05
0.000281943
-2.07007e-05
0.000280343
-2.57475e-05
0.000278668
-3.00188e-05
0.000276419
-3.36137e-05
0.000273126
-3.67012e-05
0.00026886
-3.96851e-05
0.000264144
-4.33602e-05
0.000258855
-5.05626e-05
0.000252769
-8.34129e-05
0.000202948
-0.000106205
0.000112362
-0.000124776
3.91549e-05
-0.000139293
-2.17879e-05
-0.000149473
-7.04743e-05
-0.000155359
-0.000105905
-0.000157377
-0.00012812
-0.000156412
-0.000138877
-0.000153453
-0.000141344
-0.000149238
-0.000138629
-0.000144242
-0.000132948
-0.00013879
-0.000125863
-0.000118647
-0.000133096
-7.27859e-06
0.000288594
-1.34785e-05
0.000288143
-1.8635e-05
0.000285499
-2.28908e-05
0.000282924
-2.64368e-05
0.000279965
-2.95056e-05
0.000276195
-3.23133e-05
0.000271668
-3.50521e-05
0.000266882
-3.82156e-05
0.000262018
-4.18173e-05
0.000256371
-7.03789e-05
0.00023151
-9.32488e-05
0.000135232
-0.000112486
5.83919e-05
-0.000127528
-6.74517e-06
-0.000138394
-5.96084e-05
-0.000145124
-9.91752e-05
-0.000147973
-0.000125271
-0.000147645
-0.000139204
-0.000145089
-0.0001439
-0.00014111
-0.000142608
-0.000136273
-0.000137785
-0.000130982
-0.000131154
-0.000124108
-0.000125521
-6.56285e-06
0.000295157
-1.21225e-05
0.000293703
-1.66633e-05
0.00029004
-2.03281e-05
0.000286589
-2.33502e-05
0.000282987
-2.60138e-05
0.000278858
-2.85347e-05
0.000274189
-3.10258e-05
0.000269374
-3.37327e-05
0.000264725
-3.68923e-05
0.000259531
-5.45299e-05
0.000249147
-7.98519e-05
0.000160554
-0.000100459
7.89989e-05
-0.000116113
8.90943e-06
-0.000127541
-4.81801e-05
-0.000134962
-9.17551e-05
-0.000138552
-0.000121681
-0.000138859
-0.000138898
-0.000136745
-0.000146014
-0.00013305
-0.000146303
-0.000128411
-0.000142425
-0.000123299
-0.000136265
-0.000129345
-0.000118063
-5.81793e-06
0.000300975
-1.07683e-05
0.000298653
-1.47879e-05
0.00029406
-1.80064e-05
0.000289807
-2.06536e-05
0.000285634
-2.30123e-05
0.000281217
-2.52902e-05
0.000276467
-2.75592e-05
0.000271642
-2.99256e-05
0.000267092
-3.26976e-05
0.000262303
-4.03928e-05
0.000256842
-6.94745e-05
0.000189635
-9.00866e-05
9.96112e-05
-0.000105478
2.43006e-05
-0.000117097
-3.65611e-05
-0.000124976
-8.38754e-05
-0.000129176
-0.000117481
-0.00013007
-0.000138003
-0.000128408
-0.000147676
-0.000125022
-0.000149689
-0.000120602
-0.000146845
-0.00011568
-0.000141187
-0.000134363
-0.000110662
-5.07841e-06
0.000306054
-9.45593e-06
0.000303031
-1.30244e-05
0.000297628
-1.58923e-05
0.000292675
-1.82644e-05
0.000288006
-2.0392e-05
0.000283345
-2.24697e-05
0.000278544
-2.45627e-05
0.000273736
-2.67039e-05
0.000269233
-2.91851e-05
0.000264784
-3.23414e-05
0.000259999
-6.30419e-05
0.000220336
-8.08106e-05
0.00011738
-9.53521e-05
3.88421e-05
-0.00010695
-2.49627e-05
-0.000115173
-7.56527e-05
-0.000119871
-0.000112783
-0.000121286
-0.000136588
-0.000120052
-0.00014891
-0.000116975
-0.000152766
-0.000112783
-0.000151038
-0.000108057
-0.000145913
-0.000139168
-0.000103253
-4.37654e-06
0.00031043
-8.22434e-06
0.000306879
-1.13967e-05
0.0003008
-1.39752e-05
0.000295254
-1.61313e-05
0.000290162
-1.8075e-05
0.000285288
-1.99807e-05
0.00028045
-2.1912e-05
0.000275667
-2.38721e-05
0.000271193
-2.60603e-05
0.000266972
-2.81938e-05
0.000262132
-5.17179e-05
0.00024386
-6.94067e-05
0.000135069
-8.47845e-05
5.422e-05
-9.6945e-05
-1.28023e-05
-0.000105578
-6.70193e-05
-0.000110683
-0.000107678
-0.000112517
-0.000134755
-0.00011165
-0.000149778
-0.000108856
-0.000155559
-0.000104885
-0.000155009
-0.000100359
-0.000150439
-0.000143755
-9.57716e-05
-3.73781e-06
0.000314168
-7.10556e-06
0.000310246
-9.9278e-06
0.000303623
-1.22579e-05
0.000297584
-1.42323e-05
0.000292137
-1.60204e-05
0.000287077
-1.77712e-05
0.000282201
-1.95468e-05
0.000277442
-2.13358e-05
0.000272982
-2.32471e-05
0.000268883
-2.5341e-05
0.000264226
-3.81058e-05
0.000256625
-5.77133e-05
0.000154677
-7.47599e-05
7.12668e-05
-8.75965e-05
3.42657e-08
-9.6441e-05
-5.81749e-05
-0.000101709
-0.00010241
-0.000103777
-0.000132687
-0.000103166
-0.000150389
-0.000100602
-0.000158123
-9.68365e-05
-0.000158774
-9.2513e-05
-0.000154763
-0.000148113
-8.81542e-05
-3.17865e-06
0.000317347
-6.12044e-06
0.000313188
-8.63317e-06
0.000306135
-1.07443e-05
0.000299695
-1.25576e-05
0.00029395
-1.42075e-05
0.000288726
-1.58173e-05
0.000283811
-1.74487e-05
0.000279074
-1.90869e-05
0.00027462
-2.07977e-05
0.000270594
-2.28051e-05
0.000266233
-2.81787e-05
0.000261998
-4.98029e-05
0.000176301
-6.72452e-05
8.87091e-05
-7.96135e-05
1.24025e-05
-8.79475e-05
-4.98408e-05
-9.29677e-05
-9.73899e-05
-9.50266e-05
-0.000130628
-9.45309e-05
-0.000150885
-9.21314e-05
-0.000160522
-8.85551e-05
-0.000162351
-8.4447e-05
-0.000158871
-0.00015222
-8.03403e-05
-2.70643e-06
0.000320053
-5.278e-06
0.00031576
-7.51854e-06
0.000308376
-9.43416e-06
0.000301611
-1.11002e-05
0.000295616
-1.26223e-05
0.000290249
-1.4101e-05
0.000285289
-1.55966e-05
0.000280569
-1.71027e-05
0.000276126
-1.86547e-05
0.000272146
-2.05383e-05
0.000268117
-2.30524e-05
0.000264513
-4.708e-05
0.000200328
-6.24748e-05
0.000104104
-7.2667e-05
2.25948e-05
-7.9791e-05
-4.27167e-05
-8.42571e-05
-9.29238e-05
-8.61293e-05
-0.000128756
-8.5637e-05
-0.000151377
-8.33486e-05
-0.000162811
-7.99574e-05
-0.000165742
-7.60915e-05
-0.000162737
-0.000156034
-7.22775e-05
-2.31934e-06
0.000322372
-4.5762e-06
0.000318017
-6.58034e-06
0.00031038
-8.32183e-06
0.000303352
-9.85325e-06
0.000297147
-1.1256e-05
0.000291651
-1.26117e-05
0.000286645
-1.39755e-05
0.000281933
-1.53512e-05
0.000277502
-1.67555e-05
0.00027355
-1.84299e-05
0.000269791
-1.99868e-05
0.000266069
-4.62844e-05
0.000226626
-5.74977e-05
0.000115317
-6.52195e-05
3.03165e-05
-7.12381e-05
-3.66982e-05
-7.52394e-05
-8.89226e-05
-7.69068e-05
-0.000127089
-7.63657e-05
-0.000151919
-7.41615e-05
-0.000165015
-7.09692e-05
-0.000168934
-6.73899e-05
-0.000166316
-0.000159498
-6.3926e-05
-2.00889e-06
0.000324381
-4.00521e-06
0.000320013
-5.80768e-06
0.000312182
-7.39658e-06
0.000304941
-8.80789e-06
0.000298559
-1.01034e-05
0.000292947
-1.13475e-05
0.000287889
-1.25864e-05
0.000283172
-1.38271e-05
0.000278743
-1.50702e-05
0.000274794
-1.64693e-05
0.00027119
-1.76889e-05
0.000267289
-3.90229e-05
0.00024796
-4.85116e-05
0.000124806
-5.58364e-05
3.76412e-05
-6.18177e-05
-3.07169e-05
-6.5741e-05
-8.49992e-05
-6.72646e-05
-0.000125565
-6.66395e-05
-0.000152544
-6.45029e-05
-0.000167152
-6.15373e-05
-0.0001719
-5.83051e-05
-0.000169548
-0.000162539
-5.52643e-05
-1.76772e-06
0.000326149
-3.55288e-06
0.000321798
-5.18506e-06
0.000313815
-6.64344e-06
0.000306399
-7.95296e-06
0.000299868
-9.1595e-06
0.000294153
-1.03112e-05
0.000289041
-1.14414e-05
0.000284302
-1.25515e-05
0.000279853
-1.3623e-05
0.000275865
-1.47704e-05
0.000272338
-1.59512e-05
0.00026847
-2.77693e-05
0.000259778
-3.7215e-05
0.000134252
-4.54103e-05
4.58366e-05
-5.20275e-05
-2.40997e-05
-5.59849e-05
-8.10419e-05
-5.72528e-05
-0.000124297
-5.64344e-05
-0.000153362
-5.43319e-05
-0.000169254
-5.16297e-05
-0.000174602
-4.88209e-05
-0.000172357
-0.000165068
-4.62921e-05
-1.59219e-06
0.000327741
-3.20338e-06
0.000323409
-4.69062e-06
0.000315302
-6.04103e-06
0.00030775
-7.27171e-06
0.000301099
-8.41468e-06
0.000295296
-9.50321e-06
0.000290129
-1.05555e-05
0.000285355
-1.15591e-05
0.000280856
-1.24772e-05
0.000276783
-1.34053e-05
0.000273266
-1.44262e-05
0.000269491
-1.91928e-05
0.000264545
-2.76869e-05
0.000142746
-3.6146e-05
5.42956e-05
-4.288e-05
-1.73657e-05
-4.63253e-05
-7.75966e-05
-4.69369e-05
-0.000123686
-4.57213e-05
-0.000154578
-4.36096e-05
-0.000171366
-4.12264e-05
-0.000176985
-3.89401e-05
-0.000174643
-0.000166978
-3.70296e-05
-1.46709e-06
0.000329208
-2.92445e-06
0.000324867
-4.28812e-06
0.000316666
-5.55477e-06
0.000309016
-6.73301e-06
0.000302277
-7.84245e-06
0.000296406
-8.90389e-06
0.000291191
-9.92198e-06
0.000286373
-1.08657e-05
0.0002818
-1.16687e-05
0.000277586
-1.23689e-05
0.000273966
-1.30134e-05
0.000270135
-1.49349e-05
0.000266466
-2.14919e-05
0.000149303
-2.90655e-05
6.18693e-05
-3.47252e-05
-1.1706e-05
-3.6751e-05
-7.55708e-05
-3.61951e-05
-0.000124242
-3.43868e-05
-0.000156386
-3.22724e-05
-0.00017348
-3.03129e-05
-0.000178945
-2.86836e-05
-0.000176273
-0.000168143
-2.75187e-05
-1.34253e-06
0.000330551
-2.65692e-06
0.000326181
-3.9218e-06
0.00031793
-5.13055e-06
0.000310225
-6.28019e-06
0.000303427
-7.38019e-06
0.000297506
-8.44453e-06
0.000292255
-9.46987e-06
0.000287398
-1.04062e-05
0.000282736
-1.11406e-05
0.000278321
-1.1592e-05
0.000274418
-1.17648e-05
0.000270308
-1.24725e-05
0.000267174
-1.72893e-05
0.00015412
-2.32987e-05
6.78788e-05
-2.6854e-05
-8.15066e-06
-2.67274e-05
-7.56974e-05
-2.4657e-05
-0.000126312
-2.22189e-05
-0.000158824
-2.02346e-05
-0.000175465
-1.88887e-05
-0.000180291
-1.8099e-05
-0.000177062
-0.000168413
-1.78286e-05
-1.13354e-06
0.000331684
-2.32717e-06
0.000327375
-3.52418e-06
0.000319127
-4.6949e-06
0.000311396
-5.82324e-06
0.000304555
-6.91338e-06
0.000298596
-7.98168e-06
0.000293323
-9.02716e-06
0.000288443
-9.98515e-06
0.000283694
-1.06861e-05
0.000279021
-1.09133e-05
0.000274645
-1.07526e-05
0.000270147
-1.04488e-05
0.00026687
-1.36577e-05
0.000157329
-1.78315e-05
7.20526e-05
-1.82963e-05
-7.68592e-06
-1.54975e-05
-7.84963e-05
-1.18347e-05
-0.000129975
-8.9789e-06
-0.00016168
-7.43305e-06
-0.000177011
-6.99159e-06
-0.000180732
-7.27386e-06
-0.00017678
-0.000167622
-8.06487e-06
-7.59236e-07
0.000332444
-1.88065e-06
0.000328496
-3.03134e-06
0.000320278
-4.15949e-06
0.000312524
-5.23848e-06
0.000305634
-6.27417e-06
0.000299632
-7.29701e-06
0.000294346
-8.32426e-06
0.000289471
-9.29241e-06
0.000284663
-9.98323e-06
0.000279712
-1.00629e-05
0.000274725
-9.62863e-06
0.000269713
-8.65568e-06
0.000265897
-1.09632e-05
0.000159636
-1.19821e-05
7.30716e-05
-8.02263e-06
-1.16455e-05
-2.2231e-06
-8.42959e-05
2.73706e-06
-0.000134935
5.49367e-06
-0.000164437
6.10625e-06
-0.000177623
5.2615e-06
-0.000179887
3.64408e-06
-0.000175162
-0.000165601
1.62281e-06
-2.35325e-07
0.000332679
-1.30888e-06
0.00032957
-2.39551e-06
0.000321365
-3.43217e-06
0.000313561
-4.38341e-06
0.000306585
-5.26318e-06
0.000300511
-6.12772e-06
0.000295211
-7.03323e-06
0.000290376
-7.953e-06
0.000285582
-8.66128e-06
0.000280421
-8.7002e-06
0.000274763
-7.81369e-06
0.000268827
-5.4032e-06
0.000263487
-4.89495e-06
0.000159128
-2.35959e-06
7.05362e-05
5.86498e-06
-1.987e-05
1.40398e-05
-9.24707e-05
1.93507e-05
-0.000140246
2.11268e-05
-0.000166213
2.01571e-05
-0.000176654
1.7603e-05
-0.000177333
1.4391e-05
-0.00017195
-0.000162207
1.09966e-05
2.8473e-07
0.000332394
-6.79507e-07
0.000330534
-1.62497e-06
0.00032231
-2.46174e-06
0.000314397
-3.14854e-06
0.000307272
-3.71012e-06
0.000301073
-4.23435e-06
0.000295735
-4.82975e-06
0.000290972
-5.54959e-06
0.000286302
-6.2501e-06
0.000281121
-6.38735e-06
0.000274901
-4.82541e-06
0.000267265
1.03385e-06
0.000257627
5.34706e-06
0.000154815
1.30828e-05
6.28004e-05
2.45486e-05
-3.13359e-05
3.35991e-05
-0.000101521
3.78189e-05
-0.000144466
3.75375e-05
-0.000165932
3.43085e-05
-0.000173425
2.96611e-05
-0.000172686
2.46507e-05
-0.00016694
-0.000157343
1.97874e-05
3.63071e-07
0.000332031
-2.91451e-07
0.000331188
-9.07545e-07
0.000322926
-1.36328e-06
0.000314853
-1.58024e-06
0.000307489
-1.59883e-06
0.000301092
-1.5375e-06
0.000295674
-1.54161e-06
0.000290976
-1.72955e-06
0.00028649
-2.11359e-06
0.000281505
-2.26214e-06
0.000275049
8.35357e-08
0.000264919
1.39186e-05
0.000243792
2.10386e-05
0.000147695
3.44241e-05
4.94148e-05
4.78564e-05
-4.47683e-05
5.58772e-05
-0.000109542
5.73854e-05
-0.000145974
5.40062e-05
-0.000162552
4.79574e-05
-0.000167376
4.09588e-05
-0.000165687
3.40556e-05
-0.000160037
-0.000151002
2.77143e-05
-4.9829e-07
0.000332529
-7.78474e-07
0.000331469
-7.01847e-07
0.00032285
-4.88777e-07
0.00031464
7.52745e-08
0.000306925
8.72568e-07
0.000300294
1.78589e-06
0.00029476
2.71523e-06
0.000290046
3.5712e-06
0.000285634
4.16525e-06
0.000280911
4.45283e-06
0.000274762
7.78847e-06
0.000261583
2.97192e-05
0.000221862
4.20422e-05
0.000135372
6.10354e-05
3.04216e-05
7.47959e-05
-5.8529e-05
7.96032e-05
-0.000114349
7.68283e-05
-0.000143199
6.95249e-05
-0.000155249
6.03385e-05
-0.000158189
5.09347e-05
-0.000156283
4.21993e-05
-0.000151301
-0.000143286
3.44832e-05
-3.35087e-06
0.00033588
-3.00295e-06
0.000331121
-1.36e-06
0.000321207
-8.97617e-09
0.000313289
1.75089e-06
0.000305165
3.61535e-06
0.00029843
5.5621e-06
0.000292814
7.67858e-06
0.00028793
1.01825e-05
0.00028313
1.32955e-05
0.000277798
1.75222e-05
0.000270535
2.78172e-05
0.000251288
5.11676e-05
0.000198511
7.20872e-05
0.000114452
9.37035e-05
8.80521e-06
0.000104113
-6.89386e-05
0.000102946
-0.000113182
9.44964e-05
-0.00013475
8.28546e-05
-0.000143607
7.05787e-05
-0.000145913
5.89881e-05
-0.000144693
4.86726e-05
-0.000140986
-0.000134428
3.98142e-05
-7.60975e-06
0.00034349
-7.18947e-06
0.0003307
-2.55486e-06
0.000316572
8.23237e-07
0.000309911
4.47244e-06
0.000301516
8.05525e-06
0.000294847
1.13724e-05
0.000289496
1.52785e-05
0.000284024
2.06992e-05
0.00027771
2.95064e-05
0.000268991
4.48178e-05
0.000255223
6.84795e-05
0.000227627
9.23271e-05
0.000174664
0.000117079
8.97002e-05
0.000132161
-6.27681e-06
0.000132716
-6.94942e-05
0.000122851
-0.000103317
0.000108219
-0.000120118
9.25879e-05
-0.000127977
7.77893e-05
-0.000131115
6.4557e-05
-0.00013146
5.31185e-05
-0.000129547
-0.000124789
4.34792e-05
-1.0189e-05
0.000353679
-1.24883e-05
0.000333
-5.28882e-06
0.000309373
1.47499e-06
0.000303147
7.71744e-06
0.000295273
1.39813e-05
0.000288583
2.09958e-05
0.000282482
2.95236e-05
0.000275496
4.09387e-05
0.000266294
5.72213e-05
0.000252708
8.10566e-05
0.000231388
0.000112535
0.000196148
0.000141631
0.000145568
0.000163242
6.80889e-05
0.00016501
-8.04432e-06
0.000153005
-5.74899e-05
0.000134929
-8.52398e-05
0.000115632
-0.000100821
9.74708e-05
-0.000109816
8.12844e-05
-0.000114928
6.72525e-05
-0.000117429
5.53099e-05
-0.000117605
-0.000114822
4.5343e-05
-2.64338e-07
0.000353943
-1.33218e-05
0.000346057
-8.28294e-06
0.000304334
2.44738e-06
0.000292417
1.30371e-05
0.000284683
2.35024e-05
0.000278118
3.50048e-05
0.000270979
4.86953e-05
0.000261806
6.58661e-05
0.000249124
8.79777e-05
0.000230597
0.000116002
0.000203364
0.000147525
0.000164625
0.000175371
0.000117721
0.000186202
5.72585e-05
0.000176869
1.28889e-06
0.000157715
-3.83359e-05
0.000136168
-6.36929e-05
0.000115554
-8.02071e-05
9.70354e-05
-9.12972e-05
8.08793e-05
-9.8772e-05
6.69985e-05
-0.000103548
5.52137e-05
-0.00010582
-0.000105
4.53921e-05
1.11016e-05
0.000342842
-1.98377e-06
0.000359142
-7.78386e-07
0.000303129
1.03272e-05
0.000281311
2.36339e-05
0.000271377
3.7632e-05
0.000264119
5.29666e-05
0.000255645
7.04824e-05
0.00024429
9.09092e-05
0.000228697
0.00011428
0.000207226
0.000139264
0.00017838
0.000161672
0.000142218
0.000178044
0.000101349
0.000179486
5.58159e-05
0.000167081
1.36945e-05
0.000148123
-1.9378e-05
0.000127981
-4.35509e-05
0.000108986
-6.12123e-05
9.19383e-05
-7.42492e-05
7.69907e-05
-8.38244e-05
6.40542e-05
-9.06112e-05
5.29899e-05
-9.47558e-05
-9.57362e-05
4.37261e-05
2.04687e-05
0.000322373
1.92219e-05
0.000360389
1.90307e-05
0.00030332
2.78496e-05
0.000272492
4.03401e-05
0.000258887
5.45868e-05
0.000249873
7.03078e-05
0.000239924
8.75846e-05
0.000227013
0.00010623
0.000210051
0.000125228
0.000188229
0.00014246
0.000161148
0.0001552
0.000129478
0.000161449
9.50994e-05
0.000158153
5.91123e-05
0.000146631
2.52162e-05
0.000130861
-3.60764e-06
0.000114101
-2.67908e-05
9.80672e-05
-4.51783e-05
8.34373e-05
-5.96194e-05
7.03729e-05
-7.076e-05
5.88753e-05
-7.91136e-05
4.89138e-05
-8.47943e-05
-8.73366e-05
4.05142e-05
2.49441e-05
0.000297429
3.765e-05
0.000347682
4.15151e-05
0.000299455
4.73709e-05
0.000266636
5.60827e-05
0.000250174
6.69955e-05
0.00023896
7.94654e-05
0.000227454
9.29434e-05
0.000213535
0.000106666
0.000196328
0.000119453
0.000175442
0.000129716
0.000150885
0.000135909
0.000123285
0.000137168
9.38402e-05
0.000132621
6.3659e-05
0.000123129
3.47081e-05
0.000110759
8.76274e-06
9.75325e-05
-1.3564e-05
8.46973e-05
-3.23431e-05
7.27525e-05
-4.76746e-05
6.17974e-05
-5.98048e-05
5.1936e-05
-6.92521e-05
4.32715e-05
-7.61298e-05
-7.99977e-05
3.59327e-05
2.22378e-05
0.000275192
4.35857e-05
0.000326335
5.23505e-05
0.00029069
5.7003e-05
0.000261984
6.2422e-05
0.000244756
6.95776e-05
0.000231805
7.81107e-05
0.000218921
8.73087e-05
0.000204337
9.63288e-05
0.000187308
0.000104208
0.000167563
0.00010993
0.000145163
0.000112641
0.000120574
0.000111891
9.45893e-05
0.000107456
6.80947e-05
9.98527e-05
4.23113e-05
9.03011e-05
1.83145e-05
8.01135e-05
-3.37637e-06
7.02255e-05
-2.24552e-05
6.08362e-05
-3.82853e-05
5.18692e-05
-5.08378e-05
4.35927e-05
-6.09756e-05
3.62635e-05
-6.88005e-05
-7.38276e-05
3.00934e-05
1.74924e-05
0.000257699
3.98986e-05
0.000303929
5.06333e-05
0.000279955
5.53661e-05
0.000257251
5.93068e-05
0.000240815
6.41101e-05
0.000227001
6.97635e-05
0.000213267
7.57432e-05
0.000198357
8.13993e-05
0.000181652
8.60578e-05
0.000162904
8.9076e-05
0.000142145
8.99508e-05
0.000119699
8.84162e-05
9.61239e-05
8.44144e-05
7.20966e-05
7.83058e-05
4.84199e-05
7.08464e-05
2.57739e-05
6.29639e-05
4.50608e-06
5.55896e-05
-1.50809e-05
4.83313e-05
-3.1027e-05
4.08935e-05
-4.34001e-05
3.39701e-05
-5.40522e-05
2.79497e-05
-6.27801e-05
-6.88995e-05
2.30215e-05
1.51055e-05
0.000242594
3.38873e-05
0.000285147
4.35689e-05
0.000270273
4.81027e-05
0.000252718
5.1407e-05
0.000237511
5.49224e-05
0.000223486
5.87755e-05
0.000209414
6.2657e-05
0.000194476
6.6146e-05
0.000178163
6.88123e-05
0.000160238
7.02598e-05
0.000140698
7.01836e-05
0.000119775
6.84177e-05
9.78899e-05
6.49405e-05
7.55738e-05
5.99397e-05
5.34208e-05
5.37947e-05
3.19189e-05
4.71078e-05
1.1193e-05
4.12524e-05
-9.22559e-06
3.51308e-05
-2.49054e-05
2.84158e-05
-3.66851e-05
2.2712e-05
-4.83484e-05
1.81662e-05
-5.82343e-05
-6.54888e-05
1.47555e-05
1.94703e-05
2.94276e-05
3.50125e-05
3.86206e-05
4.17955e-05
4.50128e-05
4.82357e-05
5.12612e-05
5.38372e-05
5.57041e-05
5.66198e-05
5.63875e-05
5.48762e-05
5.20252e-05
4.78398e-05
4.2291e-05
3.50358e-05
2.58065e-05
1.73942e-05
1.19529e-05
8.64186e-06
6.48791e-06
5.11401e-06
-0.000201377
-1.48404e-05
-0.000193584
-7.7923e-06
-0.000194818
1.23363e-06
1.07197e-05
-0.000205538
-0.000217132
-2.17697e-05
-0.000209022
-1.59025e-05
-0.000198353
-9.43487e-06
-2.96778e-06
-0.000184666
-0.000203452
-2.60662e-05
-0.000197612
-2.17418e-05
-0.000189649
-1.73983e-05
-1.331e-05
-0.000179307
-0.000191028
-3.04486e-05
-0.000185583
-2.71866e-05
-0.000179024
-2.39574e-05
-2.09225e-05
-0.000171411
-0.000180488
-3.44771e-05
-0.000175747
-3.19281e-05
-0.000170273
-2.9431e-05
-2.70691e-05
-0.000164127
-0.000171015
-3.82422e-05
-0.000166779
-3.61642e-05
-0.000162058
-3.4152e-05
-3.22433e-05
-0.000156884
-0.000162185
-4.17653e-05
-0.000158345
-4.00037e-05
-0.00015417
-3.83268e-05
-3.67446e-05
-0.000149669
-0.000153789
-4.50708e-05
-0.000150268
-4.35253e-05
-0.000146505
-4.20888e-05
-4.07529e-05
-0.000142497
-0.000145722
-4.81778e-05
-0.000142467
-4.67803e-05
-0.000139035
-4.5521e-05
-4.43772e-05
-0.000135411
-0.000137922
-5.1103e-05
-0.000134897
-4.98051e-05
-0.000131741
-4.86774e-05
-4.76867e-05
-0.000128432
-0.000130337
-5.38619e-05
-0.000127515
-5.26269e-05
-0.000124597
-5.15962e-05
-5.07284e-05
-0.000121555
-0.000122914
-5.64682e-05
-0.000120274
-5.52673e-05
-0.000117565
-5.43053e-05
-5.35358e-05
-0.000114757
-0.000115597
-5.89342e-05
-0.000113121
-5.77432e-05
-0.0001106
-5.68258e-05
-5.6133e-05
-0.000108003
-0.000108326
-6.12693e-05
-0.000106002
-6.00674e-05
-0.000103655
-5.91729e-05
-5.85372e-05
-0.000101251
-0.000101043
-6.34793e-05
-9.88622e-05
-6.22479e-05
-9.66789e-05
-6.13561e-05
-6.07591e-05
-9.44569e-05
-9.36857e-05
-6.55653e-05
-9.16467e-05
-6.42868e-05
-8.96239e-05
-6.3379e-05
-6.28031e-05
-8.75798e-05
-8.61974e-05
-6.7522e-05
-8.43041e-05
-6.618e-05
-8.24449e-05
-6.52383e-05
-6.4667e-05
-8.0581e-05
-7.85246e-05
-6.93377e-05
-7.67885e-05
-6.7916e-05
-7.51031e-05
-6.69237e-05
-6.63417e-05
-7.34284e-05
-7.06226e-05
-7.09926e-05
-6.90626e-05
-6.9476e-05
-6.75684e-05
-6.84179e-05
-6.78118e-05
-6.60984e-05
-6.24591e-05
-7.24594e-05
-6.11015e-05
-7.08337e-05
-5.98226e-05
-6.96968e-05
-6.90557e-05
-5.85787e-05
-5.40197e-05
-7.37041e-05
-5.28968e-05
-7.19567e-05
-5.18631e-05
-7.07306e-05
-7.00472e-05
-5.08718e-05
-4.53098e-05
-7.46864e-05
-4.44594e-05
-7.28072e-05
-4.37051e-05
-7.14849e-05
-7.07558e-05
-4.29966e-05
-3.63557e-05
-7.53603e-05
-3.58201e-05
-7.33428e-05
-3.5383e-05
-7.19221e-05
-7.1149e-05
-3.49898e-05
-2.72057e-05
-7.56733e-05
-2.70314e-05
-7.35171e-05
-2.69514e-05
-7.20021e-05
-7.11934e-05
-2.69071e-05
-1.79345e-05
-7.55674e-05
-1.81705e-05
-7.32811e-05
-1.84879e-05
-7.16846e-05
-7.08565e-05
-1.88248e-05
-8.64883e-06
-7.49834e-05
-9.3431e-06
-7.25868e-05
-1.00951e-05
-7.09326e-05
-7.01106e-05
-1.0841e-05
5.07232e-07
-7.38678e-05
-6.84833e-07
-7.13947e-05
-1.89993e-06
-6.97175e-05
-6.89352e-05
-3.07526e-06
9.31459e-06
-7.21858e-05
7.6075e-06
-6.96876e-05
5.92402e-06
-6.8034e-05
-6.73318e-05
4.32067e-06
1.75237e-05
-6.99221e-05
1.53035e-05
-6.74674e-05
1.31657e-05
-6.58961e-05
-6.53205e-05
1.11544e-05
2.48868e-05
-6.70948e-05
2.2183e-05
-6.47636e-05
1.96275e-05
-6.33406e-05
-6.29405e-05
1.72475e-05
3.11512e-05
-6.37629e-05
2.80271e-05
-6.16395e-05
2.51179e-05
-6.04314e-05
-6.02535e-05
2.24309e-05
3.60815e-05
-6.00302e-05
3.26354e-05
-5.81934e-05
2.9464e-05
-5.72601e-05
-5.73428e-05
2.65532e-05
3.949e-05
-5.60411e-05
3.58502e-05
-5.45537e-05
3.25303e-05
-5.39403e-05
-5.43092e-05
2.94966e-05
4.12678e-05
-5.19658e-05
3.75804e-05
-5.08664e-05
3.42378e-05
-5.05978e-05
-5.12625e-05
3.1191e-05
4.14038e-05
-4.79776e-05
3.78149e-05
-4.72776e-05
3.45743e-05
-4.73572e-05
-4.83114e-05
3.16231e-05
3.99773e-05
-4.42288e-05
3.66159e-05
-4.39164e-05
3.35882e-05
-4.43296e-05
-4.55539e-05
3.08307e-05
3.71227e-05
-4.08373e-05
3.40913e-05
-4.08851e-05
3.13668e-05
-4.16052e-05
-4.30715e-05
2.88843e-05
3.29822e-05
-3.78868e-05
3.03578e-05
-3.82609e-05
2.8008e-05
-3.92555e-05
-4.09315e-05
2.58679e-05
2.76532e-05
-3.54466e-05
2.55075e-05
-3.61152e-05
2.36038e-05
-3.73519e-05
-3.92034e-05
2.18756e-05
2.11663e-05
-3.35915e-05
1.95796e-05
-3.45285e-05
1.82011e-05
-3.59734e-05
-3.79579e-05
1.69555e-05
1.35338e-05
-3.23698e-05
1.25427e-05
-3.35375e-05
1.17084e-05
-3.51391e-05
-3.71954e-05
1.09459e-05
4.6959e-06
4.39746e-06
4.16654e-06
3.94979e-06
-0.00012463
4.77664e-05
-0.000102666
3.20669e-05
-9.11531e-05
1.88886e-05
-8.29627e-05
7.50762e-06
-7.65494e-05
-1.59606e-06
-7.0937e-05
-8.5776e-06
-6.56567e-05
-1.38068e-05
-6.04878e-05
-1.7635e-05
-5.53378e-05
-2.04023e-05
-5.01726e-05
-2.23938e-05
-4.49837e-05
-2.38265e-05
-3.977e-05
-2.48523e-05
-3.45259e-05
-2.55689e-05
-2.92345e-05
-2.60335e-05
-2.38583e-05
-2.62784e-05
-1.83242e-05
-2.63295e-05
-1.24852e-05
-2.62334e-05
-6.12228e-06
-2.59398e-05
-2.22969e-05
-0.000146001
9.10138e-06
-0.000121113
7.17947e-06
-0.000104361
2.13593e-06
-9.25176e-05
-4.33542e-06
-8.34404e-05
-1.06733e-05
-7.5927e-05
-1.60909e-05
-6.93199e-05
-2.0414e-05
-6.32409e-05
-2.37141e-05
-5.74742e-05
-2.61691e-05
-5.18951e-05
-2.79728e-05
-4.64278e-05
-2.92938e-05
-4.1019e-05
-3.0261e-05
-3.5622e-05
-3.09658e-05
-3.01851e-05
-3.14704e-05
-2.46425e-05
-3.18212e-05
-1.89012e-05
-3.20709e-05
-1.28215e-05
-3.23133e-05
-6.25643e-06
-3.25051e-05
-2.85534e-05
-0.000150828
-1.93774e-05
-0.000129268
-1.4381e-05
-0.000112427
-1.47043e-05
-9.92293e-05
-1.75336e-05
-8.86608e-05
-2.12418e-05
-7.98751e-05
-2.48766e-05
-7.22773e-05
-2.80118e-05
-6.5464e-05
-3.05275e-05
-5.91684e-05
-3.24647e-05
-5.3214e-05
-3.39273e-05
-4.74788e-05
-3.50289e-05
-4.18714e-05
-3.58683e-05
-3.63138e-05
-3.65234e-05
-3.073e-05
-3.70543e-05
-2.50377e-05
-3.75135e-05
-1.91408e-05
-3.79678e-05
-1.29204e-05
-3.85337e-05
-6.27562e-06
-3.915e-05
-3.48291e-05
-0.000151037
-3.97521e-05
-0.000132426
-3.2992e-05
-0.000116516
-3.06138e-05
-0.000103194
-3.08557e-05
-9.20513e-05
-3.23848e-05
-8.25934e-05
-3.43345e-05
-7.43792e-05
-3.62262e-05
-6.70572e-05
-3.78496e-05
-6.03648e-05
-3.91572e-05
-5.41088e-05
-4.01832e-05
-4.81453e-05
-4.09923e-05
-4.23606e-05
-4.16529e-05
-3.66578e-05
-4.22262e-05
-3.09474e-05
-4.27647e-05
-2.51411e-05
-4.33198e-05
-1.91479e-05
-4.3961e-05
-1.28699e-05
-4.48117e-05
-6.23407e-06
-4.57859e-05
-4.10631e-05
-0.000148048
-5.58315e-05
-0.000132169
-4.88709e-05
-0.000117643
-4.51393e-05
-0.000104848
-4.36511e-05
-9.37379e-05
-4.34945e-05
-8.40782e-05
-4.39944e-05
-7.55807e-05
-4.47238e-05
-6.79746e-05
-4.54558e-05
-6.10316e-05
-4.61003e-05
-5.4568e-05
-4.66468e-05
-4.8437e-05
-4.71233e-05
-4.25173e-05
-4.75725e-05
-3.67048e-05
-4.80387e-05
-3.09054e-05
-4.8564e-05
-2.50319e-05
-4.91932e-05
-1.90017e-05
-4.99912e-05
-1.27332e-05
-5.10801e-05
-6.16555e-06
-5.23536e-05
-4.72287e-05
-0.000143481
-6.92346e-05
-0.000129759
-6.2593e-05
-0.000116668
-5.82302e-05
-0.000104695
-5.56239e-05
-9.39753e-05
-5.42144e-05
-8.44375e-05
-5.35322e-05
-7.59162e-05
-5.32452e-05
-6.82197e-05
-5.31525e-05
-6.11654e-05
-5.31546e-05
-5.45934e-05
-5.32187e-05
-4.83668e-05
-5.33498e-05
-4.23682e-05
-5.35711e-05
-3.64945e-05
-5.39123e-05
-3.0654e-05
-5.44045e-05
-2.47642e-05
-5.50829e-05
-1.8751e-05
-5.60044e-05
-1.25441e-05
-5.72869e-05
-6.08413e-06
-5.88136e-05
-5.33128e-05
-0.000138095
-8.08084e-05
-0.000126049
-7.46391e-05
-0.000114266
-7.00135e-05
-0.0001032
-6.66897e-05
-9.30494e-05
-6.43652e-05
-8.38334e-05
-6.27483e-05
-7.5471e-05
-6.16078e-05
-6.78357e-05
-6.07878e-05
-6.07904e-05
-6.02e-05
-5.42036e-05
-5.98055e-05
-4.79556e-05
-5.95977e-05
-4.19393e-05
-5.95874e-05
-3.60587e-05
-5.97929e-05
-3.02279e-05
-6.02352e-05
-2.43711e-05
-6.09397e-05
-1.84216e-05
-6.19538e-05
-1.23169e-05
-6.33917e-05
-5.99355e-06
-6.51369e-05
-5.93064e-05
-0.000132271
-9.10342e-05
-0.000121555
-8.53551e-05
-0.000110915
-8.06533e-05
-0.000100737
-7.68676e-05
-9.12246e-05
-7.38781e-05
-8.24395e-05
-7.15335e-05
-7.4354e-05
-6.96933e-05
-6.68906e-05
-6.82512e-05
-5.99507e-05
-6.71399e-05
-5.34308e-05
-6.63254e-05
-4.72307e-05
-6.57978e-05
-4.12567e-05
-6.55614e-05
-3.54226e-05
-6.5627e-05
-2.96504e-05
-6.60073e-05
-2.38714e-05
-6.67187e-05
-1.80253e-05
-6.77998e-05
-1.20552e-05
-6.93618e-05
-5.89289e-06
-7.12993e-05
-6.51993e-05
-0.000126232
-0.000100213
-0.000116596
-9.49911e-05
-0.000106943
-9.03059e-05
-9.75896e-05
-8.6221e-05
-8.87212e-05
-8.27465e-05
-8.04162e-05
-7.98385e-05
-7.26776e-05
-7.7432e-05
-6.54618e-05
-7.5467e-05
-5.87005e-05
-7.39011e-05
-5.23148e-05
-7.27111e-05
-4.6223e-05
-7.18896e-05
-4.03456e-05
-7.14389e-05
-3.4607e-05
-7.13657e-05
-2.89377e-05
-7.16766e-05
-2.32757e-05
-7.23808e-05
-1.75666e-05
-7.35089e-05
-1.17586e-05
-7.51699e-05
-5.77955e-06
-7.72783e-05
-7.09789e-05
-0.000120102
-0.000108543
-0.000111363
-0.00010373
-0.000102563
-9.91063e-05
-9.39578e-05
-9.48262e-05
-8.57096e-05
-9.09949e-05
-7.78985e-05
-8.76497e-05
-7.05441e-05
-8.47864e-05
-6.36253e-05
-8.23859e-05
-5.70961e-05
-8.04302e-05
-5.08976e-05
-7.89096e-05
-4.49646e-05
-7.78227e-05
-3.92304e-05
-7.71732e-05
-3.363e-05
-7.69662e-05
-2.8102e-05
-7.72046e-05
-2.25908e-05
-7.7892e-05
-1.70475e-05
-7.90522e-05
-1.14253e-05
-8.07921e-05
-5.65087e-06
-8.30528e-05
-7.66297e-05
-0.000113942
-0.000116156
-0.000105966
-0.000111706
-9.79079e-05
-0.000107164
-8.99781e-05
-0.000102756
-8.23145e-05
-9.86586e-05
-7.49927e-05
-9.49716e-05
-6.804e-05
-9.17392e-05
-6.14492e-05
-8.89767e-05
-5.51904e-05
-8.6689e-05
-4.922e-05
-8.48801e-05
-4.34864e-05
-8.35564e-05
-3.79343e-05
-8.27254e-05
-3.25081e-05
-8.23924e-05
-2.71541e-05
-8.25587e-05
-2.18226e-05
-8.32235e-05
-1.64698e-05
-8.44051e-05
-1.10546e-05
-8.62074e-05
-5.50476e-06
-8.86026e-05
-8.21345e-05
-0.000107766
-0.000123147
-0.000100455
-0.000119017
-9.30546e-05
-0.000114565
-8.57383e-05
-0.000110072
-7.86236e-05
-0.000105773
-7.17792e-05
-0.000101816
-6.52348e-05
-9.82836e-05
-5.89916e-05
-9.52199e-05
-5.30306e-05
-9.265e-05
-4.73194e-05
-9.05912e-05
-4.18175e-05
-8.90584e-05
-3.64792e-05
-8.80637e-05
-3.12573e-05
-8.76144e-05
-2.61047e-05
-8.77113e-05
-2.09774e-05
-8.83509e-05
-1.58364e-05
-8.9546e-05
-1.06467e-05
-9.1397e-05
-5.34001e-06
-9.39092e-05
-8.74744e-05
-0.000101567
-0.000129583
-9.48506e-05
-0.000125734
-8.80443e-05
-0.000121371
-8.12933e-05
-0.000116823
-7.46974e-05
-0.000112369
-6.83178e-05
-0.000108196
-6.21837e-05
-0.000104418
-5.63008e-05
-0.000101103
-5.06573e-05
-9.82935e-05
-4.52293e-05
-9.60193e-05
-3.99847e-05
-9.43031e-05
-3.4886e-05
-9.31624e-05
-2.9893e-05
-9.26074e-05
-2.49648e-05
-9.26394e-05
-2.00623e-05
-9.32533e-05
-1.51513e-05
-9.44568e-05
-1.02033e-05
-9.63449e-05
-5.15617e-06
-9.89561e-05
-9.26304e-05
-9.53241e-05
-0.000135509
-8.91536e-05
-0.000131905
-8.28975e-05
-0.000127627
-7.6677e-05
-0.000123044
-7.05777e-05
-0.000118469
-6.46528e-05
-0.000114121
-5.89299e-05
-0.000110141
-5.34166e-05
-0.000106616
-4.81057e-05
-0.000103604
-4.29796e-05
-0.000101145
-3.80128e-05
-9.92699e-05
-3.31745e-05
-9.80007e-05
-2.84306e-05
-9.73512e-05
-2.37456e-05
-9.73243e-05
-1.90853e-05
-9.79135e-05
-1.44199e-05
-9.91221e-05
-9.72709e-06
-0.000101038
-4.95357e-06
-0.000103729
-9.75838e-05
-8.90111e-05
-0.000140955
-8.33568e-05
-0.000137559
-7.76231e-05
-0.000133361
-7.19114e-05
-0.000128756
-6.62943e-05
-0.000124086
-6.08183e-05
-0.000119597
-5.55082e-05
-0.000115451
-5.03721e-05
-0.000111752
-4.54061e-05
-0.00010857
-4.0597e-05
-0.000105955
-3.59244e-05
-0.000103942
-3.13634e-05
-0.000102562
-2.68851e-05
-0.000101829
-2.2459e-05
-0.00010175
-1.80551e-05
-0.000102317
-1.36481e-05
-0.000103529
-9.22169e-06
-0.000105464
-4.73315e-06
-0.000108218
-0.000102317
-8.26024e-05
-0.000145933
-7.74501e-05
-0.000142711
-7.22251e-05
-0.000138586
-6.70112e-05
-0.00013397
-6.18699e-05
-0.000129227
-5.68414e-05
-0.000124625
-5.19474e-05
-0.000120344
-4.71961e-05
-0.000116503
-4.25854e-05
-0.000113181
-3.81056e-05
-0.000110435
-3.37408e-05
-0.000108307
-2.94707e-05
-0.000106832
-2.52713e-05
-0.000106029
-2.11167e-05
-0.000105905
-1.69808e-05
-0.000106453
-1.28424e-05
-0.000107667
-8.69122e-06
-0.000109615
-4.49632e-06
-0.000112412
-0.000106813
-7.60747e-05
-0.000150439
-7.14241e-05
-0.000147362
-6.67061e-05
-0.000143304
-6.19886e-05
-0.000138687
-5.73235e-05
-0.000133892
-5.27451e-05
-0.000129203
-4.82726e-05
-0.000124817
-4.39137e-05
-0.000120862
-3.96677e-05
-0.000117427
-3.55278e-05
-0.000114575
-3.14818e-05
-0.000112353
-2.75136e-05
-0.0001108
-2.36038e-05
-0.000109938
-1.97305e-05
-0.000109778
-1.58716e-05
-0.000110312
-1.20097e-05
-0.000111529
-8.14022e-06
-0.000113484
-4.24489e-06
-0.000116307
-0.000111058
-6.941e-05
-0.000154457
-6.52727e-05
-0.000151499
-6.107e-05
-0.000147507
-5.68555e-05
-0.000142902
-5.26727e-05
-0.000138075
-4.85509e-05
-0.000133325
-4.4507e-05
-0.000128861
-4.05484e-05
-0.000124821
-3.66757e-05
-0.0001213
-3.28844e-05
-0.000118366
-2.91661e-05
-0.000116072
-2.55086e-05
-0.000114457
-2.18965e-05
-0.00011355
-1.83119e-05
-0.000113362
-1.47368e-05
-0.000113887
-1.11571e-05
-0.000115109
-7.57339e-06
-0.000117068
-3.98092e-06
-0.0001199
-0.000115039
-6.25974e-05
-0.000157958
-5.89955e-05
-0.000155101
-5.53245e-05
-0.000151178
-5.16259e-05
-0.0001466
-4.79358e-05
-0.000141765
-4.42799e-05
-0.000136981
-4.0673e-05
-0.000132468
-3.71227e-05
-0.000128371
-3.36309e-05
-0.000124792
-3.01958e-05
-0.000121801
-2.68122e-05
-0.000119455
-2.34718e-05
-0.000117798
-2.01632e-05
-0.000116859
-1.68726e-05
-0.000116653
-1.35855e-05
-0.000117174
-1.02913e-05
-0.000118403
-6.99547e-06
-0.000120363
-3.70659e-06
-0.000123188
-0.000118745
-5.56361e-05
-0.000160901
-5.25995e-05
-0.000158138
-4.94828e-05
-0.000154294
-4.63174e-05
-0.000149766
-4.31338e-05
-0.000144948
-3.99544e-05
-0.00014016
-3.67936e-05
-0.000135628
-3.36591e-05
-0.000131506
-3.05548e-05
-0.000127896
-2.74816e-05
-0.000124874
-2.44377e-05
-0.000122499
-2.14188e-05
-0.000120816
-1.84174e-05
-0.00011986
-1.54237e-05
-0.000119647
-1.24267e-05
-0.000120171
-9.41946e-06
-0.00012141
-6.41125e-06
-0.000123372
-3.42416e-06
-0.000126175
-0.000122169
-4.85368e-05
-0.000163236
-4.61013e-05
-0.000160574
-4.35654e-05
-0.00015683
-4.0953e-05
-0.000152378
-3.82908e-05
-0.000147611
-3.55994e-05
-0.000142852
-3.28931e-05
-0.000138335
-3.01809e-05
-0.000134218
-2.74691e-05
-0.000130608
-2.47616e-05
-0.000127582
-2.20605e-05
-0.0001252
-1.93651e-05
-0.000123512
-1.66724e-05
-0.000122553
-1.39762e-05
-0.000122343
-1.12695e-05
-0.000122877
-8.54824e-06
-0.000124131
-5.82548e-06
-0.000126094
-3.13597e-06
-0.000128865
-0.000125305
-4.1324e-05
-0.000164909
-3.95284e-05
-0.000162369
-3.76011e-05
-0.000158758
-3.55621e-05
-0.000154417
-3.34359e-05
-0.000149737
-3.12428e-05
-0.000145045
-2.89981e-05
-0.00014058
-2.67129e-05
-0.000136503
-2.43963e-05
-0.000132925
-2.2056e-05
-0.000129922
-1.9698e-05
-0.000127558
-1.73261e-05
-0.000125883
-1.49411e-05
-0.000124938
-1.25411e-05
-0.000124743
-1.01225e-05
-0.000125296
-7.68442e-06
-0.000126569
-5.24297e-06
-0.000128536
-2.84452e-06
-0.000131263
-0.00012815
-3.40369e-05
-0.000165862
-3.29198e-05
-0.000163487
-3.1628e-05
-0.00016005
-3.01808e-05
-0.000155864
-2.86032e-05
-0.000151315
-2.69164e-05
-0.000146731
-2.51376e-05
-0.000142358
-2.3281e-05
-0.00013836
-2.13597e-05
-0.000134846
-1.93853e-05
-0.000131896
-1.73682e-05
-0.000129575
-1.53168e-05
-0.000127935
-1.32363e-05
-0.000127018
-1.11287e-05
-0.00012685
-8.99416e-06
-0.000127431
-6.83464e-06
-0.000128729
-4.66856e-06
-0.000130702
-2.55251e-06
-0.000133379
-0.000130702
-2.673e-05
-0.000166039
-2.63269e-05
-0.00016389
-2.56935e-05
-0.000160683
-2.4853e-05
-0.000156705
-2.38325e-05
-0.000152335
-2.26557e-05
-0.000147908
-2.13432e-05
-0.000143671
-1.99134e-05
-0.00013979
-1.83836e-05
-0.000136376
-1.67703e-05
-0.000133509
-1.5089e-05
-0.000131256
-1.33524e-05
-0.000129671
-1.15704e-05
-0.0001288
-9.74936e-06
-0.000128671
-7.89271e-06
-0.000129287
-6.00524e-06
-0.000130616
-4.10699e-06
-0.0001326
-2.26281e-06
-0.000135223
-0.000132965
-1.94727e-05
-0.000165391
-1.98132e-05
-0.00016355
-1.9855e-05
-0.000160642
-1.96296e-05
-0.00015693
-1.91687e-05
-0.000152796
-1.85003e-05
-0.000148576
-1.76494e-05
-0.000144522
-1.66395e-05
-0.0001408
-1.54933e-05
-0.000137522
-1.42327e-05
-0.00013477
-1.28781e-05
-0.00013261
-1.14477e-05
-0.000131101
-9.9557e-06
-0.000130292
-8.41272e-06
-0.000130214
-6.82582e-06
-0.000130874
-5.2022e-06
-0.00013224
-3.56281e-06
-0.000134239
-1.9781e-06
-0.000136808
-0.000134943
-1.23534e-05
-0.000163879
-1.34546e-05
-0.000162448
-1.41785e-05
-0.000159918
-1.45681e-05
-0.000156541
-1.46616e-05
-0.000152702
-1.44929e-05
-0.000148745
-1.40926e-05
-0.000144922
-1.34903e-05
-0.000141402
-1.27148e-05
-0.000138297
-1.17938e-05
-0.000135691
-1.07534e-05
-0.00013365
-9.61691e-06
-0.000132238
-8.40349e-06
-0.000131505
-7.12784e-06
-0.00013149
-5.80054e-06
-0.000132201
-4.431e-06
-0.000133609
-3.04023e-06
-0.00013563
-1.70138e-06
-0.000138146
-0.000136644
-5.47218e-06
-0.000161482
-7.3379e-06
-0.000160583
-8.73869e-06
-0.000158517
-9.73217e-06
-0.000155547
-1.03653e-05
-0.000152069
-1.06789e-05
-0.000148431
-1.07108e-05
-0.00014489
-1.04974e-05
-0.000141615
-1.00741e-05
-0.000138721
-9.47504e-06
-0.00013629
-8.73208e-06
-0.000134393
-7.87385e-06
-0.000133096
-6.92448e-06
-0.000132454
-5.90293e-06
-0.000132511
-4.82313e-06
-0.000133281
-3.69646e-06
-0.000134736
-2.54308e-06
-0.000136783
-1.4356e-06
-0.000139254
-0.00013808
1.05325e-06
-0.000158215
-1.56319e-06
-0.000157966
-3.61875e-06
-0.000156461
-5.19051e-06
-0.000153976
-6.33628e-06
-0.000150923
-7.10518e-06
-0.000147662
-7.54273e-06
-0.000144452
-7.69269e-06
-0.000141465
-7.5974e-06
-0.000138816
-7.29743e-06
-0.00013659
-6.83068e-06
-0.00013486
-6.23127e-06
-0.000133695
-5.52833e-06
-0.000133157
-4.74512e-06
-0.000133294
-3.89891e-06
-0.000134127
-3.0027e-06
-0.000135632
-2.07479e-06
-0.000137711
-1.18369e-06
-0.000140145
-0.000139263
7.06775e-06
-0.000154128
3.75484e-06
-0.000154653
1.09179e-06
-0.000153798
-1.01493e-06
-0.000151869
-2.63277e-06
-0.000149305
-3.81891e-06
-0.000146476
-4.62671e-06
-0.000143645
-5.10728e-06
-0.000140985
-5.30973e-06
-0.000138613
-5.28096e-06
-0.000136618
-5.06481e-06
-0.000135076
-4.70093e-06
-0.000134059
-4.22356e-06
-0.000133635
-3.6604e-06
-0.000133857
-3.03211e-06
-0.000134755
-2.35297e-06
-0.000136311
-1.63836e-06
-0.000138425
-9.48739e-07
-0.000140834
-0.000140212
1.24296e-05
-0.00014931
8.49886e-06
-0.000150723
5.29914e-06
-0.000150599
2.72127e-06
-0.000149291
6.87795e-07
-0.000147272
-8.65926e-07
-0.000144923
-1.99971e-06
-0.000142511
-2.77097e-06
-0.000140213
-3.23501e-06
-0.000138149
-3.44454e-06
-0.000136409
-3.449e-06
-0.000135072
-3.29349e-06
-0.000134215
-3.01753e-06
-0.000133911
-2.65356e-06
-0.000134221
-2.22584e-06
-0.000135183
-1.74982e-06
-0.000136787
-1.23672e-06
-0.000138938
-7.3392e-07
-0.000141337
-0.000140946
1.7008e-05
-0.000143887
1.25647e-05
-0.000146279
8.9186e-06
-0.000146952
5.94885e-06
-0.000146321
3.56987e-06
-0.000144893
1.71007e-06
-0.000143063
3.03719e-07
-0.000141104
-7.11547e-07
-0.000139198
-1.39559e-06
-0.000137465
-1.80588e-06
-0.000135999
-1.99681e-06
-0.000134881
-2.01878e-06
-0.000134193
-1.91669e-06
-0.000134013
-1.72832e-06
-0.00013441
-1.48221e-06
-0.000135429
-1.19539e-06
-0.000137074
-8.73923e-07
-0.00013926
-5.45986e-07
-0.000141665
-0.000141492
2.06886e-05
-0.000138023
1.58643e-05
-0.000141455
1.18811e-05
-0.000142969
8.61233e-06
-0.000143052
5.96742e-06
-0.000142248
3.8705e-06
-0.000140966
2.25188e-06
-0.000139486
1.04545e-06
-0.000137992
1.87926e-07
-0.000136608
-3.81519e-07
-0.000135429
-7.21193e-07
-0.000134541
-8.86188e-07
-0.000134028
-9.27012e-07
-0.000133972
-8.87531e-07
-0.000134449
-8.02019e-07
-0.000135515
-6.90879e-07
-0.000137185
-5.54821e-07
-0.000139396
-3.98754e-07
-0.000141821
-0.00014189
2.33831e-05
-0.000131909
1.83303e-05
-0.000136403
1.41347e-05
-0.000138774
1.06704e-05
-0.000139588
7.84673e-06
-0.000139424
5.58681e-06
-0.000138706
3.81975e-06
-0.000137719
2.47804e-06
-0.00013665
1.4967e-06
-0.000135627
8.12793e-07
-0.000134745
3.65144e-07
-0.000134094
9.47027e-08
-0.000133758
-5.448e-08
-0.000133823
-1.33214e-07
-0.000134371
-1.83697e-07
-0.000135464
-2.33148e-07
-0.000137136
-2.85196e-07
-0.000139344
-3.08748e-07
-0.000141797
-0.000142199
2.5038e-05
-0.000125757
1.99216e-05
-0.000131286
1.5647e-05
-0.000134499
1.20968e-05
-0.000136038
9.18563e-06
-0.000136513
6.83974e-06
-0.00013636
4.99012e-06
-0.000135869
3.57029e-06
-0.00013523
2.51561e-06
-0.000134572
1.76282e-06
-0.000133993
1.24939e-06
-0.00013358
9.13393e-07
-0.000133422
6.93976e-07
-0.000133604
5.32841e-07
-0.00013421
3.772e-07
-0.000135309
1.87236e-07
-0.000136946
-4.70776e-08
-0.00013911
-2.86212e-07
-0.000141558
-0.000142486
2.56396e-05
-0.000119773
2.06256e-05
-0.000126272
1.64061e-05
-0.00013028
1.28801e-05
-0.000132512
9.97312e-06
-0.000133606
7.61868e-06
-0.000134006
5.75263e-06
-0.000134003
4.31177e-06
-0.00013379
3.23383e-06
-0.000133494
2.45711e-06
-0.000133216
1.91968e-06
-0.000133043
1.55865e-06
-0.000133061
1.30986e-06
-0.000133355
1.10824e-06
-0.000134008
8.8916e-07
-0.00013509
5.936e-07
-0.00013665
1.80045e-07
-0.000138696
-3.32413e-07
-0.000141046
-0.000142818
2.52102e-05
-0.000114153
2.04547e-05
-0.000121517
1.6418e-05
-0.000126243
1.30219e-05
-0.000129116
1.02082e-05
-0.000130793
7.92116e-06
-0.000131719
6.10371e-06
-0.000132186
4.69769e-06
-0.000132384
3.64487e-06
-0.000132441
2.88704e-06
-0.000132458
2.36517e-06
-0.000132521
2.01817e-06
-0.000132714
1.78175e-06
-0.000133119
1.58729e-06
-0.000133814
1.36057e-06
-0.000134863
1.01872e-06
-0.000136308
4.59945e-07
-0.000138137
-3.94235e-07
-0.000140192
-0.000143212
2.37962e-05
-0.000109065
1.94393e-05
-0.00011716
1.57013e-05
-0.000122505
1.25338e-05
-0.000125949
9.89851e-06
-0.000128158
7.75269e-06
-0.000129573
6.04733e-06
-0.000130481
4.73017e-06
-0.000131067
3.74816e-06
-0.00013146
3.04831e-06
-0.000131759
2.577e-06
-0.00013205
2.27846e-06
-0.000132415
2.09302e-06
-0.000132933
1.95513e-06
-0.000133676
1.78947e-06
-0.000134697
1.49742e-06
-0.000136016
9.10336e-07
-0.00013755
-1.93223e-07
-0.000139088
-0.000143405
2.14583e-05
-0.000104655
1.76192e-05
-0.000113321
1.42825e-05
-0.000119169
1.14349e-05
-0.000123101
9.06043e-06
-0.000125783
7.12846e-06
-0.000127641
5.59753e-06
-0.00012895
4.42114e-06
-0.00012989
3.55205e-06
-0.000130591
2.94396e-06
-0.000131151
2.55106e-06
-0.000131657
2.32662e-06
-0.000132191
2.22132e-06
-0.000132828
2.18169e-06
-0.000133636
2.14607e-06
-0.000134662
2.02538e-06
-0.000135896
1.62317e-06
-0.000137148
6.06071e-07
-0.000138071
-0.000142799
1.82611e-05
-0.000101041
1.50352e-05
-0.000110095
1.21909e-05
-0.000116325
9.75219e-06
-0.000120663
7.7215e-06
-0.000123753
6.07705e-06
-0.000125997
4.78255e-06
-0.000127656
3.79656e-06
-0.000128904
3.07807e-06
-0.000129872
2.58863e-06
-0.000130662
2.29225e-06
-0.000131361
2.15439e-06
-0.000132053
2.1414e-06
-0.000132815
2.2211e-06
-0.000133716
2.36245e-06
-0.000134803
2.51832e-06
-0.000136051
2.54452e-06
-0.000137174
2.16995e-06
-0.000137697
-0.00014063
1.42202e-05
-9.83056e-05
1.17019e-05
-0.000107577
9.44916e-06
-0.000114072
7.51884e-06
-0.000118732
5.92393e-06
-0.000122158
4.64543e-06
-0.000124719
3.65002e-06
-0.00012666
2.90133e-06
-0.000128156
2.36552e-06
-0.000129337
2.01314e-06
-0.000130309
1.81916e-06
-0.000131167
1.76284e-06
-0.000131997
1.82909e-06
-0.000132882
2.01319e-06
-0.0001339
2.32863e-06
-0.000135119
2.80159e-06
-0.000136524
3.41491e-06
-0.000137788
4.37881e-06
-0.00013866
-0.000136251
9.26474e-06
-9.66245e-05
7.58945e-06
-0.000105902
6.06917e-06
-0.000112552
4.78052e-06
-0.000117444
3.73328e-06
-0.000121111
2.90758e-06
-0.000123893
2.27451e-06
-0.000126027
1.80574e-06
-0.000127687
1.47724e-06
-0.000129008
1.27001e-06
-0.000130102
1.17008e-06
-0.000131068
1.16912e-06
-0.000131996
1.26771e-06
-0.00013298
1.48353e-06
-0.000134116
1.86906e-06
-0.000135504
2.57026e-06
-0.000137226
3.95657e-06
-0.000139174
6.68409e-06
-0.000141388
-0.000129567
3.36631e-06
2.7188e-06
2.13895e-06
1.66282e-06
1.28697e-06
9.97249e-07
7.7882e-07
6.19315e-07
5.09373e-07
4.42407e-07
4.14413e-07
4.24442e-07
4.7682e-07
5.88429e-07
8.06647e-07
1.28349e-06
2.73984e-06
8.82272e-06
)
;

boundaryField
{
    leftWall
    {
        type            calculated;
        value           uniform 0;
    }
    rightWall
    {
        type            calculated;
        value           uniform 0;
    }
    lowerWall
    {
        type            calculated;
        value           uniform 0;
    }
    atmosphere
    {
        type            calculated;
        value           nonuniform List<scalar> 
46
(
0.000223123
0.000275189
0.000264689
0.00024911
0.000234336
0.000220268
0.000206191
0.00019145
0.000175587
0.000158371
0.000139782
0.000120008
9.94012e-05
7.84248e-05
5.76062e-05
3.74677e-05
1.84483e-05
3.61414e-09
-1.6493e-05
-3.12438e-05
-4.50374e-05
-5.60804e-05
-6.41149e-05
-3.19517e-05
-3.32391e-05
-3.49082e-05
-3.69787e-05
-9.60411e-05
-0.000105255
-0.000111972
-0.000116968
-0.000120735
-0.000123604
-0.000125809
-0.000127528
-0.000128898
-0.000130035
-0.00013104
-0.000132006
-0.000133033
-0.000134228
-0.000135722
-0.000137703
-0.00014063
-0.000147471
-0.000120744
)
;
    }
    defaultFaces
    {
        type            empty;
        value           nonuniform List<scalar> 0();
    }
}


// ************************************************************************* //
