/*--------------------------------*- C++ -*----------------------------------*\
  =========                 |
  \\      /  F ield         | OpenFOAM: The Open Source CFD Toolbox
   \\    /   O peration     | Website:  https://openfoam.org
    \\  /    A nd           | Version:  9
     \\/     M anipulation  |
\*---------------------------------------------------------------------------*/
FoamFile
{
    format      ascii;
    class       volVectorField;
    location    "0.05";
    object      U;
}
// * * * * * * * * * * * * * * * * * * * * * * * * * * * * * * * * * * * * * //

dimensions      [0 1 -1 0 0 0 0];

internalField   nonuniform List<vector> 
2268
(
(0.00984075 -0.00620163 0)
(0.0374963 -0.0102129 0)
(0.0762915 -0.0122789 0)
(0.119458 -0.0128598 0)
(0.164499 -0.0130674 0)
(0.211122 -0.0135737 0)
(0.260685 -0.014662 0)
(0.315268 -0.0165971 0)
(0.379954 -0.019664 0)
(0.451961 -0.0256493 0)
(0.56553 -0.0361387 0)
(0.673325 -0.0408004 0)
(0.75595 -0.043257 0)
(0.861023 -0.0614118 0)
(1.00792 -0.0941041 0)
(1.19426 -0.155867 0)
(1.11577 -0.102549 0)
(0.863958 -0.0072641 0)
(0.625207 0.0477352 0)
(0.447966 0.0434971 0)
(0.298238 0.0382486 0)
(0.16213 0.0354232 0)
(0.0472589 0.026934 0)
(0.0140495 -0.016034 0)
(0.044076 -0.0251706 0)
(0.0805621 -0.0300403 0)
(0.120429 -0.0320041 0)
(0.162387 -0.0330255 0)
(0.206315 -0.0345613 0)
(0.253251 -0.037407 0)
(0.304878 -0.0422531 0)
(0.364987 -0.0498816 0)
(0.432617 -0.0633853 0)
(0.526758 -0.082466 0)
(0.61896 -0.0935423 0)
(0.699974 -0.0915182 0)
(0.823208 -0.0741551 0)
(0.968917 -0.0251623 0)
(1.04275 0.0659064 0)
(1.02402 0.112377 0)
(0.82255 0.177435 0)
(0.623483 0.15746 0)
(0.46825 0.118043 0)
(0.324778 0.103314 0)
(0.189144 0.0950555 0)
(0.0630965 0.0761002 0)
(0.0177078 -0.0301782 0)
(0.0491725 -0.040553 0)
(0.0830407 -0.0465322 0)
(0.118944 -0.0496599 0)
(0.156942 -0.0517264 0)
(0.197229 -0.0544774 0)
(0.240605 -0.0590722 0)
(0.288314 -0.0665174 0)
(0.343087 -0.0779967 0)
(0.404166 -0.0964304 0)
(0.48286 -0.120876 0)
(0.559973 -0.139604 0)
(0.627483 -0.142819 0)
(0.741263 -0.112993 0)
(0.843195 -0.0507936 0)
(0.832056 -0.0447073 0)
(0.719663 0.112072 0)
(0.598806 0.231508 0)
(0.514108 0.217993 0)
(0.416681 0.178511 0)
(0.306379 0.162106 0)
(0.193548 0.153099 0)
(0.0727507 0.134965 0)
(0.0197136 -0.0464356 0)
(0.0521783 -0.0562915 0)
(0.0841302 -0.0621804 0)
(0.116819 -0.0660407 0)
(0.151355 -0.069136 0)
(0.188271 -0.0731608 0)
(0.228247 -0.0794509 0)
(0.272163 -0.0892179 0)
(0.321876 -0.103848 0)
(0.376404 -0.125945 0)
(0.442814 -0.154007 0)
(0.505523 -0.17808 0)
(0.558363 -0.186528 0)
(0.650296 -0.150172 0)
(0.719746 -0.0564142 0)
(0.740263 -0.00877933 0)
(0.582037 0.148651 0)
(0.491899 0.258144 0)
(0.446344 0.251861 0)
(0.377488 0.221674 0)
(0.291898 0.209688 0)
(0.198552 0.205848 0)
(0.0817002 0.199888 0)
(0.0201849 -0.0633156 0)
(0.053184 -0.0719665 0)
(0.0840118 -0.0770027 0)
(0.114518 -0.0812237 0)
(0.146454 -0.0852496 0)
(0.180625 -0.0905233 0)
(0.217671 -0.098401 0)
(0.258212 -0.110181 0)
(0.303421 -0.12729 0)
(0.352065 -0.151895 0)
(0.408619 -0.181969 0)
(0.459086 -0.209012 0)
(0.499526 -0.220756 0)
(0.570685 -0.178263 0)
(0.638679 -0.0746679 0)
(0.684202 0.0366554 0)
(0.518886 0.199514 0)
(0.44138 0.282581 0)
(0.40508 0.276188 0)
(0.350376 0.254201 0)
(0.282615 0.248101 0)
(0.205388 0.253544 0)
(0.0904276 0.268295 0)
(0.0197478 -0.0801764 0)
(0.0527994 -0.0874343 0)
(0.0831711 -0.0912145 0)
(0.112495 -0.0954809 0)
(0.142769 -0.100268 0)
(0.174958 -0.106678 0)
(0.209705 -0.115976 0)
(0.247468 -0.129443 0)
(0.288918 -0.14842 0)
(0.332695 -0.174577 0)
(0.381593 -0.205327 0)
(0.422627 -0.233359 0)
(0.453544 -0.246976 0)
(0.509558 -0.204 0)
(0.579937 -0.0989001 0)
(0.632601 0.077871 0)
(0.477795 0.242383 0)
(0.412536 0.305162 0)
(0.378051 0.296866 0)
(0.332508 0.280011 0)
(0.278446 0.279355 0)
(0.216354 0.296951 0)
(0.101163 0.341803 0)
(0.0190305 -0.0967004 0)
(0.0518718 -0.102757 0)
(0.0823128 -0.105186 0)
(0.111319 -0.109253 0)
(0.140815 -0.11459 0)
(0.171818 -0.121964 0)
(0.204982 -0.132482 0)
(0.240674 -0.147331 0)
(0.279234 -0.167683 0)
(0.319336 -0.194697 0)
(0.362654 -0.225165 0)
(0.396857 -0.25277 0)
(0.421081 -0.267512 0)
(0.465571 -0.22872 0)
(0.531833 -0.121979 0)
(0.57698 0.110632 0)
(0.445598 0.278104 0)
(0.393188 0.32572 0)
(0.360835 0.314719 0)
(0.322932 0.300461 0)
(0.280458 0.304053 0)
(0.235383 0.336176 0)
(0.116877 0.423383 0)
(0.018502 -0.113027 0)
(0.0511292 -0.118233 0)
(0.0819763 -0.119425 0)
(0.11129 -0.123138 0)
(0.140731 -0.128821 0)
(0.171267 -0.13697 0)
(0.20354 -0.148514 0)
(0.23787 -0.164492 0)
(0.27439 -0.185873 0)
(0.311984 -0.213308 0)
(0.351547 -0.243059 0)
(0.380663 -0.269516 0)
(0.400836 -0.284196 0)
(0.436815 -0.250123 0)
(0.491985 -0.142404 0)
(0.523119 0.135533 0)
(0.420823 0.305741 0)
(0.380579 0.343634 0)
(0.352329 0.330322 0)
(0.32169 0.31659 0)
(0.290637 0.321876 0)
(0.265061 0.365312 0)
(0.147609 0.526909 0)
(0.0126169 -0.00659996 0)
(0.0411196 -0.00783033 0)
(0.0670866 -0.00571335 0)
(0.0840028 -0.0032071 0)
(0.0923083 -0.00125055 0)
(0.0942246 7.90718e-05 0)
(0.0918962 0.00091735 0)
(0.0870007 0.00142064 0)
(0.0805682 0.00171281 0)
(0.0732598 0.0018756 0)
(0.0654853 0.00196053 0)
(0.0574822 0.00200103 0)
(0.0493766 0.00202158 0)
(0.0412016 0.00204227 0)
(0.0329241 0.00208295 0)
(0.0244876 0.0021427 0)
(0.0159906 0.00215044 0)
(0.00803055 0.00186685 0)
(0.00214133 0.00123573 0)
(0.015996 -0.0173614 0)
(0.0459384 -0.0192625 0)
(0.0698544 -0.0140026 0)
(0.0843798 -0.00789548 0)
(0.0912025 -0.00304079 0)
(0.0923779 0.000308093 0)
(0.0898624 0.00244129 0)
(0.0849844 0.00373812 0)
(0.0786986 0.00449429 0)
(0.0716088 0.00491329 0)
(0.0640952 0.00512816 0)
(0.056374 0.00522907 0)
(0.0485593 0.00528119 0)
(0.0406815 0.00533335 0)
(0.0327249 0.00542478 0)
(0.024672 0.00552815 0)
(0.016639 0.00545066 0)
(0.00909949 0.00471006 0)
(0.00284011 0.00310807 0)
(0.0195941 -0.0308497 0)
(0.0510496 -0.0304737 0)
(0.0726832 -0.0211888 0)
(0.0842116 -0.0116855 0)
(0.0889676 -0.00430065 0)
(0.0889943 0.000804797 0)
(0.0859321 0.00407418 0)
(0.0809232 0.0060731 0)
(0.0747718 0.007237 0)
(0.0679764 0.00787799 0)
(0.0608493 0.00820445 0)
(0.0535677 0.00835496 0)
(0.0462253 0.00843125 0)
(0.0388526 0.00850184 0)
(0.031456 0.00861229 0)
(0.0240605 0.00870489 0)
(0.0167751 0.00852088 0)
(0.00986767 0.00755027 0)
(0.00346374 0.00567324 0)
(0.0231293 -0.0469371 0)
(0.0569163 -0.0420826 0)
(0.0768743 -0.0275045 0)
(0.0854163 -0.0145135 0)
(0.0878949 -0.00490063 0)
(0.0865657 0.00168052 0)
(0.0828098 0.00589555 0)
(0.0775414 0.00846668 0)
(0.0714024 0.00995784 0)
(0.0647882 0.0107721 0)
(0.0579449 0.0111803 0)
(0.0510116 0.0113618 0)
(0.0440634 0.0114456 0)
(0.0371316 0.0115139 0)
(0.03024 0.01161 0)
(0.0234344 0.0116577 0)
(0.0167879 0.0113903 0)
(0.0103676 0.0103765 0)
(0.00387158 0.00859445 0)
(0.0268956 -0.0636713 0)
(0.064583 -0.0543916 0)
(0.0830662 -0.032933 0)
(0.0884632 -0.0162476 0)
(0.0884559 -0.00471954 0)
(0.085571 0.00301297 0)
(0.0809481 0.00794661 0)
(0.0752662 0.0109443 0)
(0.0689976 0.0126716 0)
(0.0624321 0.013603 0)
(0.055749 0.0140581 0)
(0.0490486 0.0142474 0)
(0.0423862 0.0143184 0)
(0.0357896 0.0143619 0)
(0.0292883 0.0144163 0)
(0.0229257 0.0144005 0)
(0.016727 0.0140811 0)
(0.0106069 0.0131561 0)
(0.00404003 0.0116305 0)
(0.0335455 -0.0839215 0)
(0.0762127 -0.068214 0)
(0.0922016 -0.0373343 0)
(0.0938609 -0.0167247 0)
(0.0910189 -0.00364289 0)
(0.0863383 0.00488634 0)
(0.0806554 0.0102894 0)
(0.0743903 0.0135541 0)
(0.0678362 0.0154178 0)
(0.0611726 0.0164041 0)
(0.0545099 0.0168663 0)
(0.0479083 0.0170363 0)
(0.0414007 0.0170733 0)
(0.0350053 0.0170722 0)
(0.0287438 0.0170675 0)
(0.0226399 0.0169849 0)
(0.0166739 0.016648 0)
(0.0106682 0.015897 0)
(0.00404783 0.0147057 0)
(0.0597046 -0.12412 0)
(0.0955332 -0.0828269 0)
(0.105373 -0.0396899 0)
(0.102144 -0.0155801 0)
(0.0959325 -0.00149236 0)
(0.0891532 0.00742534 0)
(0.0821897 0.0130272 0)
(0.0751527 0.016389 0)
(0.0681414 0.0182829 0)
(0.0612183 0.0192568 0)
(0.0544216 0.019682 0)
(0.0477693 0.0198024 0)
(0.0412686 0.0197829 0)
(0.0349212 0.0197202 0)
(0.0287301 0.0196478 0)
(0.0226898 0.0195068 0)
(0.0167448 0.0191847 0)
(0.0106803 0.0186424 0)
(0.0039974 0.0177815 0)
(0.147113 -0.169837 0)
(0.129422 -0.0892994 0)
(0.12318 -0.0372204 0)
(0.113373 -0.0121226 0)
(0.103219 0.00200121 0)
(0.0940549 0.010805 0)
(0.0856071 0.0163073 0)
(0.0776171 0.0195854 0)
(0.0699759 0.0213977 0)
(0.0626266 0.0222883 0)
(0.0555351 0.0226295 0)
(0.0486755 0.0226677 0)
(0.042027 0.0225683 0)
(0.0355701 0.0224285 0)
(0.0292825 0.0222842 0)
(0.0231279 0.0220963 0)
(0.0170288 0.0218078 0)
(0.0107703 0.021454 0)
(0.00398071 0.0208547 0)
(0.0180125 -0.137567 0)
(0.0503274 -0.14277 0)
(0.0817561 -0.142629 0)
(0.111769 -0.14572 0)
(0.14152 -0.15163 0)
(0.171794 -0.160664 0)
(0.203149 -0.173482 0)
(0.235834 -0.190844 0)
(0.269767 -0.213357 0)
(0.304331 -0.240942 0)
(0.339281 -0.269787 0)
(0.361753 -0.294043 0)
(0.37839 -0.305389 0)
(0.4069 -0.272041 0)
(0.447063 -0.158773 0)
(0.445516 0.160774 0)
(0.38737 0.333586 0)
(0.365416 0.367242 0)
(0.347099 0.352562 0)
(0.328608 0.336833 0)
(0.318291 0.338005 0)
(0.337053 0.372112 0)
(0.423227 0.494284 0)
(0.0171886 -0.169834 0)
(0.0480662 -0.175166 0)
(0.0784858 -0.17347 0)
(0.107695 -0.175397 0)
(0.136397 -0.180894 0)
(0.165079 -0.190242 0)
(0.194094 -0.2038 0)
(0.223534 -0.221892 0)
(0.253196 -0.244647 0)
(0.282672 -0.271384 0)
(0.311152 -0.298698 0)
(0.326052 -0.319191 0)
(0.339768 -0.32338 0)
(0.360474 -0.284863 0)
(0.387301 -0.139261 0)
(0.356902 0.184513 0)
(0.332567 0.344428 0)
(0.330538 0.378001 0)
(0.325484 0.363326 0)
(0.319026 0.342631 0)
(0.319582 0.329585 0)
(0.337392 0.323991 0)
(0.403398 0.301055 0)
(0.0160132 -0.20038 0)
(0.0446944 -0.205778 0)
(0.0730061 -0.202912 0)
(0.100285 -0.203824 0)
(0.126976 -0.208724 0)
(0.153319 -0.217923 0)
(0.179456 -0.23155 0)
(0.205327 -0.249577 0)
(0.230663 -0.271739 0)
(0.255162 -0.296995 0)
(0.277866 -0.321997 0)
(0.287046 -0.338848 0)
(0.29904 -0.338225 0)
(0.315103 -0.29732 0)
(0.340397 -0.110984 0)
(0.297407 0.195565 0)
(0.285545 0.343405 0)
(0.29246 0.377585 0)
(0.294538 0.365119 0)
(0.293833 0.34201 0)
(0.295993 0.319324 0)
(0.306012 0.294168 0)
(0.333199 0.251151 0)
(0.0146686 -0.228605 0)
(0.0408343 -0.233832 0)
(0.0666062 -0.229996 0)
(0.0914778 -0.229993 0)
(0.115746 -0.234192 0)
(0.13948 -0.242907 0)
(0.162659 -0.256096 0)
(0.18512 -0.273461 0)
(0.206574 -0.294451 0)
(0.226819 -0.317811 0)
(0.244948 -0.340257 0)
(0.250097 -0.354082 0)
(0.261262 -0.350513 0)
(0.274653 -0.3104 0)
(0.300184 -0.0775336 0)
(0.25667 0.203831 0)
(0.24912 0.338666 0)
(0.257757 0.372886 0)
(0.262315 0.363186 0)
(0.264063 0.340325 0)
(0.266352 0.314552 0)
(0.271794 0.284959 0)
(0.282245 0.24356 0)
(0.0133007 -0.254317 0)
(0.0369101 -0.259147 0)
(0.0600727 -0.254445 0)
(0.0824268 -0.253582 0)
(0.104177 -0.257019 0)
(0.12529 -0.265045 0)
(0.14565 -0.27748 0)
(0.165035 -0.293827 0)
(0.183169 -0.313345 0)
(0.199948 -0.334677 0)
(0.21455 -0.354678 0)
(0.216912 -0.366155 0)
(0.227552 -0.360725 0)
(0.238918 -0.322831 0)
(0.26322 -0.0484617 0)
(0.225295 0.210731 0)
(0.219488 0.334286 0)
(0.227112 0.367403 0)
(0.232055 0.35972 0)
(0.234763 0.338032 0)
(0.236914 0.311872 0)
(0.239794 0.281433 0)
(0.243746 0.241366 0)
(0.0119614 -0.277527 0)
(0.0330921 -0.281794 0)
(0.0537324 -0.276308 0)
(0.0736355 -0.274628 0)
(0.0929399 -0.277282 0)
(0.111559 -0.284516 0)
(0.129326 -0.296031 0)
(0.146003 -0.311191 0)
(0.161342 -0.329135 0)
(0.175318 -0.348473 0)
(0.187188 -0.366257 0)
(0.187644 -0.375879 0)
(0.197746 -0.369155 0)
(0.207482 -0.333561 0)
(0.228706 -0.0301018 0)
(0.197816 0.216363 0)
(0.193396 0.330839 0)
(0.199656 0.362333 0)
(0.204267 0.355869 0)
(0.207245 0.335461 0)
(0.209242 0.309918 0)
(0.210917 0.279968 0)
(0.212546 0.241644 0)
(0.0106747 -0.298309 0)
(0.0294482 -0.301907 0)
(0.0477099 -0.295714 0)
(0.0653005 -0.293261 0)
(0.0823074 -0.295139 0)
(0.0986163 -0.301543 0)
(0.114045 -0.312076 0)
(0.128357 -0.326 0)
(0.141341 -0.342383 0)
(0.153031 -0.359849 0)
(0.162749 -0.375661 0)
(0.161935 -0.383773 0)
(0.171416 -0.376036 0)
(0.179653 -0.342333 0)
(0.197297 -0.0150017 0)
(0.172298 0.220908 0)
(0.169322 0.328175 0)
(0.174532 0.357911 0)
(0.178639 0.352156 0)
(0.181564 0.332908 0)
(0.183435 0.308348 0)
(0.184611 0.279409 0)
(0.185416 0.242788 0)
(0.00945448 -0.316775 0)
(0.0260109 -0.319643 0)
(0.0420548 -0.31282 0)
(0.0574948 -0.309645 0)
(0.0723765 -0.310773 0)
(0.0865744 -0.316352 0)
(0.0999061 -0.325905 0)
(0.112153 -0.338619 0)
(0.123138 -0.353523 0)
(0.132937 -0.369279 0)
(0.140931 -0.383352 0)
(0.139307 -0.390207 0)
(0.148084 -0.381635 0)
(0.155082 -0.349342 0)
(0.169228 -0.00347331 0)
(0.148854 0.224217 0)
(0.146913 0.325913 0)
(0.151227 0.3541 0)
(0.154759 0.348768 0)
(0.157466 0.330502 0)
(0.159209 0.306969 0)
(0.160197 0.279122 0)
(0.160755 0.243965 0)
(0.00830746 -0.333057 0)
(0.0227946 -0.33517 0)
(0.0367847 -0.327794 0)
(0.050238 -0.323954 0)
(0.0631675 -0.324375 0)
(0.0754452 -0.329163 0)
(0.0868984 -0.337776 0)
(0.0973311 -0.349348 0)
(0.106601 -0.362892 0)
(0.11481 -0.377117 0)
(0.121397 -0.389673 0)
(0.119305 -0.395469 0)
(0.127315 -0.386175 0)
(0.133269 -0.354791 0)
(0.144142 0.00554209 0)
(0.127353 0.226725 0)
(0.125935 0.324077 0)
(0.129345 0.350901 0)
(0.13226 0.345786 0)
(0.13466 0.328294 0)
(0.136278 0.305674 0)
(0.137234 0.278818 0)
(0.137813 0.244877 0)
(0.00723693 -0.347293 0)
(0.0198052 -0.348654 0)
(0.0319016 -0.340801 0)
(0.0435252 -0.336356 0)
(0.0546647 -0.336121 0)
(0.0651954 -0.340169 0)
(0.0749589 -0.347904 0)
(0.0837846 -0.358426 0)
(0.0915598 -0.370745 0)
(0.0984077 -0.383622 0)
(0.103825 -0.394869 0)
(0.101525 -0.399774 0)
(0.108726 -0.389826 0)
(0.113796 -0.358828 0)
(0.121542 0.012931 0)
(0.107469 0.228991 0)
(0.106089 0.322807 0)
(0.108543 0.348369 0)
(0.110807 0.343269 0)
(0.112868 0.326309 0)
(0.114388 0.3044 0)
(0.115421 0.278351 0)
(0.116178 0.245388 0)
(0.00624668 -0.359616 0)
(0.0170475 -0.360256 0)
(0.0274027 -0.351993 0)
(0.0373407 -0.347004 0)
(0.046836 -0.346169 0)
(0.0557712 -0.349535 0)
(0.0640047 -0.356466 0)
(0.0713901 -0.366039 0)
(0.0778403 -0.377272 0)
(0.0834937 -0.388981 0)
(0.0879158 -0.399123 0)
(0.0856011 -0.403287 0)
(0.0919615 -0.39271 0)
(0.09628 -0.361531 0)
(0.10099 0.0194457 0)
(0.0888459 0.23149 0)
(0.0870783 0.322318 0)
(0.0884909 0.346607 0)
(0.0900706 0.341279 0)
(0.0917955 0.324564 0)
(0.0932751 0.303107 0)
(0.0944929 0.277632 0)
(0.0955578 0.24541 0)
(0.00533807 -0.370216 0)
(0.0145254 -0.370164 0)
(0.0232832 -0.361533 0)
(0.031664 -0.356046 0)
(0.0396421 -0.354664 0)
(0.0471118 -0.35741 0)
(0.0539479 -0.363613 0)
(0.0600251 -0.372337 0)
(0.0652752 -0.382619 0)
(0.0698439 -0.393337 0)
(0.0733822 -0.402577 0)
(0.0711899 -0.406153 0)
(0.0766853 -0.394945 0)
(0.0803574 -0.362941 0)
(0.0822032 0.0257232 0)
(0.0711648 0.23464 0)
(0.0686003 0.322824 0)
(0.0688292 0.345715 0)
(0.0696855 0.339841 0)
(0.0711088 0.323027 0)
(0.0726467 0.301716 0)
(0.0741796 0.276558 0)
(0.0756942 0.244859 0)
(0.00452582 -0.379342 0)
(0.0122598 -0.378554 0)
(0.0195519 -0.369543 0)
(0.0264801 -0.363588 0)
(0.0330437 -0.361709 0)
(0.0391568 -0.3639 0)
(0.0447082 -0.369453 0)
(0.0495852 -0.377423 0)
(0.0537255 -0.386874 0)
(0.0572678 -0.396764 0)
(0.0599736 -0.405316 0)
(0.0579955 -0.4085 0)
(0.0626345 -0.396688 0)
(0.065782 -0.363155 0)
(0.0651216 0.0322382 0)
(0.0542291 0.238815 0)
(0.0503171 0.324547 0)
(0.0491256 0.345752 0)
(0.04922 0.338896 0)
(0.0504295 0.321565 0)
(0.0521893 0.300059 0)
(0.0542227 0.274962 0)
(0.0563562 0.243606 0)
(0.00395006 -0.386599 0)
(0.0103924 -0.385204 0)
(0.016262 -0.375901 0)
(0.0217884 -0.369581 0)
(0.0270093 -0.367294 0)
(0.0318589 -0.369013 0)
(0.0362354 -0.374 0)
(0.0400205 -0.381297 0)
(0.0431315 -0.390007 0)
(0.0456716 -0.3992 0)
(0.0475297 -0.407291 0)
(0.0458187 -0.410413 0)
(0.049666 -0.39814 0)
(0.0527138 -0.362319 0)
(0.0505091 0.0394941 0)
(0.0380454 0.244753 0)
(0.0317526 0.327996 0)
(0.0287686 0.346897 0)
(0.0281207 0.338372 0)
(0.0293189 0.319981 0)
(0.0315763 0.297899 0)
(0.0343852 0.272622 0)
(0.0373706 0.241479 0)
(0.00364773 -0.391838 0)
(0.00895638 -0.390208 0)
(0.0133215 -0.380795 0)
(0.0174902 -0.374258 0)
(0.021477 -0.371693 0)
(0.0251971 -0.373048 0)
(0.0285505 -0.377561 0)
(0.0314046 -0.384258 0)
(0.0336248 -0.39227 0)
(0.0352206 -0.400801 0)
(0.0361748 -0.408563 0)
(0.0347219 -0.412038 0)
(0.0376636 -0.39998 0)
(0.0415188 -0.360648 0)
(0.0401643 0.0489364 0)
(0.0223747 0.254102 0)
(0.0118084 0.334092 0)
(0.00666546 0.349425 0)
(0.00554177 0.338158 0)
(0.00721351 0.317994 0)
(0.0104547 0.294919 0)
(0.0144524 0.269256 0)
(0.018609 0.238259 0)
(0.00220938 -0.40147 0)
(0.00660673 -0.396963 0)
(0.00990806 -0.3862 0)
(0.0131864 -0.378978 0)
(0.0162991 -0.376005 0)
(0.0192008 -0.377013 0)
(0.0218182 -0.381128 0)
(0.0240448 -0.387301 0)
(0.0257096 -0.394636 0)
(0.0266994 -0.402418 0)
(0.0270093 -0.409702 0)
(0.0260041 -0.413648 0)
(0.0274478 -0.403813 0)
(0.0314888 -0.360273 0)
(0.030802 0.0638824 0)
(0.00405822 0.269454 0)
(-0.01234 0.343679 0)
(-0.0191303 0.353095 0)
(-0.0197144 0.337628 0)
(-0.0165616 0.314936 0)
(-0.0115251 0.290554 0)
(-0.0057387 0.264435 0)
(6.51882e-06 0.233658 0)
(-0.00168047 -0.41212 0)
(0.00210488 -0.403616 0)
(0.00565063 -0.390702 0)
(0.00893259 -0.382509 0)
(0.0117434 -0.378996 0)
(0.0142523 -0.379637 0)
(0.0165309 -0.383396 0)
(0.0185763 -0.389124 0)
(0.0202953 -0.395855 0)
(0.0215758 -0.402885 0)
(0.0226084 -0.409595 0)
(0.0231711 -0.413726 0)
(0.0247183 -0.408118 0)
(0.0239245 -0.36321 0)
(0.00386555 0.0883727 0)
(-0.0270419 0.292197 0)
(-0.0463563 0.355887 0)
(-0.0516739 0.356246 0)
(-0.0490433 0.335229 0)
(-0.0425567 0.309593 0)
(-0.0345056 0.283924 0)
(-0.0261582 0.257548 0)
(-0.0183519 0.227272 0)
(0.00301827 -0.374551 0)
(0.00198985 -0.383465 0)
(0.00480142 -0.378536 0)
(0.00701204 -0.373844 0)
(0.00929287 -0.371647 0)
(0.0115339 -0.372657 0)
(0.013768 -0.376363 0)
(0.0160127 -0.381833 0)
(0.018314 -0.388202 0)
(0.0207699 -0.394885 0)
(0.0241865 -0.401642 0)
(0.0274834 -0.406448 0)
(0.0337564 -0.401626 0)
(0.0296639 -0.357937 0)
(-0.0676797 0.126446 0)
(-0.0885082 0.31801 0)
(-0.096971 0.364786 0)
(-0.0935748 0.354421 0)
(-0.0831472 0.327989 0)
(-0.070717 0.300127 0)
(-0.0581821 0.273932 0)
(-0.0464617 0.247964 0)
(-0.0361571 0.218757 0)
(0.0618761 -0.338068 0)
(0.0163384 -0.359452 0)
(0.0112576 -0.365892 0)
(0.00899387 -0.36631 0)
(0.00981156 -0.366189 0)
(0.0119233 -0.368241 0)
(0.014464 -0.372642 0)
(0.0171772 -0.378756 0)
(0.0201275 -0.385869 0)
(0.0236179 -0.393504 0)
(0.0281777 -0.402075 0)
(0.0306345 -0.408433 0)
(0.031746 -0.384989 0)
(0.0225947 -0.277234 0)
(-0.195337 0.18475 0)
(-0.181679 0.334727 0)
(-0.165096 0.359113 0)
(-0.142825 0.340412 0)
(-0.120185 0.311916 0)
(-0.0995583 0.284418 0)
(-0.0814575 0.259471 0)
(-0.0658685 0.23512 0)
(-0.0528599 0.207853 0)
(0.229729 -0.492698 0)
(0.0276287 -0.392893 0)
(0.0185916 -0.394596 0)
(0.0102427 -0.389512 0)
(0.0107003 -0.386754 0)
(0.0141066 -0.387724 0)
(0.0178986 -0.391656 0)
(0.0213795 -0.397631 0)
(0.0246806 -0.404834 0)
(0.0285272 -0.412216 0)
(0.0317327 -0.419954 0)
(0.0173533 -0.431677 0)
(-0.0696373 -0.384758 0)
(-0.28773 -0.0352172 0)
(-0.336356 0.225067 0)
(-0.285827 0.314845 0)
(-0.234381 0.325935 0)
(-0.190315 0.308448 0)
(-0.154576 0.284497 0)
(-0.125806 0.261402 0)
(-0.10239 0.240138 0)
(-0.0831999 0.21891 0)
(-0.067729 0.194584 0)
(-0.0833961 -0.628501 0)
(-0.0575605 -0.323592 0)
(-0.0339541 -0.384363 0)
(-0.0433511 -0.39836 0)
(-0.0570198 -0.403414 0)
(-0.0730052 -0.406778 0)
(-0.0910142 -0.41049 0)
(-0.111595 -0.41577 0)
(-0.136243 -0.42291 0)
(-0.168607 -0.428942 0)
(-0.214849 -0.414598 0)
(-0.28405 -0.34733 0)
(-0.373119 -0.178689 0)
(-0.437762 0.0212092 0)
(-0.411075 0.181511 0)
(-0.342267 0.251301 0)
(-0.276188 0.268298 0)
(-0.221932 0.262042 0)
(-0.179258 0.24806 0)
(-0.145705 0.232536 0)
(-0.118886 0.216868 0)
(-0.0972513 0.199962 0)
(-0.0800453 0.179387 0)
(-0.0312617 -0.391992 0)
(-0.0575956 -0.362754 0)
(-0.0532593 -0.362593 0)
(-0.0688432 -0.360668 0)
(-0.08864 -0.359225 0)
(-0.111902 -0.358886 0)
(-0.138287 -0.359079 0)
(-0.168612 -0.359023 0)
(-0.204839 -0.356895 0)
(-0.250301 -0.348253 0)
(-0.307895 -0.323164 0)
(-0.374394 -0.255747 0)
(-0.431775 -0.138773 0)
(-0.448662 0.00409924 0)
(-0.41118 0.118704 0)
(-0.348583 0.180965 0)
(-0.286956 0.20644 0)
(-0.234457 0.212067 0)
(-0.191886 0.208578 0)
(-0.157657 0.201183 0)
(-0.129902 0.191622 0)
(-0.107349 0.179474 0)
(-0.0893719 0.163019 0)
(-0.0189833 -0.383359 0)
(-0.0433354 -0.360759 0)
(-0.0591023 -0.348381 0)
(-0.0789544 -0.340282 0)
(-0.101437 -0.335203 0)
(-0.126816 -0.331681 0)
(-0.155286 -0.328214 0)
(-0.187666 -0.323193 0)
(-0.225274 -0.314201 0)
(-0.269329 -0.296653 0)
(-0.319916 -0.262768 0)
(-0.370473 -0.204052 0)
(-0.405383 -0.115198 0)
(-0.407947 -0.0141029 0)
(-0.376425 0.0698083 0)
(-0.32788 0.123623 0)
(-0.277772 0.152907 0)
(-0.232707 0.166479 0)
(-0.19437 0.171041 0)
(-0.162338 0.170459 0)
(-0.135615 0.166372 0)
(-0.113486 0.158721 0)
(-0.0956435 0.146315 0)
(-0.0158178 -0.348004 0)
(-0.0402172 -0.340102 0)
(-0.060565 -0.328563 0)
(-0.0816597 -0.319041 0)
(-0.104442 -0.311827 0)
(-0.129413 -0.305659 0)
(-0.156928 -0.298935 0)
(-0.187514 -0.289879 0)
(-0.221739 -0.276188 0)
(-0.259524 -0.254523 0)
(-0.299004 -0.220255 0)
(-0.334594 -0.168752 0)
(-0.356188 -0.101241 0)
(-0.355081 -0.0282093 0)
(-0.332219 0.0349697 0)
(-0.297081 0.0806666 0)
(-0.258814 0.110305 0)
(-0.222393 0.128082 0)
(-0.18979 0.137859 0)
(-0.161373 0.142238 0)
(-0.136871 0.142508 0)
(-0.116096 0.138711 0)
(-0.0990805 0.129985 0)
(-0.0138573 -0.321634 0)
(-0.0373046 -0.317296 0)
(-0.0588209 -0.30665 0)
(-0.0800076 -0.296639 0)
(-0.102105 -0.288046 0)
(-0.125638 -0.279943 0)
(-0.15093 -0.270859 0)
(-0.1782 -0.259168 0)
(-0.207457 -0.24301 0)
(-0.238016 -0.220134 0)
(-0.267798 -0.18809 0)
(-0.292609 -0.145231 0)
(-0.306511 -0.0931355 0)
(-0.305187 -0.0384047 0)
(-0.289553 0.0106471 0)
(-0.264767 0.0493696 0)
(-0.236301 0.0775522 0)
(-0.207709 0.0969625 0)
(-0.180842 0.109679 0)
(-0.156441 0.117329 0)
(-0.134695 0.120801 0)
(-0.1158 0.120098 0)
(-0.100059 0.114541 0)
(-0.0125609 -0.297454 0)
(-0.0346276 -0.294786 0)
(-0.0556068 -0.285115 0)
(-0.0760508 -0.275139 0)
(-0.0968883 -0.265827 0)
(-0.118551 -0.256546 0)
(-0.141228 -0.246046 0)
(-0.164909 -0.232979 0)
(-0.189319 -0.215978 0)
(-0.213603 -0.19365 0)
(-0.236 -0.164784 0)
(-0.253672 -0.129007 0)
(-0.26322 -0.0878539 0)
(-0.26244 -0.0453321 0)
(-0.251922 -0.00612244 0)
(-0.234505 0.0268054 0)
(-0.21346 0.0527219 0)
(-0.191267 0.0722018 0)
(-0.169477 0.0862745 0)
(-0.14893 0.095883 0)
(-0.130042 0.101564 0)
(-0.113242 0.103231 0)
(-0.0990088 0.100297 0)
(-0.0115168 -0.275399 0)
(-0.0319553 -0.273463 0)
(-0.0517047 -0.264606 0)
(-0.0709063 -0.254872 0)
(-0.090191 -0.245312 0)
(-0.109844 -0.235479 0)
(-0.129916 -0.224348 0)
(-0.150268 -0.210851 0)
(-0.17052 -0.194035 0)
(-0.189877 -0.173083 0)
(-0.206996 -0.147484 0)
(-0.220026 -0.11737 0)
(-0.227008 -0.0839983 0)
(-0.22678 -0.0498439 0)
(-0.219699 -0.0176978 0)
(-0.207361 0.0104883 0)
(-0.191733 0.0339206 0)
(-0.17453 0.0526327 0)
(-0.15698 0.0670621 0)
(-0.139871 0.0777012 0)
(-0.123697 0.0848172 0)
(-0.108998 0.0882311 0)
(-0.0963492 0.0874109 0)
(-0.0105347 -0.255236 0)
(-0.0292489 -0.253697 0)
(-0.0474902 -0.245524 0)
(-0.065202 -0.236151 0)
(-0.082824 -0.226659 0)
(-0.100481 -0.216721 0)
(-0.118128 -0.205508 0)
(-0.135574 -0.192197 0)
(-0.152432 -0.176139 0)
(-0.168042 -0.156883 0)
(-0.18143 -0.134275 0)
(-0.191398 -0.108627 0)
(-0.196796 -0.080906 0)
(-0.19699 -0.0527069 0)
(-0.192195 -0.0257774 0)
(-0.183338 -0.00144088 0)
(-0.171631 0.0196045 0)
(-0.158251 0.0371704 0)
(-0.144142 0.0513757 0)
(-0.129982 0.0624302 0)
(-0.116262 0.0704132 0)
(-0.103547 0.0750756 0)
(-0.0924537 0.0759197 0)
(-0.00953672 -0.236871 0)
(-0.0265182 -0.235604 0)
(-0.0431569 -0.228024 0)
(-0.0593023 -0.219093 0)
(-0.0752519 -0.209869 0)
(-0.0910017 -0.200117 0)
(-0.106462 -0.189171 0)
(-0.121429 -0.176401 0)
(-0.135558 -0.161371 0)
(-0.148329 -0.143853 0)
(-0.15905 -0.123869 0)
(-0.16694 -0.101765 0)
(-0.171309 -0.0782743 0)
(-0.171796 -0.0544672 0)
(-0.168537 -0.0314915 0)
(-0.162093 -0.0102729 0)
(-0.153239 0.00861738 0)
(-0.142776 0.0249201 0)
(-0.131426 0.0385928 0)
(-0.119744 0.0496762 0)
(-0.108175 0.0581274 0)
(-0.0972675 0.0636536 0)
(-0.0876372 0.0657862 0)
(-0.00854058 -0.220287 0)
(-0.0238218 -0.219177 0)
(-0.0388526 -0.212108 0)
(-0.0534401 -0.203663 0)
(-0.0677569 -0.194827 0)
(-0.0817269 -0.185444 0)
(-0.0952419 -0.174978 0)
(-0.108111 -0.162941 0)
(-0.120041 -0.149039 0)
(-0.130634 -0.133176 0)
(-0.139402 -0.115453 0)
(-0.145828 -0.0961926 0)
(-0.149487 -0.0759553 0)
(-0.150168 -0.0554867 0)
(-0.147961 -0.035575 0)
(-0.143221 -0.0168872 0)
(-0.136461 0.000117868 0)
(-0.128236 0.0151785 0)
(-0.119086 0.0281777 0)
(-0.109462 0.0390602 0)
(-0.0997467 0.0477094 0)
(-0.090447 0.0538115 0)
(-0.0821545 0.0569272 0)
(-0.00759795 -0.205462 0)
(-0.0212449 -0.204403 0)
(-0.0347075 -0.197766 0)
(-0.0477736 -0.189808 0)
(-0.0605214 -0.181425 0)
(-0.0728504 -0.172519 0)
(-0.0846435 -0.162647 0)
(-0.0957284 -0.151426 0)
(-0.105866 -0.138652 0)
(-0.114755 -0.124303 0)
(-0.122046 -0.108509 0)
(-0.127395 -0.0915545 0)
(-0.130532 -0.0738731 0)
(-0.131331 -0.056004 0)
(-0.129856 -0.0385104 0)
(-0.126342 -0.021887 0)
(-0.121138 -0.00650284 0)
(-0.114641 0.00740339 0)
(-0.107249 0.0196866 0)
(-0.0993246 0.0302418 0)
(-0.0911894 0.0389124 0)
(-0.0832977 0.0453804 0)
(-0.0762053 0.0492369 0)
(-0.00672803 -0.192317 0)
(-0.0188283 -0.191257 0)
(-0.0307872 -0.184993 0)
(-0.0423848 -0.17749 0)
(-0.0536479 -0.169579 0)
(-0.064474 -0.161193 0)
(-0.0747406 -0.151958 0)
(-0.0842959 -0.141559 0)
(-0.0929475 -0.129854 0)
(-0.100465 -0.116853 0)
(-0.106601 -0.102695 0)
(-0.111121 -0.0876261 0)
(-0.113849 -0.0719857 0)
(-0.114709 -0.0561782 0)
(-0.113749 -0.0406212 0)
(-0.11113 -0.0256916 0)
(-0.107099 -0.0116882 0)
(-0.101945 0.00117746 0)
(-0.0959625 0.012758 0)
(-0.0894384 0.0229269 0)
(-0.082642 0.0315086 0)
(-0.0759716 0.0381928 0)
(-0.0699419 0.0426015 0)
(-0.00591116 -0.180738 0)
(-0.0165514 -0.179672 0)
(-0.0270873 -0.173732 0)
(-0.0372925 -0.166643 0)
(-0.0471746 -0.159191 0)
(-0.0566309 -0.151325 0)
(-0.0655393 -0.142719 0)
(-0.073768 -0.133105 0)
(-0.0811627 -0.122373 0)
(-0.0875494 -0.110554 0)
(-0.0927492 -0.0977786 0)
(-0.0966013 -0.0842593 0)
(-0.0989893 -0.0702688 0)
(-0.0998665 -0.0561192 0)
(-0.0992694 -0.042131 0)
(-0.0973142 -0.0285989 0)
(-0.0941777 -0.0157671 0)
(-0.0900735 -0.00382089 0)
(-0.0852256 0.00710085 0)
(-0.0798565 0.016866 0)
(-0.074191 0.0252952 0)
(-0.0685741 0.032092 0)
(-0.0634768 0.0369091 0)
(-0.00512152 -0.170637 0)
(-0.0143749 -0.169542 0)
(-0.0235793 -0.163871 0)
(-0.0324898 -0.157152 0)
(-0.0411038 -0.150132 0)
(-0.0493147 -0.142766 0)
(-0.0570074 -0.134756 0)
(-0.0640699 -0.125865 0)
(-0.0703808 -0.116002 0)
(-0.0758093 -0.105204 0)
(-0.0802262 -0.093594 0)
(-0.083519 -0.0813547 0)
(-0.0856092 -0.0687092 0)
(-0.0864684 -0.0559065 0)
(-0.0861257 -0.0431999 0)
(-0.084666 -0.0308255 0)
(-0.0822188 -0.0189851 0)
(-0.0789432 -0.00784034 0)
(-0.0750129 0.00248035 0)
(-0.0705974 0.0118506 0)
(-0.0658856 0.0200957 0)
(-0.0611743 0.0269369 0)
(-0.0568906 0.0320552 0)
(-0.00435362 -0.161952 0)
(-0.0122887 -0.160752 0)
(-0.0202562 -0.155277 0)
(-0.0279764 -0.148888 0)
(-0.035429 -0.142274 0)
(-0.0425024 -0.135378 0)
(-0.0490949 -0.127921 0)
(-0.0551161 -0.119681 0)
(-0.0604732 -0.11058 0)
(-0.0650695 -0.100658 0)
(-0.0688111 -0.0900274 0)
(-0.0716182 -0.0788466 0)
(-0.0734373 -0.067303 0)
(-0.0742511 -0.0556007 0)
(-0.0740829 -0.0439458 0)
(-0.0729954 -0.0325318 0)
(-0.0710842 -0.0215283 0)
(-0.0684684 -0.0110762 0)
(-0.0652818 -0.00129264 0)
(-0.0616561 0.00770672 0)
(-0.057748 0.0157586 0)
(-0.053814 0.022603 0)
(-0.0502379 0.0279449 0)
(-0.00362232 -0.154629 0)
(-0.0103204 -0.153201 0)
(-0.0171452 -0.147837 0)
(-0.0237683 -0.141742 0)
(-0.0301449 -0.135511 0)
(-0.0361637 -0.129057 0)
(-0.0417437 -0.122102 0)
(-0.0468176 -0.114437 0)
(-0.051318 -0.105996 0)
(-0.0551738 -0.096816 0)
(-0.0583163 -0.0870024 0)
(-0.0606884 -0.0766945 0)
(-0.0622532 -0.0660532 0)
(-0.0629999 -0.0552503 0)
(-0.0629467 -0.044458 0)
(-0.0621399 -0.033839 0)
(-0.0606497 -0.0235385 0)
(-0.0585645 -0.0136803 0)
(-0.0559848 -0.00437005 0)
(-0.0530139 0.00428964 0)
(-0.0497814 0.0121544 0)
(-0.0465142 0.0189826 0)
(-0.0435539 0.0244955 0)
(-0.00294751 -0.148615 0)
(-0.00851248 -0.146808 0)
(-0.0142891 -0.141473 0)
(-0.0198849 -0.135647 0)
(-0.0252399 -0.129781 0)
(-0.0302583 -0.123732 0)
(-0.0348863 -0.117222 0)
(-0.0390812 -0.110054 0)
(-0.0427958 -0.10217 0)
(-0.0459777 -0.0936089 0)
(-0.0485758 -0.0844683 0)
(-0.0505485 -0.0748735 0)
(-0.0518697 -0.0649658 0)
(-0.0525322 -0.0548933 0)
(-0.0525497 -0.0448038 0)
(-0.051956 -0.0348378 0)
(-0.0508018 -0.025123 0)
(-0.0491502 -0.0157703 0)
(-0.0470722 -0.00687442 0)
(-0.0446441 0.0014777 0)
(-0.0419771 0.00917186 0)
(-0.0392813 0.0159834 0)
(-0.0368601 0.0216366 0)
(-0.00231832 -0.143697 0)
(-0.00686596 -0.141416 0)
(-0.0117029 -0.13609 0)
(-0.0163146 -0.130541 0)
(-0.0206723 -0.125026 0)
(-0.0247195 -0.119343 0)
(-0.028436 -0.113213 0)
(-0.0318012 -0.106458 0)
(-0.0347824 -0.0990298 0)
(-0.0373392 -0.090972 0)
(-0.0394327 -0.0823755 0)
(-0.0410313 -0.0733546 0)
(-0.0421159 -0.0640355 0)
(-0.0426811 -0.0545486 0)
(-0.042737 -0.0450243 0)
(-0.042308 -0.0355877 0)
(-0.0414299 -0.0263549 0)
(-0.0401443 -0.0174295 0)
(-0.0384927 -0.00889937 0)
(-0.0365182 -0.00083183 0)
(-0.0343227 0.00671261 0)
(-0.0321186 0.0135279 0)
(-0.0301768 0.0193121 0)
(-0.00159659 -0.139504 0)
(-0.00523762 -0.136612 0)
(-0.00931303 -0.131519 0)
(-0.0129698 -0.12636 0)
(-0.0163402 -0.121204 0)
(-0.0194358 -0.115839 0)
(-0.0222733 -0.110015 0)
(-0.0248485 -0.103585 0)
(-0.0271372 -0.0965157 0)
(-0.0291063 -0.088853 0)
(-0.0307243 -0.0806839 0)
(-0.0319668 -0.0721135 0)
(-0.032819 -0.0632556 0)
(-0.033277 -0.0542276 0)
(-0.0333485 -0.045147 0)
(-0.0330516 -0.0361287 0)
(-0.0324121 -0.0272828 0)
(-0.031456 -0.0187135 0)
(-0.0301943 -0.0105144 0)
(-0.0286168 -0.00273294 0)
(-0.0268224 0.00468493 0)
(-0.0250503 0.0115559 0)
(-0.0235527 0.0174836 0)
(-0.000831808 -0.138744 0)
(-0.00358357 -0.132696 0)
(-0.00708923 -0.128154 0)
(-0.00974009 -0.123477 0)
(-0.0120898 -0.118613 0)
(-0.0142443 -0.113464 0)
(-0.0162326 -0.107841 0)
(-0.0180524 -0.101624 0)
(-0.019681 -0.0947971 0)
(-0.0210893 -0.0874076 0)
(-0.0222517 -0.0795373 0)
(-0.0231489 -0.0712832 0)
(-0.02377 -0.0627496 0)
(-0.0241125 -0.0540438 0)
(-0.0241833 -0.0452742 0)
(-0.0239976 -0.0365483 0)
(-0.0235789 -0.0279741 0)
(-0.0229517 -0.0196663 0)
(-0.022104 -0.0117488 0)
(-0.0209273 -0.00427661 0)
(-0.0195377 0.00302251 0)
(-0.0181885 0.0100371 0)
(-0.0171429 0.0161282 0)
(-0.0050465 -0.144978 0)
(-0.00298492 -0.133186 0)
(-0.0054759 -0.128042 0)
(-0.00661543 -0.123203 0)
(-0.0077373 -0.118287 0)
(-0.00891082 -0.113138 0)
(-0.0100598 -0.107544 0)
(-0.0111413 -0.101385 0)
(-0.0121242 -0.0946432 0)
(-0.0129816 -0.0873606 0)
(-0.0136934 -0.0796124 0)
(-0.0142459 -0.0714887 0)
(-0.014632 -0.0630868 0)
(-0.0148507 -0.0545074 0)
(-0.0149083 -0.0458518 0)
(-0.0148199 -0.0372205 0)
(-0.0146144 -0.0287166 0)
(-0.0143398 -0.0204598 0)
(-0.0140012 -0.0126167 0)
(-0.0133811 -0.00534625 0)
(-0.0127474 0.00201751 0)
(-0.0119204 0.00915719 0)
(-0.0113836 0.0152837 0)
(-0.0300861 -0.119678 0)
(-0.00188479 -0.13342 0)
(-0.00327448 -0.125355 0)
(-0.00268895 -0.120035 0)
(-0.00271884 -0.115129 0)
(-0.00299386 -0.110079 0)
(-0.00333114 -0.104619 0)
(-0.00366999 -0.0986306 0)
(-0.00398629 -0.0920941 0)
(-0.00426554 -0.0850463 0)
(-0.00449873 -0.0775548 0)
(-0.00468055 -0.0697027 0)
(-0.00480849 -0.0615805 0)
(-0.00488278 -0.0532816 0)
(-0.00490716 -0.0448974 0)
(-0.00489135 -0.0365134 0)
(-0.00486018 -0.0282058 0)
(-0.00487488 -0.0200473 0)
(-0.00502566 -0.0121569 0)
(-0.00515004 -0.00490267 0)
(-0.00737356 0.00190286 0)
(-0.00749531 0.00901794 0)
(-0.00747901 0.0148577 0)
(0.530217 0.286818 0)
(0.480259 0.121331 0)
(0.420872 0.0330393 0)
(0.408306 2.00436e-05 0)
(0.447412 0.185553 0)
(0.436799 0.110975 0)
(0.407273 0.068839 0)
(0.374067 0.0450202 0)
(0.343841 0.190383 0)
(0.340368 0.152573 0)
(0.327241 0.123598 0)
(0.309521 0.10239 0)
(0.282137 0.196826 0)
(0.27879 0.16813 0)
(0.272105 0.14547 0)
(0.263041 0.129149 0)
(0.241074 0.200496 0)
(0.238387 0.176402 0)
(0.234186 0.157898 0)
(0.228568 0.145307 0)
(0.209567 0.204234 0)
(0.20734 0.182716 0)
(0.204213 0.166731 0)
(0.200168 0.156636 0)
(0.182678 0.207595 0)
(0.180819 0.187726 0)
(0.178347 0.173467 0)
(0.17523 0.165169 0)
(0.15844 0.210399 0)
(0.156939 0.191748 0)
(0.154983 0.178784 0)
(0.152546 0.171836 0)
(0.136001 0.212586 0)
(0.134862 0.194896 0)
(0.133364 0.182949 0)
(0.131498 0.177043 0)
(0.11492 0.214104 0)
(0.114143 0.197193 0)
(0.113075 0.186068 0)
(0.111722 0.180986 0)
(0.0949014 0.214933 0)
(0.0944896 0.198659 0)
(0.09384 0.188205 0)
(0.0929655 0.18378 0)
(0.0756922 0.215053 0)
(0.0756673 0.199306 0)
(0.0754416 0.1894 0)
(0.0750318 0.185499 0)
(0.0570829 0.214373 0)
(0.0574872 0.199085 0)
(0.0577064 0.189641 0)
(0.0577694 0.18616 0)
(0.0389413 0.212766 0)
(0.0398297 0.197904 0)
(0.0405322 0.188869 0)
(0.0410923 0.185739 0)
(0.0211811 0.210087 0)
(0.0226271 0.19565 0)
(0.0238682 0.187004 0)
(0.024964 0.18418 0)
(0.00377603 0.206138 0)
(0.00587582 0.192175 0)
(0.00772688 0.183936 0)
(0.00940866 0.181409 0)
(-0.0131816 0.200642 0)
(-0.0103318 0.187266 0)
(-0.00780144 0.179513 0)
(-0.00548497 0.177324 0)
(-0.0294282 0.193385 0)
(-0.0257629 0.180773 0)
(-0.0225136 0.173625 0)
(-0.0195395 0.171845 0)
(-0.0445398 0.184242 0)
(-0.0400564 0.172639 0)
(-0.0361004 0.166262 0)
(-0.0324899 0.164994 0)
(-0.0579877 0.173275 0)
(-0.0527782 0.16294 0)
(-0.0481975 0.157511 0)
(-0.0440264 0.156864 0)
(-0.0692619 0.160817 0)
(-0.0635162 0.151958 0)
(-0.058465 0.147616 0)
(-0.0538648 0.147673 0)
(-0.0780373 0.14741 0)
(-0.0719997 0.140131 0)
(-0.066675 0.136941 0)
(-0.0618114 0.137737 0)
(-0.084239 0.133657 0)
(-0.0781526 0.127948 0)
(-0.072754 0.125893 0)
(-0.0677973 0.127409 0)
(-0.0880004 0.120094 0)
(-0.0820695 0.115856 0)
(-0.0767699 0.114854 0)
(-0.0718718 0.117025 0)
(-0.0895847 0.107129 0)
(-0.0839596 0.104208 0)
(-0.0788919 0.104138 0)
(-0.0741732 0.10687 0)
(-0.0893142 0.0950355 0)
(-0.0840924 0.0932533 0)
(-0.0793477 0.0939748 0)
(-0.0748951 0.0971653 0)
(-0.0875198 0.0839686 0)
(-0.0827543 0.0831441 0)
(-0.0783866 0.0845159 0)
(-0.0742557 0.0880613 0)
(-0.0845108 0.073992 0)
(-0.0802206 0.073955 0)
(-0.0762548 0.075846 0)
(-0.0724752 0.0796516 0)
(-0.080559 0.0651045 0)
(-0.0767396 0.0657034 0)
(-0.0731791 0.0679977 0)
(-0.0697605 0.0719817 0)
(-0.0758938 0.0572625 0)
(-0.0725251 0.0583667 0)
(-0.0693585 0.0609667 0)
(-0.0662967 0.0650616 0)
(-0.070702 0.0503975 0)
(-0.0677551 0.0518981 0)
(-0.0649621 0.0547236 0)
(-0.0622434 0.0588763 0)
(-0.065132 0.044429 0)
(-0.0625732 0.046237 0)
(-0.0601285 0.0492243 0)
(-0.0577341 0.0533949 0)
(-0.0592978 0.039273 0)
(-0.0570924 0.0413174 0)
(-0.0549689 0.0444176 0)
(-0.0528773 0.0485775 0)
(-0.0532848 0.0348485 0)
(-0.0513991 0.0370737 0)
(-0.04957 0.0402501 0)
(-0.0477595 0.0443806 0)
(-0.0471547 0.0310809 0)
(-0.0455575 0.0334443 0)
(-0.043998 0.0366704 0)
(-0.0424478 0.0407607 0)
(-0.0409501 0.0279044 0)
(-0.0396142 0.0303741 0)
(-0.0383024 0.0336317 0)
(-0.0369939 0.0376772 0)
(-0.0347012 0.025264 0)
(-0.0336041 0.0278164 0)
(-0.032522 0.0310935 0)
(-0.0314394 0.0350945 0)
(-0.0284373 0.023117 0)
(-0.0275623 0.0257348 0)
(-0.0266962 0.0290236 0)
(-0.0258278 0.0329835 0)
(-0.0222168 0.0214357 0)
(-0.021553 0.0241052 0)
(-0.020894 0.0274007 0)
(-0.0202316 0.0313255 0)
(-0.0162039 0.0202081 0)
(-0.0157431 0.0229196 0)
(-0.0152833 0.0262173 0)
(-0.0148218 0.0301093 0)
(-0.0108343 0.0193954 0)
(-0.0105683 0.0221243 0)
(-0.0103042 0.0254224 0)
(-0.0100463 0.0292963 0)
(-0.00720767 0.0189943 0)
(-0.0070749 0.0217265 0)
(-0.00695566 0.0250603 0)
(-0.00685419 0.028932 0)
(0.332966 -0.101485 0)
(0.199671 -0.0614312 0)
(0.155514 -0.0224948 0)
(0.133409 -0.00230679 0)
(0.116799 0.00971932 0)
(0.103773 0.0174221 0)
(0.0928985 0.0222715 0)
(0.0832931 0.0251273 0)
(0.0745131 0.0266391 0)
(0.0663211 0.0272972 0)
(0.0585799 0.0274466 0)
(0.0512038 0.02732 0)
(0.0441339 0.0270741 0)
(0.0373196 0.0268059 0)
(0.0307018 0.0265612 0)
(0.0242035 0.0263368 0)
(0.0177268 0.0261318 0)
(0.0110691 0.0260026 0)
(0.00403474 0.0256561 0)
(0.312307 0.0102774 0)
(0.228124 0.0071726 0)
(0.179303 0.013659 0)
(0.150032 0.0199583 0)
(0.128711 0.0255118 0)
(0.11228 0.0297749 0)
(0.0990279 0.0325911 0)
(0.0877943 0.0341574 0)
(0.0778939 0.0348012 0)
(0.0689204 0.0348364 0)
(0.0606243 0.0345106 0)
(0.052846 0.0340042 0)
(0.0454756 0.0334475 0)
(0.0384216 0.0329374 0)
(0.0315861 0.0325479 0)
(0.0248602 0.0323311 0)
(0.0181342 0.032319 0)
(0.0112253 0.0324827 0)
(0.00405804 0.0322783 0)
(0.277271 0.0738666 0)
(0.225118 0.0546322 0)
(0.185191 0.0467983 0)
(0.156268 0.0439199 0)
(0.133848 0.0435447 0)
(0.11609 0.0439682 0)
(0.101676 0.0442664 0)
(0.0895597 0.0441498 0)
(0.0790297 0.0436382 0)
(0.0696245 0.0428509 0)
(0.0610419 0.0419155 0)
(0.0530795 0.0409408 0)
(0.0455928 0.0400199 0)
(0.0384614 0.0392421 0)
(0.0315654 0.038703 0)
(0.0247859 0.0384901 0)
(0.01802 0.0386371 0)
(0.0111051 0.0390213 0)
(0.00400133 0.0388941 0)
(0.245764 0.108709 0)
(0.211235 0.0882449 0)
(0.180234 0.0748469 0)
(0.154648 0.0665381 0)
(0.133421 0.0616606 0)
(0.115942 0.0586561 0)
(0.101441 0.0564689 0)
(0.0891444 0.0545817 0)
(0.0784548 0.0528035 0)
(0.0689446 0.0510937 0)
(0.0603138 0.0494698 0)
(0.0523493 0.0479703 0)
(0.044892 0.0466489 0)
(0.0378075 0.045584 0)
(0.0309677 0.0448832 0)
(0.0242576 0.0446528 0)
(0.017588 0.0449133 0)
(0.0108113 0.0454634 0)
(0.00388895 0.045384 0)
(0.217983 0.130787 0)
(0.193477 0.112681 0)
(0.169453 0.0977061 0)
(0.147879 0.0864671 0)
(0.128944 0.0784978 0)
(0.112731 0.0727853 0)
(0.09891 0.0684425 0)
(0.0869927 0.0649149 0)
(0.0765421 0.061906 0)
(0.0672128 0.0592704 0)
(0.0587428 0.0569427 0)
(0.0509343 0.0549038 0)
(0.0436313 0.0531732 0)
(0.0366996 0.0518174 0)
(0.0300135 0.0509494 0)
(0.0234672 0.0506838 0)
(0.0169848 0.0510249 0)
(0.0104275 0.0517091 0)
(0.00374933 0.0516695 0)
(0.192882 0.146317 0)
(0.174573 0.131009 0)
(0.155819 0.116071 0)
(0.138051 0.103398 0)
(0.121749 0.0934473 0)
(0.107286 0.0857594 0)
(0.0946086 0.0797029 0)
(0.0834568 0.0747838 0)
(0.073548 0.0706778 0)
(0.0646312 0.0671855 0)
(0.0564988 0.0641899 0)
(0.0489828 0.0616315 0)
(0.0419438 0.0595046 0)
(0.0352575 0.0578653 0)
(0.028808 0.0568299 0)
(0.0225008 0.0565168 0)
(0.0162701 0.0569157 0)
(0.00998437 0.0577138 0)
(0.00359051 0.0577103 0)
(0.169846 0.15794 0)
(0.155731 0.145085 0)
(0.141008 0.130756 0)
(0.12657 0.117487 0)
(0.112851 0.106345 0)
(0.100291 0.0973023 0)
(0.0889872 0.0899674 0)
(0.0788359 0.0839418 0)
(0.0696779 0.0789183 0)
(0.0613476 0.0746814 0)
(0.0536939 0.0710885 0)
(0.0465846 0.0680567 0)
(0.0399034 0.0655637 0)
(0.0335422 0.06366 0)
(0.0273989 0.0624647 0)
(0.0213911 0.0620998 0)
(0.0154623 0.0625436 0)
(0.00948813 0.0634432 0)
(0.00341297 0.0634735 0)
(0.148465 0.166909 0)
(0.137456 0.156032 0)
(0.1259 0.142452 0)
(0.114294 0.129045 0)
(0.102945 0.117248 0)
(0.0922649 0.107332 0)
(0.0824143 0.0990959 0)
(0.0733867 0.0922373 0)
(0.0651102 0.0864872 0)
(0.0574882 0.0816369 0)
(0.0504196 0.0775373 0)
(0.0438078 0.0740948 0)
(0.0375616 0.0712795 0)
(0.0315921 0.0691401 0)
(0.0258129 0.0678005 0)
(0.0201543 0.0673873 0)
(0.0145688 0.0678708 0)
(0.00894125 0.0688648 0)
(0.00321722 0.0689283 0)
(0.128447 0.173858 0)
(0.119904 0.16454 0)
(0.110918 0.151697 0)
(0.101718 0.1384 0)
(0.0924898 0.126305 0)
(0.0835865 0.115873 0)
(0.0751837 0.10704 0)
(0.0673279 0.09959 0)
(0.0600051 0.0932957 0)
(0.0531696 0.087967 0)
(0.0467613 0.0834596 0)
(0.0407154 0.0796789 0)
(0.034965 0.0765935 0)
(0.0294408 0.0742546 0)
(0.0240727 0.0727927 0)
(0.0188042 0.0723409 0)
(0.0135973 0.0728644 0)
(0.0083475 0.0739488 0)
(0.00300458 0.0740455 0)
(0.10956 0.179139 0)
(0.103081 0.171051 0)
(0.096251 0.158886 0)
(0.0891189 0.145837 0)
(0.0817834 0.13368 0)
(0.0745301 0.122992 0)
(0.0675268 0.113806 0)
(0.0608452 0.105968 0)
(0.0545068 0.0992948 0)
(0.0485021 0.0936172 0)
(0.0428027 0.0888019 0)
(0.0373704 0.0847591 0)
(0.0321606 0.0814606 0)
(0.0271226 0.0789631 0)
(0.0222026 0.0774057 0)
(0.0173572 0.076929 0)
(0.0125579 0.0774962 0)
(0.00771263 0.0786688 0)
(0.00277709 0.0787991 0)
(0.0916079 0.18297 0)
(0.0869407 0.175857 0)
(0.0819785 0.164306 0)
(0.0766602 0.151586 0)
(0.0710249 0.139527 0)
(0.0652974 0.128776 0)
(0.0596269 0.119425 0)
(0.0540948 0.111372 0)
(0.0487437 0.104464 0)
(0.0435884 0.0985573 0)
(0.0386246 0.0935301 0)
(0.0338359 0.089301 0)
(0.029197 0.0858482 0)
(0.0246743 0.0832355 0)
(0.0202296 0.0816119 0)
(0.015832 0.0811267 0)
(0.0114632 0.081743 0)
(0.00704404 0.0830023 0)
(0.0025374 0.0831669 0)
(0.0744351 0.185487 0)
(0.0714244 0.179152 0)
(0.0681347 0.168163 0)
(0.064444 0.155822 0)
(0.0603547 0.143979 0)
(0.0560406 0.133311 0)
(0.051631 0.123947 0)
(0.0472091 0.115819 0)
(0.0428292 0.108804 0)
(0.0385229 0.102776 0)
(0.034304 0.0976265 0)
(0.0301736 0.0932843 0)
(0.0261229 0.089735 0)
(0.0221338 0.087051 0)
(0.0181822 0.0853915 0)
(0.0142497 0.0849154 0)
(0.0103276 0.0855873 0)
(0.00635025 0.0869322 0)
(0.00228853 0.0871313 0)
(0.0579325 0.186762 0)
(0.0564876 0.181061 0)
(0.0547418 0.170598 0)
(0.052544 0.158681 0)
(0.0498786 0.147145 0)
(0.0468799 0.136675 0)
(0.0436596 0.127423 0)
(0.0403 0.119342 0)
(0.0368628 0.112329 0)
(0.0333912 0.106275 0)
(0.0299127 0.101087 0)
(0.0264427 0.0967001 0)
(0.0229863 0.09311 0)
(0.0195389 0.0903976 0)
(0.0160898 0.0887325 0)
(0.0126321 0.0882832 0)
(0.00916619 0.0890172 0)
(0.00564041 0.0904464 0)
(0.00203375 0.0906801 0)
(0.0420374 0.186815 0)
(0.0421144 0.181655 0)
(0.0418277 0.17171 0)
(0.0410241 0.160263 0)
(0.0396842 0.149116 0)
(0.0379144 0.138944 0)
(0.0358138 0.129908 0)
(0.0334643 0.121976 0)
(0.0309325 0.115062 0)
(0.0282706 0.10907 0)
(0.0255171 0.103917 0)
(0.0226988 0.0995496 0)
(0.0198328 0.0959712 0)
(0.0169266 0.0932715 0)
(0.0139814 0.0916299 0)
(0.0110011 0.0912246 0)
(0.00799455 0.0920269 0)
(0.00492386 0.0935385 0)
(0.00177638 0.0938063 0)
(0.0267338 0.185637 0)
(0.0283197 0.180974 0)
(0.0294345 0.171568 0)
(0.0299481 0.160649 0)
(0.0298505 0.149969 0)
(0.0292308 0.140185 0)
(0.0281817 0.131457 0)
(0.0267862 0.123766 0)
(0.025116 0.117036 0)
(0.0232306 0.111182 0)
(0.0211775 0.106132 0)
(0.0189934 0.101843 0)
(0.0167056 0.0983245 0)
(0.0143322 0.0956757 0)
(0.0118851 0.0940852 0)
(0.00937792 0.09374 0)
(0.00682781 0.0946161 0)
(0.00420984 0.0962077 0)
(0.00151975 0.0965086 0)
(0.0120593 0.183201 0)
(0.0151521 0.179043 0)
(0.017622 0.170226 0)
(0.0193856 0.159906 0)
(0.0204537 0.149774 0)
(0.0209084 0.140462 0)
(0.0208418 0.132128 0)
(0.0203406 0.124759 0)
(0.0194823 0.118287 0)
(0.0183332 0.11264 0)
(0.0169486 0.107755 0)
(0.0153737 0.103596 0)
(0.0136445 0.100183 0)
(0.0117884 0.0976202 0)
(0.00982707 0.0961059 0)
(0.00778295 0.0958354 0)
(0.00568045 0.0967898 0)
(0.00350723 0.0984585 0)
(0.00126706 0.0987909 0)
(-0.00189999 0.179471 0)
(0.00269163 0.175882 0)
(0.00646774 0.167734 0)
(0.00941312 0.1581 0)
(0.0115696 0.148601 0)
(0.0130215 0.139843 0)
(0.0138653 0.131981 0)
(0.0141946 0.125005 0)
(0.0140931 0.11886 0)
(0.0136339 0.113481 0)
(0.0128794 0.108815 0)
(0.0118821 0.104834 0)
(0.0106855 0.101565 0)
(0.00932529 0.09912 0)
(0.00783168 0.0977047 0)
(0.00623492 0.0975219 0)
(0.00456601 0.0985582 0)
(0.00282435 0.1003 0)
(0.00102134 0.100662 0)
(-0.0150013 0.174415 0)
(-0.00895315 0.171511 0)
(-0.00393624 0.164149 0)
(0.00011222 0.1553 0)
(0.00327304 0.146521 0)
(0.00563945 0.138396 0)
(0.00731709 0.131078 0)
(0.00840783 0.124563 0)
(0.00900286 0.118803 0)
(0.00918177 0.113746 0)
(0.00901335 0.109346 0)
(0.00855637 0.105585 0)
(0.00786099 0.102495 0)
(0.00696992 0.100196 0)
(0.00592085 0.0988994 0)
(0.00475092 0.0988155 0)
(0.0034968 0.0999361 0)
(0.00216881 0.101748 0)
(0.000785356 0.102137 0)
(-0.0270381 0.168086 0)
(-0.0196341 0.166001 0)
(-0.013479 0.159543 0)
(-0.00842994 0.151581 0)
(-0.00436364 0.143612 0)
(-0.00117409 0.136197 0)
(0.00125437 0.129488 0)
(0.0030324 0.123491 0)
(0.00425882 0.11817 0)
(0.00501921 0.11348 0)
(0.00538806 0.109387 0)
(0.00542952 0.105881 0)
(0.00519926 0.103001 0)
(0.00474605 0.100872 0)
(0.004114 0.0997117 0)
(0.00334609 0.0997359 0)
(0.00248381 0.100943 0)
(0.00154733 0.102819 0)
(0.000561536 0.103234 0)
(-0.0377732 0.160594 0)
(-0.0291854 0.159467 0)
(-0.0220403 0.15403 0)
(-0.0161223 0.147051 0)
(-0.0112686 0.139968 0)
(-0.00736086 0.133327 0)
(-0.0042735 0.127284 0)
(-0.00188787 0.121856 0)
(-9.97237e-05 0.117016 0)
(0.00118156 0.112733 0)
(0.00203505 0.108982 0)
(0.00252925 0.105761 0)
(0.00272431 0.103115 0)
(0.00267401 0.101177 0)
(0.0024278 0.100167 0)
(0.00203351 0.100307 0)
(0.00153655 0.1016 0)
(0.00096569 0.103537 0)
(0.000351877 0.103973 0)
(-0.0469934 0.152128 0)
(-0.0374593 0.152072 0)
(-0.0295139 0.147752 0)
(-0.0228847 0.141834 0)
(-0.0173786 0.135699 0)
(-0.0128689 0.129882 0)
(-0.00922282 0.124548 0)
(-0.00631615 0.119726 0)
(-0.00404084 0.115402 0)
(-0.00230295 0.111557 0)
(-0.00102054 0.108176 0)
(-0.000122145 0.105264 0)
(0.000455619 0.102874 0)
(0.000770424 0.101142 0)
(0.000876027 0.100294 0)
(0.000824079 0.100555 0)
(0.000663006 0.101934 0)
(0.000428515 0.103927 0)
(0.000157662 0.104381 0)
(-0.0545514 0.142951 0)
(-0.0443515 0.144023 0)
(-0.0358239 0.140879 0)
(-0.0286594 0.136069 0)
(-0.0226477 0.130922 0)
(-0.0176596 0.125964 0)
(-0.0135602 0.121368 0)
(-0.0102231 0.117178 0)
(-0.00753865 0.113394 0)
(-0.00541165 0.110009 0)
(-0.00375893 0.107017 0)
(-0.00250747 0.104432 0)
(-0.00159184 0.102313 0)
(-0.000951882 0.100801 0)
(-0.000530708 0.100123 0)
(-0.000273773 0.100508 0)
(-0.000130504 0.101973 0)
(-6.07798e-05 0.104017 0)
(-2.07071e-05 0.104487 0)
(-0.0603883 0.133353 0)
(-0.049816 0.135551 0)
(-0.0409343 0.133594 0)
(-0.0334174 0.129907 0)
(-0.027051 0.125763 0)
(-0.0217111 0.121677 0)
(-0.0172656 0.117833 0)
(-0.0135899 0.114289 0)
(-0.0105755 0.111059 0)
(-0.0081283 0.108146 0)
(-0.00616539 0.105556 0)
(-0.00461361 0.10331 0)
(-0.0034068 0.101473 0)
(-0.00248343 0.100188 0)
(-0.00178464 0.0996859 0)
(-0.00125408 0.100198 0)
(-0.000839885 0.101745 0)
(-0.000498026 0.103842 0)
(-0.000179273 0.10431 0)
(-0.0645331 0.123619 0)
(-0.0538661 0.126886 0)
(-0.0448504 0.126083 0)
(-0.0371591 0.123499 0)
(-0.0305861 0.120346 0)
(-0.0250186 0.117127 0)
(-0.0203326 0.114033 0)
(-0.0164088 0.111136 0)
(-0.0131431 0.108462 0)
(-0.0104442 0.106027 0)
(-0.00823123 0.103845 0)
(-0.00643231 0.101944 0)
(-0.00498172 0.100394 0)
(-0.00381766 0.0993412 0)
(-0.00288033 0.0990169 0)
(-0.00211257 0.0996553 0)
(-0.00146206 0.101284 0)
(-0.000880653 0.103428 0)
(-0.000317131 0.103892 0)
(-0.0670862 0.114 0)
(-0.0565665 0.118237 0)
(-0.0476144 0.118518 0)
(-0.0399124 0.116989 0)
(-0.033271 0.114792 0)
(-0.0275933 0.112415 0)
(-0.0227674 0.110055 0)
(-0.0186828 0.107794 0)
(-0.0152418 0.105671 0)
(-0.0123579 0.10371 0)
(-0.00995387 0.101934 0)
(-0.00796032 0.100378 0)
(-0.00631312 0.0991161 0)
(-0.00495115 0.0982963 0)
(-0.0038147 0.09815 0)
(-0.00284668 0.0989132 0)
(-0.00199498 0.100618 0)
(-0.00120802 0.102804 0)
(-0.000434613 0.103264 0)
(-0.0681958 0.104702 0)
(-0.05802 0.109782 0)
(-0.0492984 0.111053 0)
(-0.0417282 0.110506 0)
(-0.0351417 0.109211 0)
(-0.0294608 0.107637 0)
(-0.024588 0.105982 0)
(-0.0204241 0.104336 0)
(-0.0168796 0.102748 0)
(-0.0138744 0.101251 0)
(-0.0113362 0.0998735 0)
(-0.00919906 0.0986573 0)
(-0.00740135 0.0976801 0)
(-0.00588363 0.0970906 0)
(-0.00458716 0.0971199 0)
(-0.00345569 0.0980045 0)
(-0.00243803 0.0997821 0)
(-0.00148012 0.102004 0)
(-0.000532058 0.10246 0)
(-0.0680361 0.0958756 0)
(-0.0583528 0.101664 0)
(-0.0499946 0.103814 0)
(-0.0426742 0.104162 0)
(-0.0362483 0.103701 0)
(-0.030658 0.102878 0)
(-0.0258219 0.101888 0)
(-0.021653 0.100828 0)
(-0.0180716 0.099753 0)
(-0.0150049 0.098702 0)
(-0.0123862 0.0977108 0)
(-0.0101541 0.0968251 0)
(-0.00825028 0.0961253 0)
(-0.00661773 0.0957605 0)
(-0.00519944 0.0959605 0)
(-0.00394073 0.0969618 0)
(-0.00279194 0.0988068 0)
(-0.00169758 0.101059 0)
(-0.000609838 0.101512 0)
(-0.0667883 0.087626 0)
(-0.0577021 0.0939887 0)
(-0.0498065 0.0969015 0)
(-0.0428291 0.0980481 0)
(-0.0366506 0.0983452 0)
(-0.0312307 0.0982126 0)
(-0.026504 0.097842 0)
(-0.0223965 0.0973311 0)
(-0.0188383 0.09674 0)
(-0.0157649 0.0961133 0)
(-0.0131158 0.0954911 0)
(-0.0108345 0.0949224 0)
(-0.00886683 0.0944894 0)
(-0.00715864 0.094341 0)
(-0.00565538 0.0947049 0)
(-0.00430458 0.0958171 0)
(-0.00305865 0.0977242 0)
(-0.00186164 0.1 0)
(-0.000668449 0.100452 0)
(-0.0646281 0.080016 0)
(-0.0562057 0.0868276 0)
(-0.0488415 0.0903888 0)
(-0.0422767 0.0922362 0)
(-0.0364142 0.0932112 0)
(-0.0312304 0.093705 0)
(-0.0266749 0.0939014 0)
(-0.0226863 0.0938984 0)
(-0.019205 0.0937587 0)
(-0.0161743 0.0935301 0)
(-0.0135406 0.0932559 0)
(-0.0112527 0.0929875 0)
(-0.00926058 0.0928082 0)
(-0.0075138 0.0928656 0)
(-0.00596069 0.0933852 0)
(-0.0045515 0.0946015 0)
(-0.00324113 0.0965648 0)
(-0.00197413 0.0988599 0)
(-0.000708544 0.0993109 0)
(-0.0617167 0.0730757 0)
(-0.0539945 0.0802254 0)
(-0.047205 0.0843276 0)
(-0.0411016 0.0867804 0)
(-0.0356071 0.0883528 0)
(-0.0307116 0.0894066 0)
(-0.0263784 0.0901161 0)
(-0.0225577 0.0905769 0)
(-0.0191998 0.0908527 0)
(-0.0162559 0.0909931 0)
(-0.0136789 0.0910433 0)
(-0.0114232 0.0910562 0)
(-0.00944328 0.0911152 0)
(-0.00769252 0.0913661 0)
(-0.00612266 0.0920315 0)
(-0.004687 0.0933444 0)
(-0.00334332 0.0953581 0)
(-0.00203743 0.0976675 0)
(-0.000730959 0.098119 0)
(-0.0581968 0.0668108 0)
(-0.0511884 0.0742042 0)
(-0.0449963 0.0787499 0)
(-0.0393858 0.0817186 0)
(-0.0342964 0.0838108 0)
(-0.0297293 0.0853593 0)
(-0.0256596 0.0865271 0)
(-0.0220479 0.0874065 0)
(-0.0188532 0.0880604 0)
(-0.0160345 0.0885388 0)
(-0.0135512 0.0888878 0)
(-0.0113627 0.089161 0)
(-0.00942842 0.0894411 0)
(-0.00770571 0.0898718 0)
(-0.00614992 0.0906724 0)
(-0.00471772 0.0920736 0)
(-0.00336999 0.0941318 0)
(-0.00205448 0.096451 0)
(-0.000736741 0.0969042 0)
(-0.0541911 0.0612092 0)
(-0.0478938 0.0687691 0)
(-0.042306 0.0736729 0)
(-0.037206 0.0770756 0)
(-0.0325468 0.0796148 0)
(-0.028338 0.0815951 0)
(-0.024564 0.0831679 0)
(-0.0211946 0.0844206 0)
(-0.0181968 0.0854145 0)
(-0.0155366 0.086199 0)
(-0.0131791 0.0868202 0)
(-0.0110892 0.0873313 0)
(-0.00923085 0.0878142 0)
(-0.00756547 0.08841 0)
(-0.00605218 0.0893341 0)
(-0.00465121 0.0908153 0)
(-0.00332661 0.092912 0)
(-0.0020287 0.0952369 0)
(-0.000727139 0.0956929 0)
(-0.0498026 0.0562479 0)
(-0.0442025 0.063913 0)
(-0.0392149 0.0691018 0)
(-0.0346325 0.0728659 0)
(-0.0304189 0.0757852 0)
(-0.0265894 0.0781382 0)
(-0.0231358 0.0800647 0)
(-0.0200355 0.0816467 0)
(-0.0172625 0.0829428 0)
(-0.0147888 0.0840013 0)
(-0.0125852 0.0848673 0)
(-0.0106217 0.0855936 0)
(-0.00886634 0.0862602 0)
(-0.0072848 0.0870056 0)
(-0.00584001 0.0880412 0)
(-0.00449574 0.0895934 0)
(-0.00321927 0.0917227 0)
(-0.00196389 0.0940496 0)
(-0.000703547 0.0945093 0)
(-0.0451159 0.0518974 0)
(-0.0401922 0.0596213 0)
(-0.0357935 0.0650342 0)
(-0.0317283 0.0690958 0)
(-0.0279684 0.0723351 0)
(-0.0245324 0.0750063 0)
(-0.0214174 0.0772381 0)
(-0.0186073 0.079107 0)
(-0.0160817 0.0806685 0)
(-0.0138183 0.0819691 0)
(-0.0117927 0.0830528 0)
(-0.00997955 0.0839709 0)
(-0.00835124 0.084802 0)
(-0.00687735 0.085681 0)
(-0.0055246 0.0868158 0)
(-0.00426021 0.0884299 0)
(-0.00305454 0.0905859 0)
(-0.00186417 0.0929111 0)
(-0.000667454 0.0933752 0)
(-0.0401992 0.0481252 0)
(-0.035928 0.0558749 0)
(-0.0321026 0.0614619 0)
(-0.0285495 0.0657662 0)
(-0.0252461 0.0692718 0)
(-0.0222124 0.0722114 0)
(-0.0194493 0.0747034 0)
(-0.0169454 0.076819 0)
(-0.0146855 0.0786105 0)
(-0.0126517 0.0801222 0)
(-0.0108245 0.0813967 0)
(-0.00918252 0.0824837 0)
(-0.00770228 0.0834597 0)
(-0.00635721 0.0844565 0)
(-0.00511767 0.0856779 0)
(-0.00395411 0.0873448 0)
(-0.00283963 0.0895213 0)
(-0.00173411 0.0918412 0)
(-0.000620485 0.0923099 0)
(-0.0351076 0.0448991 0)
(-0.0314641 0.0526528 0)
(-0.0281951 0.0583741 0)
(-0.0251461 0.0628742 0)
(-0.0222986 0.0665986 0)
(-0.019672 0.0697613 0)
(-0.0172698 0.0724719 0)
(-0.0150843 0.0747963 0)
(-0.0131041 0.0767839 0)
(-0.0113158 0.0784769 0)
(-0.0097037 0.0799159 0)
(-0.00825046 0.0811493 0)
(-0.00693644 0.0822511 0)
(-0.00573882 0.0833499 0)
(-0.00463144 0.0846455 0)
(-0.0035876 0.0863558 0)
(-0.00258248 0.0885462 0)
(-0.00157891 0.0908567 0)
(-0.000564552 0.0913296 0)
(-0.0298878 0.0421892 0)
(-0.0268489 0.0499348 0)
(-0.0241198 0.0557589 0)
(-0.0215657 0.0604147 0)
(-0.019171 0.0643157 0)
(-0.0169534 0.0676606 0)
(-0.0149174 0.0705511 0)
(-0.0130584 0.073049 0)
(-0.0113686 0.0752006 0)
(-0.0098378 0.077046 0)
(-0.00845415 0.0786245 0)
(-0.00720398 0.0799823 0)
(-0.00607141 0.0811914 0)
(-0.00503732 0.082377 0)
(-0.00407892 0.0837345 0)
(-0.00317177 0.0854787 0)
(-0.00229207 0.0876755 0)
(-0.00140462 0.0899714 0)
(-0.000501925 0.0904471 0)
(-0.0245899 0.0399711 0)
(-0.0221356 0.0477044 0)
(-0.0199313 0.0536066 0)
(-0.0178622 0.0583836 0)
(-0.0159147 0.0624236 0)
(-0.0141042 0.0659133 0)
(-0.012436 0.0689481 0)
(-0.0109078 0.0715862 0)
(-0.00951457 0.0738714 0)
(-0.00824929 0.0758421 0)
(-0.00710341 0.0775357 0)
(-0.00606684 0.0789973 0)
(-0.00512749 0.0802962 0)
(-0.0042701 0.0815542 0)
(-0.0034752 0.082962 0)
(-0.00271982 0.0847299 0)
(-0.00197939 0.0869236 0)
(-0.00121863 0.0891966 0)
(-0.000435063 0.0896711 0)
(-0.0192946 0.0382283 0)
(-0.017409 0.0459501 0)
(-0.0157142 0.0519094 0)
(-0.0141167 0.0567764 0)
(-0.0126055 0.0609209 0)
(-0.0111945 0.0645206 0)
(-0.00988929 0.0676663 0)
(-0.00868968 0.0704134 0)
(-0.00759304 0.0728035 0)
(-0.00659516 0.0748734 0)
(-0.00569053 0.0766592 0)
(-0.00487253 0.0782047 0)
(-0.00413309 0.0795773 0)
(-0.00346137 0.080895 0)
(-0.00284157 0.0823425 0)
(-0.00225143 0.0841239 0)
(-0.0016625 0.0863026 0)
(-0.00103478 0.0885406 0)
(-0.000368908 0.089006 0)
(-0.0141834 0.0369413 0)
(-0.0128478 0.0446411 0)
(-0.0116387 0.0506325 0)
(-0.0104871 0.0555576 0)
(-0.00938784 0.0597731 0)
(-0.00835465 0.06345 0)
(-0.0073943 0.0666754 0)
(-0.00650834 0.069502 0)
(-0.00569626 0.0719696 0)
(-0.00495621 0.0741139 0)
(-0.00428541 0.0759702 0)
(-0.00368061 0.0775814 0)
(-0.00313805 0.0790135 0)
(-0.00265217 0.0803813 0)
(-0.00221189 0.0818625 0)
(-0.00179535 0.0836517 0)
(-0.00136685 0.0858052 0)
(-0.00087611 0.0879937 0)
(-0.000317282 0.0884414 0)
(-0.00970085 0.0360818 0)
(-0.00885652 0.0437326 0)
(-0.0080687 0.0497124 0)
(-0.00730149 0.0546554 0)
(-0.00655636 0.0589058 0)
(-0.00584843 0.0626273 0)
(-0.0051858 0.0659025 0)
(-0.00457169 0.0687813 0)
(-0.00400722 0.0713018 0)
(-0.00349226 0.0734984 0)
(-0.00302613 0.0754061 0)
(-0.00260824 0.0770678 0)
(-0.00223849 0.0785494 0)
(-0.00191601 0.0799631 0)
(-0.00163438 0.0814793 0)
(-0.00137296 0.0832773 0)
(-0.00109165 0.0853972 0)
(-0.000733884 0.0875166 0)
(-0.000281192 0.0879301 0)
(-0.00673066 0.0355942 0)
(-0.00622745 0.043168 0)
(-0.00571272 0.0491318 0)
(-0.00519129 0.0540896 0)
(-0.00467434 0.058373 0)
(-0.00417717 0.0621368 0)
(-0.00370855 0.0654589 0)
(-0.00327251 0.0683862 0)
(-0.0028709 0.0709553 0)
(-0.00250436 0.0731996 0)
(-0.00217307 0.0751542 0)
(-0.00187736 0.0768623 0)
(-0.00161787 0.0783895 0)
(-0.00139425 0.0798438 0)
(-0.00120072 0.0813825 0)
(-0.00101847 0.0831595 0)
(-0.000811928 0.0851899 0)
(-0.000534261 0.0871569 0)
(-0.000189956 0.0874501 0)
)
;

boundaryField
{
    leftWall
    {
        type            noSlip;
    }
    rightWall
    {
        type            noSlip;
    }
    lowerWall
    {
        type            noSlip;
    }
    atmosphere
    {
        type            pressureInletOutletVelocity;
        value           nonuniform List<vector> 
46
(
(0 -0.119678 0)
(0 -0.13342 0)
(0 -0.125355 0)
(0 -0.120035 0)
(0 -0.115129 0)
(0 -0.110079 0)
(0 -0.104619 0)
(0 -0.0986306 0)
(0 -0.0920941 0)
(0 -0.0850463 0)
(0 -0.0775548 0)
(0 -0.0697027 0)
(0 -0.0615805 0)
(0 -0.0532816 0)
(0 -0.0448974 0)
(0 -0.0365134 0)
(0 -0.0282058 0)
(0 -0.0200473 0)
(0 -0.0121569 0)
(0 -0.00490267 0)
(-0.00737356 0.00190286 0)
(-0.00749531 0.00901794 0)
(-0.00747901 0.0148577 0)
(-0.00720767 0.0189943 0)
(-0.0070749 0.0217265 0)
(-0.00695566 0.0250603 0)
(-0.00685419 0.028932 0)
(-0.00673066 0.0355942 0)
(-0.00622745 0.043168 0)
(-0.00571272 0.0491318 0)
(-0.00519129 0.0540896 0)
(-0.00467434 0.058373 0)
(-0.00417717 0.0621368 0)
(-0.00370855 0.0654589 0)
(-0.00327251 0.0683862 0)
(-0.0028709 0.0709553 0)
(-0.00250436 0.0731996 0)
(-0.00217307 0.0751542 0)
(-0.00187736 0.0768623 0)
(-0.00161787 0.0783895 0)
(-0.00139425 0.0798438 0)
(-0.00120072 0.0813825 0)
(-0.00101847 0.0831595 0)
(-0.000811928 0.0851899 0)
(-0.000534261 0.0871569 0)
(-0.000189956 0.0874501 0)
)
;
    }
    defaultFaces
    {
        type            empty;
    }
}


// ************************************************************************* //
