/*--------------------------------*- C++ -*----------------------------------*\
  =========                 |
  \\      /  F ield         | OpenFOAM: The Open Source CFD Toolbox
   \\    /   O peration     | Website:  https://openfoam.org
    \\  /    A nd           | Version:  9
     \\/     M anipulation  |
\*---------------------------------------------------------------------------*/
FoamFile
{
    format      ascii;
    class       volScalarField;
    location    "750";
    object      T;
}
// * * * * * * * * * * * * * * * * * * * * * * * * * * * * * * * * * * * * * //

dimensions      [0 0 0 1 0 0 0];

internalField   nonuniform List<scalar> 
4000
(
300.442
300.439
300.439
300.442
300.446
300.45
300.454
300.458
300.463
300.467
300.47
300.471
300.471
300.468
300.465
300.461
300.455
300.448
300.446
300.451
300.517
300.509
300.494
300.484
300.49
300.499
300.504
300.508
300.509
300.509
300.51
300.51
300.51
300.508
300.503
300.493
300.486
300.484
300.488
300.496
300.547
300.549
300.548
300.541
300.526
300.518
300.518
300.523
300.526
300.526
300.526
300.526
300.524
300.521
300.519
300.521
300.529
300.543
300.551
300.551
300.543
300.547
300.551
300.552
300.55
300.543
300.537
300.534
300.534
300.535
300.535
300.534
300.534
300.534
300.537
300.543
300.551
300.553
300.551
300.548
300.538
300.542
300.547
300.55
300.551
300.551
300.551
300.55
300.548
300.545
300.543
300.543
300.545
300.547
300.55
300.553
300.552
300.55
300.546
300.543
300.532
300.537
300.541
300.544
300.546
300.548
300.549
300.549
300.55
300.55
300.55
300.551
300.551
300.551
300.55
300.549
300.548
300.545
300.541
300.537
300.526
300.531
300.535
300.538
300.541
300.542
300.544
300.545
300.545
300.546
300.547
300.547
300.547
300.546
300.545
300.544
300.542
300.539
300.535
300.531
300.52
300.524
300.529
300.532
300.535
300.537
300.539
300.54
300.541
300.541
300.542
300.542
300.542
300.541
300.54
300.538
300.536
300.533
300.529
300.525
300.513
300.518
300.522
300.526
300.529
300.532
300.534
300.535
300.536
300.536
300.537
300.537
300.537
300.536
300.534
300.532
300.529
300.526
300.522
300.518
300.505
300.508
300.513
300.517
300.52
300.524
300.527
300.529
300.53
300.53
300.53
300.53
300.53
300.528
300.526
300.523
300.52
300.516
300.513
300.509
300.439
300.439
300.441
300.445
300.449
300.454
300.458
300.461
300.464
300.468
300.472
300.473
300.471
300.468
300.465
300.459
300.452
300.447
300.444
300.445
300.509
300.501
300.491
300.485
300.49
300.498
300.504
300.509
300.509
300.509
300.508
300.509
300.51
300.507
300.502
300.495
300.489
300.484
300.483
300.485
300.549
300.548
300.546
300.537
300.525
300.518
300.518
300.522
300.526
300.527
300.526
300.526
300.524
300.521
300.519
300.52
300.526
300.537
300.547
300.55
300.547
300.549
300.551
300.551
300.547
300.54
300.535
300.533
300.533
300.535
300.535
300.534
300.533
300.534
300.536
300.541
300.549
300.553
300.552
300.551
300.542
300.545
300.548
300.55
300.551
300.549
300.547
300.545
300.543
300.542
300.541
300.541
300.542
300.544
300.547
300.551
300.552
300.551
300.548
300.547
300.537
300.539
300.543
300.547
300.548
300.549
300.549
300.548
300.547
300.547
300.547
300.547
300.547
300.548
300.55
300.55
300.549
300.547
300.544
300.541
300.531
300.534
300.539
300.542
300.544
300.545
300.546
300.547
300.547
300.547
300.547
300.547
300.547
300.547
300.547
300.546
300.545
300.542
300.538
300.536
300.524
300.529
300.534
300.537
300.54
300.542
300.543
300.544
300.544
300.544
300.545
300.545
300.545
300.544
300.544
300.543
300.54
300.537
300.533
300.53
300.518
300.523
300.528
300.532
300.535
300.538
300.54
300.542
300.543
300.543
300.543
300.543
300.543
300.542
300.54
300.538
300.535
300.531
300.527
300.523
300.508
300.513
300.518
300.522
300.527
300.531
300.535
300.537
300.539
300.539
300.539
300.539
300.538
300.536
300.533
300.529
300.525
300.521
300.517
300.514
300.439
300.441
300.444
300.448
300.452
300.456
300.46
300.463
300.465
300.469
300.473
300.473
300.471
300.468
300.465
300.459
300.452
300.447
300.444
300.443
300.494
300.491
300.486
300.487
300.492
300.5
300.505
300.509
300.51
300.509
300.509
300.509
300.51
300.508
300.503
300.497
300.492
300.486
300.482
300.479
300.548
300.546
300.54
300.531
300.522
300.518
300.518
300.523
300.527
300.528
300.527
300.526
300.524
300.521
300.518
300.518
300.522
300.53
300.539
300.544
300.551
300.551
300.551
300.55
300.544
300.538
300.534
300.532
300.534
300.536
300.535
300.534
300.533
300.532
300.534
300.539
300.545
300.552
300.553
300.553
300.547
300.548
300.55
300.551
300.55
300.547
300.544
300.541
300.54
300.54
300.54
300.54
300.54
300.542
300.545
300.549
300.552
300.552
300.551
300.55
300.541
300.543
300.546
300.548
300.549
300.548
300.546
300.545
300.544
300.544
300.544
300.544
300.544
300.546
300.548
300.55
300.55
300.548
300.547
300.546
300.535
300.539
300.541
300.544
300.545
300.546
300.545
300.545
300.545
300.545
300.545
300.545
300.545
300.546
300.547
300.547
300.546
300.544
300.542
300.54
300.529
300.534
300.537
300.54
300.542
300.543
300.543
300.543
300.543
300.543
300.543
300.543
300.543
300.544
300.544
300.543
300.542
300.54
300.538
300.534
300.522
300.528
300.533
300.537
300.539
300.541
300.543
300.544
300.544
300.544
300.544
300.545
300.545
300.544
300.543
300.542
300.539
300.536
300.532
300.527
300.513
300.518
300.523
300.528
300.533
300.538
300.542
300.545
300.547
300.548
300.547
300.547
300.545
300.543
300.539
300.535
300.531
300.526
300.522
300.518
300.442
300.445
300.448
300.451
300.455
300.459
300.463
300.465
300.465
300.469
300.473
300.473
300.47
300.467
300.465
300.46
300.454
300.451
300.448
300.447
300.484
300.485
300.487
300.491
300.497
300.502
300.507
300.51
300.512
300.511
300.509
300.51
300.51
300.508
300.503
300.498
300.494
300.489
300.486
300.483
300.541
300.537
300.531
300.524
300.519
300.517
300.52
300.524
300.528
300.529
300.528
300.527
300.524
300.521
300.518
300.517
300.519
300.523
300.529
300.533
300.552
300.551
300.55
300.545
300.54
300.536
300.533
300.532
300.534
300.537
300.536
300.534
300.533
300.532
300.532
300.536
300.541
300.547
300.552
300.553
300.55
300.55
300.551
300.55
300.548
300.544
300.541
300.54
300.539
300.54
300.54
300.539
300.539
300.54
300.543
300.546
300.55
300.552
300.553
300.553
300.544
300.547
300.548
300.548
300.548
300.546
300.544
300.543
300.542
300.542
300.542
300.542
300.542
300.544
300.546
300.549
300.55
300.55
300.549
300.549
300.538
300.542
300.544
300.545
300.545
300.545
300.544
300.543
300.543
300.542
300.543
300.543
300.543
300.544
300.546
300.547
300.547
300.546
300.545
300.543
300.532
300.537
300.54
300.541
300.542
300.542
300.542
300.542
300.541
300.541
300.541
300.542
300.542
300.542
300.543
300.543
300.543
300.542
300.541
300.538
300.526
300.532
300.537
300.54
300.541
300.543
300.544
300.545
300.545
300.545
300.544
300.545
300.545
300.544
300.544
300.543
300.541
300.539
300.536
300.531
300.517
300.522
300.528
300.534
300.539
300.545
300.55
300.554
300.557
300.557
300.556
300.556
300.553
300.55
300.546
300.541
300.536
300.531
300.527
300.522
300.446
300.449
300.452
300.455
300.459
300.463
300.466
300.467
300.467
300.469
300.473
300.473
300.47
300.468
300.465
300.461
300.456
300.453
300.451
300.449
300.49
300.49
300.492
300.497
300.501
300.505
300.509
300.511
300.513
300.512
300.51
300.51
300.511
300.509
300.505
300.501
300.498
300.495
300.493
300.492
300.526
300.525
300.522
300.519
300.517
300.518
300.522
300.526
300.529
300.53
300.529
300.527
300.525
300.521
300.518
300.517
300.516
300.518
300.519
300.522
300.55
300.547
300.544
300.54
300.536
300.534
300.532
300.532
300.535
300.537
300.537
300.535
300.533
300.531
300.531
300.533
300.537
300.542
300.547
300.55
300.551
300.551
300.55
300.548
300.545
300.542
300.54
300.539
300.539
300.54
300.54
300.539
300.538
300.539
300.541
300.544
300.547
300.55
300.552
300.553
300.546
300.548
300.549
300.548
300.547
300.545
300.543
300.541
300.541
300.541
300.541
300.541
300.541
300.542
300.544
300.547
300.549
300.55
300.551
300.551
300.541
300.544
300.545
300.545
300.545
300.544
300.543
300.542
300.541
300.541
300.541
300.542
300.542
300.543
300.544
300.546
300.547
300.547
300.547
300.546
300.535
300.54
300.542
300.542
300.542
300.542
300.541
300.541
300.541
300.54
300.54
300.541
300.541
300.542
300.542
300.543
300.543
300.543
300.544
300.541
300.529
300.535
300.539
300.541
300.542
300.544
300.545
300.547
300.547
300.547
300.546
300.547
300.547
300.546
300.544
300.544
300.543
300.542
300.539
300.535
300.52
300.527
300.533
300.539
300.545
300.552
300.558
300.563
300.567
300.568
300.567
300.566
300.562
300.558
300.552
300.547
300.542
300.536
300.531
300.526
300.45
300.454
300.456
300.459
300.463
300.466
300.469
300.47
300.47
300.47
300.474
300.473
300.47
300.468
300.465
300.462
300.458
300.455
300.453
300.451
300.499
300.498
300.5
300.502
300.505
300.508
300.511
300.513
300.514
300.514
300.512
300.511
300.511
300.509
300.507
300.504
300.501
300.499
300.498
300.498
300.518
300.518
300.518
300.517
300.518
300.521
300.524
300.527
300.529
300.53
300.529
300.528
300.526
300.523
300.52
300.518
300.516
300.515
300.515
300.515
300.543
300.54
300.538
300.536
300.534
300.532
300.532
300.533
300.536
300.538
300.537
300.535
300.533
300.531
300.531
300.531
300.533
300.536
300.54
300.544
300.551
300.549
300.547
300.544
300.542
300.54
300.539
300.538
300.539
300.54
300.54
300.539
300.538
300.538
300.539
300.541
300.544
300.547
300.55
300.553
300.548
300.549
300.548
300.546
300.545
300.543
300.541
300.54
300.54
300.54
300.541
300.54
300.54
300.541
300.543
300.545
300.547
300.549
300.551
300.552
300.542
300.545
300.546
300.545
300.544
300.543
300.542
300.541
300.54
300.54
300.54
300.541
300.541
300.542
300.543
300.545
300.546
300.547
300.548
300.548
300.537
300.542
300.543
300.542
300.542
300.541
300.541
300.541
300.54
300.54
300.54
300.54
300.541
300.541
300.542
300.542
300.543
300.544
300.545
300.543
300.532
300.538
300.541
300.543
300.544
300.545
300.547
300.549
300.551
300.551
300.55
300.55
300.549
300.548
300.546
300.545
300.544
300.544
300.542
300.537
300.524
300.531
300.538
300.545
300.552
300.559
300.566
300.573
300.579
300.582
300.58
300.577
300.572
300.566
300.559
300.553
300.547
300.541
300.535
300.529
300.454
300.458
300.46
300.463
300.466
300.469
300.471
300.473
300.473
300.471
300.474
300.472
300.47
300.468
300.465
300.462
300.459
300.456
300.454
300.451
300.504
300.504
300.505
300.507
300.509
300.511
300.513
300.514
300.515
300.515
300.513
300.513
300.512
300.51
300.508
300.506
300.504
300.503
300.502
300.501
300.518
300.518
300.518
300.52
300.522
300.524
300.526
300.528
300.53
300.531
300.53
300.529
300.527
300.524
300.523
300.521
300.519
300.518
300.517
300.517
300.537
300.535
300.534
300.533
300.532
300.532
300.533
300.534
300.536
300.538
300.537
300.536
300.533
300.532
300.53
300.53
300.531
300.532
300.534
300.537
300.551
300.547
300.544
300.541
300.54
300.539
300.538
300.538
300.539
300.54
300.54
300.539
300.538
300.537
300.538
300.539
300.541
300.543
300.547
300.552
300.549
300.549
300.546
300.544
300.543
300.541
300.54
300.54
300.539
300.54
300.54
300.54
300.54
300.54
300.541
300.543
300.545
300.547
300.551
300.553
300.544
300.546
300.545
300.544
300.543
300.542
300.541
300.54
300.539
300.539
300.54
300.54
300.54
300.541
300.542
300.543
300.545
300.547
300.549
300.549
300.539
300.543
300.543
300.542
300.541
300.541
300.541
300.541
300.54
300.541
300.54
300.54
300.54
300.541
300.541
300.542
300.543
300.544
300.547
300.545
300.534
300.54
300.543
300.544
300.545
300.547
300.55
300.553
300.556
300.559
300.558
300.555
300.553
300.551
300.548
300.546
300.545
300.546
300.544
300.54
300.527
300.535
300.542
300.55
300.558
300.566
300.575
300.584
300.593
300.599
300.596
300.59
300.583
300.574
300.566
300.559
300.551
300.545
300.539
300.532
300.458
300.461
300.463
300.465
300.467
300.47
300.473
300.475
300.475
300.473
300.474
300.473
300.472
300.469
300.465
300.462
300.458
300.456
300.454
300.452
300.508
300.509
300.509
300.51
300.511
300.513
300.514
300.515
300.516
300.517
300.515
300.514
300.514
300.512
300.511
300.509
300.507
300.505
300.504
300.503
300.523
300.522
300.523
300.524
300.526
300.527
300.528
300.529
300.53
300.532
300.531
300.529
300.528
300.527
300.526
300.524
300.523
300.521
300.52
300.52
300.534
300.533
300.532
300.532
300.532
300.533
300.534
300.535
300.537
300.54
300.539
300.536
300.534
300.533
300.532
300.531
300.53
300.53
300.53
300.533
300.55
300.545
300.541
300.54
300.539
300.538
300.538
300.538
300.54
300.544
300.543
300.539
300.538
300.537
300.537
300.538
300.539
300.541
300.545
300.551
300.549
300.548
300.545
300.543
300.541
300.54
300.54
300.539
300.54
300.545
300.544
300.54
300.539
300.539
300.54
300.541
300.543
300.546
300.55
300.554
300.545
300.547
300.545
300.543
300.542
300.541
300.54
300.539
300.54
300.545
300.544
300.54
300.539
300.54
300.541
300.542
300.544
300.547
300.55
300.551
300.54
300.544
300.543
300.542
300.541
300.541
300.541
300.541
300.542
300.549
300.548
300.542
300.54
300.54
300.541
300.541
300.542
300.544
300.548
300.546
300.535
300.542
300.544
300.545
300.547
300.549
300.553
300.558
300.566
300.579
300.576
300.564
300.558
300.553
300.55
300.548
300.547
300.547
300.546
300.541
300.529
300.537
300.545
300.554
300.563
300.573
300.584
300.596
300.609
300.623
300.618
300.606
300.594
300.583
300.573
300.564
300.555
300.548
300.541
300.534
300.463
300.464
300.465
300.465
300.467
300.47
300.473
300.475
300.476
300.485
300.485
300.474
300.473
300.471
300.467
300.463
300.46
300.457
300.456
300.455
300.509
300.509
300.51
300.512
300.513
300.514
300.515
300.516
300.518
300.537
300.533
300.517
300.516
300.515
300.514
300.512
300.509
300.507
300.506
300.505
300.526
300.526
300.527
300.528
300.529
300.529
300.53
300.53
300.533
300.556
300.551
300.532
300.53
300.53
300.529
300.527
300.526
300.524
300.522
300.521
300.534
300.533
300.534
300.534
300.535
300.536
300.536
300.537
300.541
300.567
300.563
300.54
300.536
300.536
300.535
300.534
300.533
300.531
300.53
300.531
300.548
300.543
300.54
300.539
300.539
300.539
300.539
300.54
300.546
300.574
300.57
300.544
300.539
300.538
300.538
300.538
300.538
300.54
300.543
300.55
300.55
300.547
300.544
300.542
300.541
300.54
300.539
300.54
300.548
300.578
300.573
300.546
300.539
300.539
300.54
300.541
300.543
300.545
300.55
300.554
300.545
300.547
300.545
300.543
300.541
300.54
300.539
300.54
300.549
300.581
300.576
300.546
300.539
300.539
300.54
300.542
300.544
300.547
300.55
300.551
300.541
300.544
300.543
300.541
300.541
300.54
300.54
300.542
300.555
300.595
300.59
300.551
300.541
300.54
300.54
300.541
300.542
300.544
300.548
300.547
300.536
300.543
300.544
300.545
300.547
300.551
300.556
300.566
300.585
300.624
300.617
300.581
300.564
300.556
300.551
300.549
300.547
300.548
300.547
300.542
300.53
300.539
300.547
300.557
300.567
300.579
300.593
300.609
300.631
300.659
300.65
300.625
300.606
300.591
300.578
300.567
300.558
300.55
300.543
300.535
300.467
300.468
300.469
300.469
300.469
300.47
300.471
300.473
300.485
301.139
301.124
300.488
300.479
300.476
300.472
300.467
300.463
300.46
300.458
300.458
300.509
300.509
300.509
300.511
300.512
300.514
300.515
300.517
300.537
300.977
300.958
300.539
300.52
300.519
300.517
300.514
300.512
300.509
300.507
300.507
300.526
300.527
300.528
300.529
300.53
300.53
300.531
300.532
300.556
300.9
300.879
300.555
300.534
300.532
300.531
300.53
300.528
300.526
300.524
300.523
300.535
300.535
300.536
300.537
300.537
300.538
300.538
300.54
300.567
300.852
300.83
300.564
300.54
300.538
300.537
300.537
300.536
300.534
300.532
300.531
300.545
300.542
300.54
300.54
300.54
300.54
300.54
300.544
300.574
300.817
300.795
300.569
300.542
300.539
300.539
300.539
300.539
300.54
300.542
300.549
300.55
300.547
300.544
300.542
300.541
300.54
300.54
300.545
300.578
300.79
300.767
300.572
300.542
300.539
300.54
300.541
300.543
300.545
300.55
300.554
300.546
300.547
300.545
300.542
300.541
300.54
300.539
300.545
300.581
300.768
300.745
300.573
300.542
300.539
300.54
300.542
300.544
300.547
300.55
300.552
300.541
300.544
300.543
300.541
300.54
300.54
300.541
300.549
300.595
300.751
300.73
300.584
300.545
300.539
300.539
300.54
300.542
300.544
300.548
300.547
300.536
300.543
300.544
300.545
300.547
300.551
300.559
300.579
300.624
300.736
300.718
300.615
300.575
300.558
300.551
300.548
300.546
300.547
300.547
300.542
300.53
300.539
300.548
300.557
300.568
300.582
300.599
300.623
300.659
300.721
300.705
300.651
300.619
300.597
300.581
300.569
300.558
300.55
300.543
300.535
300.47
300.472
300.473
300.473
300.473
300.474
300.474
300.474
300.485
301.124
301.103
300.492
300.483
300.479
300.475
300.47
300.466
300.463
300.461
300.46
300.51
300.508
300.509
300.509
300.51
300.512
300.513
300.515
300.533
300.958
300.918
300.539
300.522
300.52
300.518
300.515
300.512
300.509
300.508
300.507
300.526
300.526
300.527
300.528
300.529
300.529
300.53
300.531
300.551
300.879
300.831
300.551
300.534
300.533
300.532
300.53
300.529
300.527
300.525
300.523
300.535
300.535
300.535
300.536
300.537
300.537
300.537
300.539
300.563
300.83
300.779
300.559
300.54
300.538
300.538
300.537
300.536
300.535
300.533
300.532
300.543
300.541
300.54
300.54
300.54
300.54
300.54
300.543
300.57
300.795
300.744
300.563
300.542
300.54
300.54
300.54
300.54
300.54
300.542
300.547
300.55
300.547
300.544
300.542
300.541
300.541
300.54
300.544
300.573
300.767
300.718
300.565
300.542
300.54
300.541
300.542
300.543
300.545
300.549
300.554
300.547
300.547
300.545
300.543
300.541
300.54
300.54
300.544
300.576
300.745
300.699
300.566
300.541
300.539
300.541
300.542
300.545
300.548
300.551
300.553
300.542
300.545
300.543
300.541
300.54
300.54
300.54
300.548
300.59
300.73
300.689
300.575
300.545
300.539
300.539
300.54
300.542
300.545
300.549
300.548
300.537
300.543
300.544
300.544
300.546
300.55
300.558
300.576
300.617
300.718
300.682
300.604
300.571
300.557
300.551
300.547
300.546
300.547
300.548
300.543
300.53
300.539
300.547
300.556
300.567
300.58
300.596
300.618
300.65
300.705
300.676
300.636
300.61
300.591
300.577
300.566
300.557
300.549
300.542
300.535
300.471
300.473
300.473
300.473
300.473
300.473
300.472
300.473
300.474
300.488
300.492
300.485
300.483
300.479
300.475
300.47
300.466
300.463
300.462
300.461
300.51
300.509
300.509
300.51
300.51
300.511
300.513
300.514
300.517
300.539
300.539
300.522
300.52
300.518
300.516
300.513
300.511
300.509
300.507
300.506
300.526
300.526
300.526
300.527
300.527
300.528
300.529
300.529
300.532
300.555
300.551
300.535
300.532
300.531
300.53
300.528
300.526
300.525
300.523
300.522
300.534
300.534
300.534
300.534
300.535
300.535
300.536
300.536
300.54
300.564
300.559
300.54
300.538
300.537
300.536
300.535
300.534
300.533
300.532
300.531
300.543
300.541
300.54
300.539
300.539
300.539
300.539
300.539
300.544
300.569
300.563
300.543
300.54
300.54
300.54
300.54
300.54
300.541
300.543
300.547
300.551
300.547
300.544
300.542
300.541
300.54
300.54
300.54
300.546
300.572
300.565
300.544
300.54
300.541
300.542
300.543
300.544
300.546
300.55
300.555
300.547
300.547
300.545
300.543
300.542
300.541
300.54
300.54
300.546
300.573
300.566
300.544
300.54
300.541
300.542
300.544
300.545
300.548
300.551
300.553
300.542
300.545
300.543
300.542
300.541
300.54
300.54
300.542
300.551
300.584
300.575
300.548
300.541
300.54
300.54
300.541
300.543
300.545
300.549
300.549
300.537
300.543
300.545
300.545
300.547
300.55
300.555
300.564
300.581
300.615
300.604
300.577
300.563
300.555
300.551
300.549
300.547
300.548
300.549
300.544
300.53
300.539
300.547
300.556
300.566
300.577
300.59
300.606
300.625
300.651
300.636
300.616
300.599
300.586
300.575
300.565
300.556
300.549
300.543
300.536
300.471
300.471
300.471
300.47
300.47
300.47
300.47
300.472
300.473
300.479
300.483
300.483
300.48
300.477
300.473
300.469
300.465
300.463
300.461
300.459
300.51
300.51
300.51
300.51
300.511
300.511
300.512
300.514
300.516
300.52
300.522
300.52
300.518
300.516
300.513
300.511
300.508
300.506
300.505
300.504
300.524
300.524
300.524
300.524
300.525
300.526
300.527
300.528
300.53
300.534
300.534
300.532
300.53
300.529
300.527
300.525
300.523
300.521
300.52
300.519
300.534
300.533
300.533
300.533
300.533
300.533
300.533
300.534
300.536
300.54
300.54
300.538
300.536
300.535
300.534
300.533
300.532
300.531
300.531
300.531
300.545
300.542
300.54
300.539
300.538
300.538
300.538
300.538
300.539
300.542
300.542
300.54
300.54
300.54
300.54
300.541
300.542
300.543
300.545
300.549
300.551
300.547
300.544
300.542
300.541
300.54
300.54
300.539
300.539
300.542
300.542
300.54
300.541
300.542
300.543
300.544
300.545
300.547
300.551
300.555
300.547
300.547
300.545
300.543
300.542
300.541
300.54
300.539
300.539
300.542
300.541
300.54
300.541
300.542
300.543
300.545
300.546
300.549
300.552
300.553
300.542
300.545
300.543
300.542
300.541
300.541
300.54
300.54
300.541
300.545
300.545
300.541
300.54
300.541
300.542
300.542
300.544
300.546
300.55
300.549
300.537
300.543
300.545
300.545
300.547
300.549
300.553
300.558
300.564
300.575
300.571
300.563
300.558
300.554
300.551
300.549
300.548
300.549
300.548
300.543
300.53
300.538
300.545
300.553
300.562
300.572
300.583
300.594
300.606
300.619
300.61
300.599
300.589
300.579
300.57
300.562
300.555
300.548
300.542
300.535
300.468
300.468
300.468
300.467
300.468
300.468
300.468
300.469
300.471
300.476
300.479
300.479
300.477
300.474
300.471
300.467
300.463
300.461
300.459
300.457
300.508
300.507
300.508
300.508
300.509
300.509
300.51
300.512
300.515
300.519
300.52
300.518
300.516
300.513
300.51
300.507
300.504
300.502
300.501
300.5
300.521
300.521
300.521
300.521
300.521
300.523
300.524
300.527
300.53
300.532
300.533
300.531
300.529
300.526
300.524
300.521
300.518
300.516
300.514
300.513
300.534
300.534
300.532
300.532
300.531
300.531
300.532
300.533
300.536
300.538
300.538
300.537
300.535
300.534
300.532
300.531
300.531
300.531
300.532
300.533
300.547
300.544
300.542
300.54
300.539
300.538
300.537
300.537
300.538
300.539
300.54
300.54
300.54
300.54
300.541
300.542
300.544
300.545
300.548
300.551
300.551
300.548
300.546
300.544
300.542
300.541
300.54
300.539
300.539
300.539
300.54
300.541
300.542
300.543
300.545
300.546
300.548
300.549
300.552
300.555
300.546
300.547
300.546
300.544
300.543
300.542
300.541
300.54
300.539
300.539
300.539
300.541
300.542
300.543
300.545
300.546
300.548
300.55
300.552
300.553
300.541
300.544
300.544
300.542
300.542
300.541
300.541
300.54
300.54
300.539
300.539
300.54
300.541
300.542
300.543
300.543
300.545
300.547
300.55
300.548
300.536
300.542
300.544
300.544
300.546
300.548
300.551
300.553
300.556
300.558
300.557
300.555
300.554
300.552
300.55
300.549
300.548
300.549
300.548
300.543
300.528
300.536
300.543
300.55
300.558
300.566
300.574
300.583
300.591
300.597
300.591
300.586
300.579
300.572
300.565
300.558
300.552
300.546
300.54
300.534
300.465
300.465
300.465
300.465
300.465
300.465
300.465
300.465
300.467
300.472
300.475
300.475
300.473
300.471
300.467
300.463
300.46
300.457
300.455
300.453
300.503
300.502
300.503
300.503
300.505
300.507
300.508
300.511
300.514
300.517
300.518
300.516
300.513
300.51
300.506
300.503
300.5
300.497
300.495
300.494
300.519
300.519
300.518
300.518
300.518
300.52
300.523
300.526
300.529
300.531
300.532
300.53
300.527
300.524
300.52
300.517
300.514
300.511
300.509
300.508
300.537
300.536
300.534
300.532
300.531
300.531
300.53
300.532
300.535
300.537
300.538
300.536
300.534
300.532
300.531
300.531
300.531
300.533
300.535
300.537
300.55
300.547
300.545
300.543
300.541
300.539
300.538
300.537
300.538
300.539
300.54
300.54
300.54
300.541
300.543
300.545
300.547
300.549
300.551
300.554
300.55
300.55
300.548
300.546
300.544
300.543
300.541
300.54
300.54
300.54
300.541
300.542
300.543
300.545
300.546
300.548
300.55
300.552
300.554
300.556
300.545
300.547
300.547
300.546
300.544
300.543
300.542
300.541
300.54
300.54
300.541
300.542
300.543
300.545
300.546
300.548
300.549
300.551
300.552
300.552
300.54
300.544
300.544
300.543
300.542
300.542
300.541
300.541
300.54
300.539
300.539
300.54
300.542
300.543
300.544
300.544
300.546
300.548
300.549
300.547
300.534
300.54
300.543
300.544
300.544
300.546
300.548
300.55
300.551
300.551
300.551
300.551
300.551
300.55
300.549
300.548
300.547
300.548
300.546
300.541
300.526
300.533
300.539
300.546
300.552
300.559
300.566
300.573
300.578
300.581
300.577
300.575
300.57
300.565
300.559
300.553
300.548
300.543
300.537
300.532
300.461
300.459
300.459
300.46
300.461
300.462
300.462
300.462
300.463
300.467
300.47
300.47
300.469
300.467
300.463
300.46
300.456
300.452
300.45
300.448
300.493
300.495
300.497
300.498
300.501
300.504
300.506
300.509
300.512
300.514
300.515
300.513
300.511
300.507
300.503
300.499
300.495
300.491
300.488
300.488
300.521
300.52
300.518
300.517
300.517
300.518
300.521
300.524
300.527
300.53
300.53
300.528
300.525
300.521
300.517
300.513
300.509
300.507
300.506
300.504
300.543
300.541
300.539
300.536
300.533
300.531
300.53
300.531
300.534
300.537
300.537
300.535
300.533
300.531
300.531
300.532
300.534
300.537
300.54
300.543
300.553
300.551
300.549
300.546
300.544
300.541
300.539
300.538
300.538
300.539
300.54
300.54
300.541
300.542
300.545
300.547
300.55
300.552
300.554
300.556
300.549
300.55
300.55
300.549
300.547
300.545
300.543
300.541
300.541
300.541
300.542
300.543
300.544
300.546
300.548
300.55
300.552
300.553
300.554
300.555
300.544
300.546
300.547
300.547
300.546
300.545
300.543
300.542
300.542
300.542
300.542
300.544
300.545
300.546
300.548
300.549
300.55
300.551
300.552
300.551
300.538
300.543
300.543
300.543
300.543
300.542
300.542
300.541
300.541
300.54
300.54
300.541
300.542
300.543
300.544
300.545
300.546
300.548
300.548
300.546
300.532
300.538
300.542
300.543
300.544
300.545
300.546
300.548
300.549
300.548
300.547
300.549
300.549
300.549
300.548
300.547
300.547
300.546
300.544
300.539
300.523
300.529
300.535
300.541
300.547
300.553
300.559
300.564
300.567
300.569
300.566
300.565
300.562
300.558
300.553
300.549
300.544
300.539
300.535
300.53
300.455
300.452
300.452
300.454
300.456
300.458
300.459
300.458
300.46
300.463
300.466
300.466
300.465
300.463
300.46
300.456
300.451
300.448
300.445
300.443
300.486
300.489
300.492
300.494
300.498
300.501
300.504
300.507
300.509
300.512
300.512
300.511
300.508
300.504
300.5
300.495
300.489
300.485
300.481
300.479
300.529
300.526
300.522
300.519
300.516
300.516
300.519
300.523
300.526
300.528
300.529
300.526
300.523
300.518
300.514
300.509
300.507
300.505
300.505
300.504
300.551
300.549
300.545
300.541
300.537
300.533
300.531
300.53
300.533
300.536
300.536
300.534
300.532
300.531
300.531
300.534
300.538
300.543
300.547
300.55
300.552
300.552
300.552
300.55
300.547
300.544
300.541
300.539
300.538
300.539
300.54
300.54
300.542
300.544
300.547
300.55
300.552
300.554
300.555
300.556
300.548
300.549
300.55
300.55
300.549
300.547
300.545
300.543
300.543
300.543
300.543
300.544
300.545
300.548
300.55
300.552
300.553
300.553
300.554
300.554
300.542
300.545
300.546
300.547
300.547
300.546
300.545
300.544
300.544
300.544
300.545
300.545
300.546
300.548
300.549
300.55
300.551
300.551
300.551
300.549
300.536
300.54
300.542
300.543
300.543
300.543
300.543
300.542
300.542
300.542
300.542
300.543
300.544
300.545
300.546
300.546
300.547
300.548
300.547
300.544
300.529
300.535
300.539
300.541
300.543
300.544
300.545
300.547
300.547
300.546
300.546
300.547
300.548
300.548
300.547
300.547
300.546
300.545
300.542
300.537
300.52
300.525
300.531
300.536
300.542
300.547
300.551
300.555
300.558
300.558
300.557
300.556
300.555
300.552
300.548
300.544
300.54
300.536
300.531
300.527
300.448
300.447
300.447
300.451
300.453
300.455
300.456
300.456
300.457
300.46
300.463
300.463
300.463
300.461
300.457
300.452
300.448
300.443
300.44
300.44
300.484
300.484
300.486
300.489
300.495
300.499
300.503
300.505
300.507
300.509
300.509
300.509
300.506
300.502
300.497
300.491
300.485
300.479
300.474
300.469
300.543
300.537
300.53
300.523
300.518
300.515
300.518
300.521
300.524
300.526
300.527
300.525
300.521
300.516
300.511
300.507
300.505
300.505
300.507
300.507
300.553
300.553
300.552
300.547
300.542
300.536
300.532
300.53
300.531
300.534
300.535
300.533
300.531
300.531
300.533
300.537
300.543
300.548
300.551
300.553
300.55
300.551
300.552
300.552
300.55
300.547
300.543
300.541
300.54
300.54
300.54
300.541
300.543
300.545
300.549
300.552
300.554
300.555
300.555
300.555
300.545
300.547
300.548
300.55
300.55
300.549
300.547
300.546
300.545
300.545
300.545
300.546
300.547
300.549
300.552
300.553
300.553
300.553
300.552
300.551
300.539
300.542
300.544
300.546
300.547
300.547
300.547
300.547
300.547
300.547
300.548
300.548
300.549
300.55
300.551
300.551
300.551
300.55
300.548
300.546
300.533
300.537
300.54
300.542
300.543
300.544
300.544
300.544
300.544
300.544
300.545
300.545
300.546
300.547
300.548
300.548
300.548
300.546
300.544
300.541
300.526
300.531
300.536
300.539
300.542
300.544
300.546
300.547
300.548
300.547
300.547
300.548
300.549
300.549
300.548
300.546
300.545
300.542
300.538
300.534
300.516
300.521
300.526
300.531
300.536
300.541
300.545
300.548
300.55
300.55
300.549
300.549
300.548
300.546
300.543
300.539
300.536
300.532
300.528
300.524
300.446
300.444
300.444
300.448
300.451
300.453
300.454
300.454
300.456
300.458
300.461
300.462
300.461
300.459
300.455
300.45
300.445
300.44
300.439
300.44
300.488
300.483
300.482
300.486
300.493
300.498
300.502
300.504
300.506
300.507
300.508
300.507
300.505
300.501
300.495
300.488
300.481
300.474
300.467
300.464
300.551
300.547
300.539
300.529
300.519
300.515
300.517
300.52
300.522
300.524
300.525
300.523
300.52
300.514
300.509
300.506
300.505
300.507
300.509
300.511
300.551
300.552
300.553
300.552
300.547
300.54
300.534
300.53
300.53
300.532
300.533
300.532
300.531
300.532
300.535
300.54
300.547
300.551
300.553
300.553
300.546
300.548
300.551
300.553
300.552
300.55
300.547
300.545
300.543
300.542
300.542
300.543
300.545
300.548
300.551
300.554
300.555
300.555
300.553
300.552
300.541
300.544
300.547
300.549
300.551
300.551
300.551
300.55
300.55
300.55
300.549
300.55
300.551
300.552
300.554
300.554
300.554
300.552
300.549
300.547
300.535
300.538
300.542
300.545
300.547
300.548
300.549
300.55
300.55
300.55
300.551
300.551
300.552
300.552
300.552
300.552
300.551
300.548
300.545
300.542
300.529
300.533
300.538
300.541
300.544
300.545
300.547
300.548
300.548
300.548
300.549
300.549
300.55
300.55
300.549
300.548
300.547
300.544
300.54
300.537
300.522
300.527
300.532
300.536
300.539
300.542
300.544
300.546
300.547
300.547
300.548
300.549
300.548
300.548
300.546
300.544
300.542
300.538
300.534
300.53
300.513
300.517
300.522
300.527
300.531
300.535
300.539
300.541
300.543
300.543
300.542
300.543
300.542
300.54
300.537
300.535
300.531
300.528
300.524
300.52
300.451
300.445
300.443
300.447
300.449
300.451
300.451
300.452
300.455
300.458
300.46
300.461
300.459
300.457
300.453
300.448
300.443
300.44
300.44
300.446
300.496
300.485
300.479
300.483
300.492
300.498
300.501
300.503
300.505
300.507
300.507
300.506
300.504
300.5
300.494
300.488
300.479
300.469
300.464
300.465
300.551
300.55
300.544
300.533
300.522
300.515
300.517
300.52
300.521
300.523
300.523
300.522
300.519
300.513
300.508
300.504
300.504
300.507
300.511
300.512
300.548
300.551
300.553
300.553
300.55
300.544
300.537
300.533
300.531
300.531
300.532
300.531
300.531
300.533
300.537
300.543
300.55
300.553
300.553
300.552
300.543
300.547
300.55
300.553
300.553
300.553
300.552
300.551
300.55
300.549
300.547
300.547
300.549
300.551
300.554
300.556
300.556
300.555
300.552
300.548
300.537
300.541
300.546
300.549
300.551
300.552
300.553
300.554
300.554
300.554
300.554
300.555
300.555
300.555
300.556
300.555
300.554
300.551
300.547
300.543
300.531
300.536
300.54
300.543
300.546
300.548
300.549
300.551
300.551
300.552
300.553
300.553
300.553
300.553
300.552
300.551
300.549
300.546
300.542
300.538
300.525
300.53
300.534
300.538
300.541
300.543
300.545
300.546
300.547
300.547
300.548
300.549
300.549
300.548
300.547
300.546
300.544
300.541
300.537
300.532
300.518
300.523
300.527
300.531
300.535
300.537
300.54
300.541
300.542
300.542
300.543
300.544
300.543
300.543
300.541
300.539
300.537
300.534
300.53
300.526
300.509
300.514
300.518
300.522
300.526
300.529
300.532
300.534
300.535
300.535
300.535
300.536
300.535
300.534
300.532
300.53
300.527
300.524
300.52
300.517
)
;

boundaryField
{
    floor
    {
        type            fixedValue;
        value           nonuniform List<scalar> 
400
(
300
300
300
300
300
300
300
300
300
300
300
300
300
300
300
300
300
300
300
300
300
300
300
300
300
300
300
300
300
300
300
300
300
300
300
300
300
300
300
300
300
300
300
300
300
300
300
300
300
300
300
300
300
300
300
300
300
300
300
300
300
300
300
300
300
300
300
300
300
300
300
300
300
300
300
300
300
300
300
300
300
300
300
300
300
300
300
300
300
300
300
300
300
300
300
300
300
300
300
300
300
300
300
300
300
300
300
300
300
300
300
300
300
300
300
300
300
300
300
300
300
300
300
300
300
300
300
300
300
300
300
300
300
300
300
300
300
300
300
300
300
300
300
300
300
300
300
300
300
300
300
300
300
300
300
300
300
300
300
300
300
300
300
300
300
300
300
300
300
300
300
300
300
300
300
300
300
300
300
300
300
300
300
300
300
300
300
300
300
600
600
300
300
300
300
300
300
300
300
300
300
300
300
300
300
300
300
300
300
600
600
300
300
300
300
300
300
300
300
300
300
300
300
300
300
300
300
300
300
300
300
300
300
300
300
300
300
300
300
300
300
300
300
300
300
300
300
300
300
300
300
300
300
300
300
300
300
300
300
300
300
300
300
300
300
300
300
300
300
300
300
300
300
300
300
300
300
300
300
300
300
300
300
300
300
300
300
300
300
300
300
300
300
300
300
300
300
300
300
300
300
300
300
300
300
300
300
300
300
300
300
300
300
300
300
300
300
300
300
300
300
300
300
300
300
300
300
300
300
300
300
300
300
300
300
300
300
300
300
300
300
300
300
300
300
300
300
300
300
300
300
300
300
300
300
300
300
300
300
300
300
300
300
300
300
300
300
300
300
300
300
300
300
300
300
300
300
300
300
300
300
300
300
300
300
300
300
300
300
300
300
300
300
300
300
300
300
300
300
300
)
;
    }
    ceiling
    {
        type            fixedValue;
        value           uniform 300;
    }
    fixedWalls
    {
        type            zeroGradient;
    }
}


// ************************************************************************* //
