/*--------------------------------*- C++ -*----------------------------------*\
  =========                 |
  \\      /  F ield         | OpenFOAM: The Open Source CFD Toolbox
   \\    /   O peration     | Website:  https://openfoam.org
    \\  /    A nd           | Version:  9
     \\/     M anipulation  |
\*---------------------------------------------------------------------------*/
FoamFile
{
    format      ascii;
    class       volScalarField;
    location    "550";
    object      p_rgh;
}
// * * * * * * * * * * * * * * * * * * * * * * * * * * * * * * * * * * * * * //

dimensions      [1 -1 -2 0 0 0 0];

internalField   nonuniform List<scalar> 
4000
(
204.73
204.73
204.73
204.73
204.731
204.731
204.731
204.732
204.732
204.732
204.732
204.732
204.732
204.732
204.732
204.731
204.731
204.731
204.73
204.73
204.728
204.728
204.728
204.729
204.729
204.73
204.73
204.73
204.731
204.731
204.731
204.731
204.731
204.731
204.73
204.73
204.729
204.729
204.729
204.729
204.727
204.727
204.727
204.727
204.727
204.728
204.729
204.729
204.729
204.73
204.73
204.73
204.73
204.729
204.729
204.728
204.727
204.727
204.727
204.727
204.726
204.726
204.725
204.725
204.725
204.725
204.726
204.727
204.728
204.728
204.728
204.728
204.728
204.727
204.726
204.726
204.726
204.726
204.726
204.726
204.725
204.724
204.724
204.723
204.723
204.723
204.723
204.724
204.724
204.725
204.725
204.725
204.724
204.724
204.724
204.724
204.724
204.724
204.724
204.725
204.724
204.723
204.722
204.722
204.722
204.722
204.721
204.721
204.721
204.721
204.721
204.721
204.721
204.721
204.722
204.722
204.722
204.722
204.723
204.724
204.722
204.722
204.721
204.72
204.72
204.72
204.72
204.719
204.719
204.719
204.719
204.719
204.719
204.719
204.72
204.72
204.72
204.721
204.722
204.723
204.721
204.72
204.72
204.719
204.719
204.718
204.718
204.718
204.718
204.717
204.717
204.717
204.717
204.718
204.718
204.718
204.719
204.719
204.72
204.722
204.72
204.719
204.718
204.718
204.717
204.717
204.717
204.716
204.716
204.716
204.716
204.716
204.716
204.716
204.716
204.717
204.717
204.718
204.719
204.721
204.719
204.718
204.718
204.717
204.717
204.716
204.716
204.716
204.715
204.715
204.715
204.715
204.715
204.715
204.716
204.716
204.717
204.717
204.718
204.72
204.73
204.73
204.73
204.731
204.731
204.731
204.731
204.732
204.732
204.732
204.732
204.732
204.732
204.732
204.731
204.731
204.731
204.731
204.73
204.73
204.728
204.728
204.728
204.729
204.729
204.73
204.73
204.73
204.731
204.731
204.731
204.731
204.731
204.731
204.73
204.73
204.729
204.729
204.729
204.729
204.727
204.727
204.727
204.727
204.727
204.728
204.729
204.729
204.729
204.73
204.73
204.73
204.73
204.729
204.729
204.728
204.728
204.727
204.727
204.727
204.726
204.725
204.725
204.725
204.725
204.726
204.726
204.727
204.728
204.728
204.728
204.728
204.728
204.727
204.727
204.726
204.726
204.726
204.726
204.726
204.724
204.724
204.724
204.724
204.723
204.724
204.724
204.724
204.725
204.726
204.726
204.726
204.725
204.725
204.724
204.724
204.724
204.724
204.724
204.725
204.723
204.723
204.722
204.722
204.722
204.722
204.722
204.722
204.722
204.722
204.723
204.722
204.722
204.722
204.722
204.722
204.722
204.722
204.723
204.724
204.722
204.721
204.72
204.72
204.72
204.72
204.72
204.72
204.72
204.72
204.72
204.72
204.72
204.72
204.72
204.72
204.72
204.721
204.721
204.722
204.72
204.719
204.719
204.718
204.718
204.718
204.717
204.717
204.717
204.717
204.717
204.717
204.717
204.717
204.718
204.718
204.718
204.719
204.72
204.721
204.719
204.718
204.717
204.717
204.716
204.716
204.715
204.715
204.715
204.715
204.715
204.715
204.715
204.715
204.715
204.716
204.716
204.717
204.718
204.72
204.718
204.717
204.717
204.716
204.715
204.715
204.714
204.714
204.714
204.713
204.713
204.713
204.713
204.714
204.714
204.715
204.715
204.716
204.717
204.719
204.73
204.73
204.73
204.731
204.731
204.731
204.731
204.731
204.732
204.732
204.732
204.732
204.732
204.732
204.731
204.731
204.731
204.731
204.73
204.73
204.728
204.728
204.729
204.729
204.729
204.73
204.73
204.73
204.731
204.731
204.731
204.731
204.731
204.731
204.73
204.73
204.729
204.729
204.729
204.729
204.727
204.727
204.727
204.727
204.727
204.728
204.729
204.729
204.729
204.729
204.73
204.73
204.73
204.729
204.729
204.728
204.728
204.727
204.727
204.727
204.725
204.725
204.725
204.725
204.725
204.726
204.726
204.727
204.728
204.728
204.728
204.728
204.728
204.727
204.727
204.726
204.726
204.726
204.726
204.726
204.724
204.724
204.724
204.724
204.724
204.724
204.724
204.725
204.725
204.726
204.726
204.726
204.726
204.725
204.725
204.724
204.724
204.724
204.724
204.725
204.722
204.722
204.722
204.722
204.722
204.722
204.722
204.723
204.723
204.723
204.723
204.723
204.723
204.723
204.722
204.722
204.722
204.722
204.723
204.723
204.721
204.72
204.72
204.72
204.72
204.72
204.72
204.72
204.72
204.721
204.721
204.721
204.721
204.72
204.72
204.72
204.72
204.721
204.721
204.722
204.72
204.719
204.718
204.718
204.718
204.718
204.718
204.718
204.718
204.718
204.718
204.718
204.718
204.718
204.718
204.718
204.718
204.719
204.719
204.72
204.718
204.717
204.716
204.716
204.716
204.715
204.715
204.715
204.715
204.715
204.715
204.715
204.715
204.715
204.715
204.715
204.716
204.716
204.717
204.719
204.718
204.717
204.716
204.715
204.714
204.714
204.713
204.713
204.712
204.712
204.711
204.711
204.712
204.712
204.713
204.713
204.714
204.715
204.716
204.718
204.73
204.731
204.731
204.731
204.731
204.731
204.731
204.731
204.732
204.732
204.732
204.732
204.732
204.732
204.731
204.731
204.731
204.731
204.73
204.73
204.729
204.729
204.729
204.729
204.73
204.73
204.73
204.73
204.73
204.731
204.731
204.731
204.731
204.731
204.73
204.73
204.73
204.729
204.729
204.729
204.727
204.727
204.727
204.727
204.728
204.728
204.729
204.729
204.729
204.729
204.73
204.73
204.73
204.729
204.729
204.728
204.728
204.727
204.727
204.727
204.725
204.725
204.725
204.725
204.726
204.726
204.727
204.727
204.727
204.728
204.728
204.728
204.728
204.727
204.727
204.726
204.726
204.726
204.726
204.726
204.723
204.724
204.724
204.724
204.724
204.724
204.724
204.725
204.725
204.726
204.726
204.726
204.726
204.725
204.725
204.724
204.724
204.724
204.724
204.724
204.722
204.722
204.722
204.722
204.722
204.722
204.722
204.723
204.723
204.724
204.724
204.724
204.724
204.723
204.723
204.722
204.722
204.722
204.723
204.723
204.72
204.72
204.72
204.72
204.72
204.72
204.721
204.721
204.721
204.721
204.721
204.721
204.721
204.721
204.721
204.721
204.72
204.721
204.721
204.721
204.719
204.718
204.718
204.718
204.718
204.718
204.718
204.719
204.719
204.719
204.719
204.719
204.719
204.719
204.719
204.719
204.718
204.718
204.719
204.719
204.718
204.717
204.716
204.715
204.715
204.715
204.715
204.715
204.715
204.715
204.715
204.715
204.715
204.715
204.715
204.715
204.716
204.716
204.717
204.718
204.717
204.716
204.715
204.714
204.713
204.713
204.712
204.711
204.711
204.711
204.71
204.71
204.711
204.711
204.712
204.712
204.713
204.714
204.715
204.717
204.731
204.731
204.731
204.731
204.731
204.731
204.731
204.731
204.731
204.732
204.732
204.732
204.732
204.732
204.731
204.731
204.731
204.731
204.731
204.731
204.729
204.729
204.729
204.73
204.73
204.73
204.73
204.73
204.73
204.731
204.731
204.731
204.731
204.731
204.73
204.73
204.73
204.729
204.729
204.729
204.727
204.727
204.727
204.728
204.728
204.728
204.729
204.729
204.729
204.729
204.73
204.73
204.729
204.729
204.729
204.729
204.728
204.728
204.727
204.727
204.725
204.725
204.725
204.726
204.726
204.726
204.727
204.727
204.727
204.728
204.728
204.728
204.728
204.728
204.727
204.727
204.726
204.726
204.726
204.726
204.723
204.723
204.724
204.724
204.724
204.724
204.725
204.725
204.726
204.726
204.726
204.726
204.726
204.725
204.725
204.725
204.724
204.724
204.724
204.724
204.722
204.722
204.722
204.722
204.722
204.722
204.723
204.723
204.723
204.724
204.724
204.724
204.724
204.723
204.723
204.723
204.723
204.723
204.722
204.722
204.72
204.72
204.72
204.72
204.72
204.721
204.721
204.721
204.721
204.722
204.722
204.722
204.722
204.721
204.721
204.721
204.721
204.721
204.72
204.721
204.719
204.718
204.718
204.718
204.718
204.719
204.719
204.719
204.719
204.719
204.719
204.719
204.719
204.719
204.719
204.719
204.719
204.718
204.718
204.719
204.717
204.716
204.716
204.715
204.715
204.715
204.715
204.715
204.715
204.715
204.715
204.715
204.715
204.715
204.715
204.715
204.715
204.716
204.716
204.717
204.717
204.715
204.714
204.713
204.713
204.712
204.711
204.71
204.71
204.709
204.708
204.709
204.709
204.71
204.711
204.712
204.712
204.713
204.715
204.716
204.731
204.731
204.731
204.731
204.731
204.731
204.731
204.731
204.731
204.732
204.732
204.732
204.732
204.732
204.731
204.731
204.731
204.731
204.731
204.731
204.73
204.73
204.73
204.73
204.73
204.73
204.73
204.73
204.73
204.73
204.731
204.731
204.731
204.73
204.73
204.73
204.73
204.73
204.73
204.729
204.728
204.728
204.728
204.728
204.728
204.729
204.729
204.729
204.729
204.729
204.729
204.729
204.729
204.729
204.729
204.729
204.728
204.728
204.728
204.728
204.725
204.726
204.726
204.726
204.726
204.727
204.727
204.727
204.727
204.728
204.728
204.728
204.728
204.728
204.727
204.727
204.727
204.726
204.726
204.726
204.723
204.724
204.724
204.724
204.724
204.724
204.725
204.725
204.726
204.726
204.726
204.726
204.726
204.726
204.725
204.725
204.725
204.724
204.724
204.724
204.722
204.722
204.722
204.722
204.722
204.723
204.723
204.723
204.724
204.724
204.724
204.724
204.724
204.724
204.723
204.723
204.723
204.723
204.723
204.722
204.72
204.72
204.72
204.72
204.721
204.721
204.721
204.721
204.722
204.722
204.722
204.722
204.722
204.722
204.721
204.721
204.721
204.721
204.72
204.72
204.718
204.718
204.718
204.718
204.719
204.719
204.719
204.719
204.719
204.719
204.719
204.719
204.719
204.719
204.719
204.719
204.719
204.719
204.718
204.719
204.717
204.716
204.715
204.715
204.715
204.715
204.715
204.715
204.714
204.714
204.714
204.714
204.714
204.715
204.715
204.715
204.715
204.715
204.716
204.717
204.716
204.715
204.714
204.713
204.712
204.711
204.71
204.709
204.709
204.708
204.707
204.707
204.708
204.709
204.71
204.711
204.712
204.713
204.714
204.716
204.731
204.731
204.731
204.731
204.731
204.731
204.731
204.731
204.731
204.731
204.731
204.732
204.732
204.731
204.731
204.731
204.731
204.731
204.731
204.731
204.73
204.73
204.73
204.73
204.73
204.73
204.73
204.73
204.73
204.73
204.73
204.731
204.73
204.73
204.73
204.73
204.73
204.73
204.73
204.73
204.729
204.729
204.729
204.729
204.729
204.729
204.729
204.729
204.729
204.729
204.729
204.729
204.729
204.729
204.729
204.729
204.729
204.729
204.728
204.728
204.726
204.726
204.726
204.727
204.727
204.727
204.727
204.727
204.727
204.728
204.728
204.728
204.728
204.728
204.727
204.727
204.727
204.727
204.726
204.726
204.723
204.724
204.724
204.724
204.725
204.725
204.725
204.725
204.726
204.726
204.726
204.726
204.726
204.726
204.726
204.725
204.725
204.725
204.724
204.724
204.721
204.722
204.722
204.722
204.723
204.723
204.723
204.724
204.724
204.724
204.724
204.724
204.724
204.724
204.724
204.723
204.723
204.723
204.723
204.722
204.72
204.72
204.72
204.721
204.721
204.721
204.721
204.722
204.722
204.722
204.722
204.722
204.722
204.722
204.722
204.721
204.721
204.721
204.721
204.72
204.718
204.717
204.718
204.718
204.719
204.719
204.719
204.719
204.719
204.719
204.719
204.719
204.719
204.719
204.719
204.719
204.719
204.719
204.718
204.718
204.717
204.715
204.715
204.715
204.715
204.715
204.714
204.714
204.714
204.713
204.713
204.713
204.714
204.714
204.715
204.715
204.715
204.715
204.715
204.717
204.716
204.714
204.713
204.712
204.711
204.71
204.709
204.708
204.707
204.706
204.705
204.706
204.707
204.708
204.709
204.71
204.711
204.712
204.713
204.715
204.732
204.732
204.731
204.731
204.731
204.731
204.731
204.731
204.731
204.731
204.731
204.731
204.731
204.731
204.731
204.731
204.731
204.731
204.731
204.731
204.73
204.73
204.73
204.73
204.73
204.73
204.73
204.73
204.73
204.73
204.73
204.73
204.73
204.73
204.73
204.73
204.73
204.73
204.73
204.73
204.729
204.729
204.729
204.729
204.729
204.729
204.729
204.729
204.729
204.729
204.729
204.729
204.729
204.729
204.729
204.729
204.729
204.729
204.729
204.729
204.727
204.727
204.727
204.727
204.727
204.727
204.727
204.727
204.727
204.727
204.727
204.728
204.728
204.728
204.727
204.727
204.727
204.727
204.727
204.727
204.724
204.724
204.725
204.725
204.725
204.725
204.725
204.726
204.726
204.726
204.726
204.726
204.726
204.726
204.726
204.726
204.725
204.725
204.725
204.724
204.721
204.722
204.723
204.723
204.723
204.723
204.724
204.724
204.724
204.724
204.724
204.724
204.724
204.724
204.724
204.724
204.724
204.723
204.723
204.722
204.719
204.72
204.72
204.721
204.721
204.721
204.722
204.722
204.722
204.721
204.721
204.722
204.722
204.722
204.722
204.722
204.722
204.721
204.721
204.72
204.718
204.717
204.718
204.719
204.719
204.719
204.719
204.719
204.719
204.718
204.718
204.719
204.719
204.719
204.719
204.719
204.719
204.719
204.718
204.718
204.716
204.715
204.715
204.715
204.715
204.715
204.714
204.714
204.713
204.712
204.711
204.712
204.713
204.714
204.715
204.715
204.715
204.715
204.715
204.716
204.716
204.714
204.713
204.711
204.71
204.709
204.708
204.707
204.706
204.705
204.703
204.704
204.705
204.706
204.708
204.709
204.71
204.712
204.713
204.715
204.732
204.732
204.732
204.732
204.731
204.731
204.731
204.731
204.731
204.73
204.73
204.731
204.731
204.731
204.731
204.731
204.731
204.731
204.731
204.731
204.731
204.731
204.731
204.73
204.73
204.73
204.73
204.73
204.73
204.729
204.729
204.73
204.73
204.73
204.73
204.73
204.73
204.73
204.73
204.73
204.729
204.729
204.729
204.729
204.729
204.729
204.729
204.729
204.728
204.728
204.727
204.729
204.729
204.729
204.729
204.729
204.729
204.729
204.729
204.729
204.728
204.728
204.728
204.727
204.727
204.727
204.727
204.727
204.727
204.726
204.725
204.727
204.727
204.727
204.727
204.727
204.727
204.727
204.727
204.727
204.724
204.725
204.725
204.725
204.726
204.726
204.726
204.726
204.725
204.724
204.723
204.725
204.726
204.726
204.726
204.726
204.726
204.726
204.725
204.725
204.721
204.722
204.723
204.723
204.723
204.724
204.724
204.724
204.723
204.721
204.72
204.723
204.724
204.724
204.724
204.724
204.724
204.724
204.723
204.722
204.719
204.72
204.72
204.721
204.721
204.722
204.722
204.722
204.721
204.719
204.717
204.72
204.722
204.722
204.722
204.722
204.722
204.721
204.721
204.72
204.718
204.717
204.718
204.719
204.719
204.719
204.719
204.719
204.717
204.715
204.713
204.717
204.719
204.719
204.72
204.72
204.72
204.719
204.718
204.718
204.716
204.715
204.715
204.715
204.715
204.714
204.714
204.713
204.711
204.709
204.706
204.71
204.712
204.714
204.715
204.715
204.716
204.716
204.715
204.716
204.715
204.714
204.712
204.711
204.71
204.709
204.707
204.706
204.705
204.704
204.701
204.703
204.704
204.705
204.707
204.708
204.71
204.711
204.713
204.715
204.732
204.732
204.732
204.732
204.732
204.732
204.731
204.731
204.73
204.722
204.722
204.731
204.731
204.731
204.731
204.731
204.731
204.731
204.731
204.731
204.731
204.731
204.731
204.731
204.731
204.73
204.73
204.73
204.729
204.72
204.717
204.729
204.73
204.73
204.73
204.73
204.73
204.73
204.73
204.73
204.73
204.73
204.729
204.729
204.729
204.729
204.729
204.729
204.728
204.717
204.713
204.728
204.729
204.729
204.729
204.729
204.729
204.729
204.729
204.729
204.728
204.728
204.728
204.728
204.728
204.728
204.728
204.727
204.726
204.715
204.709
204.725
204.727
204.728
204.728
204.728
204.728
204.728
204.727
204.727
204.725
204.726
204.726
204.726
204.726
204.726
204.726
204.726
204.724
204.713
204.706
204.723
204.726
204.726
204.726
204.726
204.726
204.726
204.726
204.725
204.721
204.722
204.723
204.724
204.724
204.724
204.724
204.724
204.721
204.711
204.703
204.72
204.724
204.724
204.724
204.724
204.724
204.724
204.723
204.722
204.719
204.72
204.721
204.721
204.722
204.722
204.722
204.721
204.719
204.708
204.7
204.716
204.721
204.722
204.722
204.722
204.722
204.722
204.721
204.72
204.717
204.717
204.718
204.719
204.719
204.719
204.719
204.718
204.715
204.705
204.697
204.712
204.718
204.719
204.72
204.72
204.72
204.719
204.718
204.718
204.716
204.715
204.715
204.715
204.715
204.714
204.713
204.712
204.709
204.703
204.695
204.706
204.711
204.713
204.715
204.715
204.716
204.716
204.715
204.716
204.715
204.713
204.712
204.711
204.709
204.708
204.706
204.705
204.704
204.703
204.698
204.702
204.702
204.704
204.706
204.708
204.709
204.711
204.713
204.715
204.732
204.732
204.732
204.732
204.732
204.732
204.731
204.731
204.73
204.722
204.721
204.731
204.731
204.731
204.731
204.731
204.731
204.731
204.731
204.732
204.731
204.731
204.731
204.731
204.731
204.731
204.73
204.73
204.729
204.717
204.713
204.729
204.73
204.73
204.73
204.73
204.73
204.73
204.73
204.73
204.73
204.73
204.73
204.73
204.73
204.729
204.729
204.729
204.727
204.713
204.704
204.727
204.729
204.729
204.729
204.729
204.729
204.729
204.729
204.729
204.728
204.728
204.728
204.728
204.728
204.728
204.728
204.727
204.725
204.709
204.697
204.724
204.727
204.728
204.728
204.728
204.728
204.728
204.728
204.727
204.725
204.726
204.726
204.726
204.726
204.726
204.726
204.726
204.723
204.706
204.691
204.721
204.726
204.726
204.726
204.726
204.726
204.726
204.726
204.725
204.721
204.723
204.723
204.724
204.724
204.724
204.724
204.724
204.72
204.703
204.685
204.717
204.724
204.724
204.724
204.724
204.724
204.724
204.723
204.722
204.719
204.72
204.721
204.721
204.722
204.722
204.722
204.721
204.717
204.7
204.681
204.713
204.721
204.722
204.722
204.722
204.722
204.722
204.721
204.72
204.717
204.717
204.718
204.719
204.719
204.719
204.719
204.718
204.713
204.697
204.678
204.707
204.717
204.719
204.72
204.72
204.72
204.719
204.718
204.718
204.716
204.715
204.715
204.715
204.715
204.714
204.713
204.711
204.706
204.695
204.677
204.7
204.709
204.713
204.714
204.715
204.716
204.716
204.715
204.716
204.715
204.713
204.711
204.71
204.708
204.707
204.705
204.703
204.701
204.698
204.687
204.696
204.699
204.701
204.704
204.707
204.709
204.71
204.712
204.715
204.732
204.732
204.732
204.732
204.732
204.732
204.732
204.731
204.731
204.731
204.731
204.732
204.732
204.732
204.731
204.731
204.731
204.731
204.731
204.732
204.731
204.731
204.731
204.731
204.731
204.731
204.731
204.73
204.73
204.729
204.729
204.731
204.731
204.731
204.731
204.731
204.731
204.731
204.731
204.731
204.73
204.73
204.73
204.73
204.73
204.729
204.729
204.729
204.729
204.728
204.727
204.729
204.729
204.729
204.729
204.729
204.729
204.729
204.729
204.729
204.728
204.728
204.728
204.728
204.728
204.728
204.728
204.728
204.727
204.725
204.724
204.727
204.728
204.728
204.728
204.728
204.728
204.728
204.728
204.727
204.725
204.726
204.726
204.726
204.726
204.726
204.726
204.726
204.725
204.723
204.721
204.725
204.726
204.726
204.726
204.726
204.726
204.726
204.725
204.725
204.721
204.722
204.723
204.724
204.724
204.724
204.724
204.724
204.723
204.72
204.717
204.723
204.724
204.724
204.724
204.724
204.724
204.724
204.723
204.722
204.719
204.72
204.721
204.721
204.722
204.722
204.722
204.722
204.72
204.716
204.713
204.72
204.722
204.722
204.722
204.722
204.722
204.722
204.721
204.72
204.717
204.717
204.718
204.719
204.719
204.719
204.719
204.719
204.717
204.712
204.707
204.716
204.719
204.719
204.72
204.72
204.72
204.719
204.718
204.718
204.716
204.715
204.715
204.715
204.715
204.714
204.713
204.712
204.71
204.706
204.7
204.708
204.712
204.713
204.715
204.715
204.716
204.716
204.715
204.716
204.715
204.713
204.711
204.71
204.709
204.707
204.706
204.704
204.703
204.702
204.696
204.699
204.701
204.703
204.705
204.707
204.709
204.71
204.712
204.714
204.732
204.732
204.732
204.732
204.732
204.732
204.732
204.731
204.731
204.731
204.731
204.732
204.732
204.732
204.731
204.731
204.731
204.731
204.731
204.731
204.731
204.731
204.731
204.731
204.731
204.731
204.73
204.73
204.73
204.73
204.73
204.731
204.731
204.731
204.731
204.731
204.731
204.731
204.731
204.731
204.73
204.73
204.73
204.73
204.729
204.729
204.729
204.729
204.729
204.729
204.729
204.729
204.729
204.729
204.729
204.729
204.729
204.729
204.729
204.729
204.728
204.728
204.728
204.728
204.728
204.728
204.728
204.728
204.727
204.727
204.727
204.728
204.728
204.728
204.728
204.728
204.728
204.727
204.727
204.727
204.724
204.725
204.726
204.726
204.726
204.726
204.726
204.726
204.726
204.726
204.726
204.726
204.726
204.726
204.726
204.726
204.726
204.726
204.725
204.725
204.721
204.722
204.723
204.724
204.724
204.724
204.724
204.724
204.724
204.724
204.724
204.724
204.724
204.724
204.724
204.724
204.724
204.724
204.723
204.722
204.719
204.72
204.721
204.721
204.722
204.722
204.722
204.722
204.722
204.721
204.721
204.722
204.722
204.722
204.722
204.722
204.722
204.721
204.721
204.72
204.717
204.717
204.718
204.719
204.719
204.719
204.719
204.719
204.719
204.718
204.717
204.719
204.719
204.72
204.72
204.72
204.72
204.719
204.718
204.718
204.716
204.715
204.715
204.715
204.715
204.714
204.714
204.713
204.712
204.711
204.709
204.712
204.713
204.714
204.715
204.715
204.716
204.716
204.715
204.716
204.715
204.713
204.712
204.711
204.709
204.708
204.707
204.705
204.704
204.702
204.699
204.701
204.702
204.704
204.706
204.708
204.709
204.711
204.712
204.715
204.732
204.732
204.732
204.732
204.732
204.732
204.731
204.731
204.731
204.731
204.731
204.732
204.732
204.731
204.731
204.731
204.731
204.731
204.731
204.731
204.731
204.731
204.731
204.731
204.731
204.73
204.73
204.73
204.73
204.73
204.73
204.731
204.731
204.731
204.73
204.73
204.73
204.73
204.73
204.73
204.729
204.729
204.729
204.729
204.729
204.729
204.729
204.729
204.729
204.729
204.729
204.729
204.729
204.729
204.729
204.729
204.729
204.729
204.729
204.729
204.727
204.727
204.727
204.727
204.728
204.728
204.728
204.728
204.727
204.728
204.728
204.728
204.728
204.728
204.728
204.727
204.727
204.727
204.727
204.727
204.724
204.725
204.725
204.725
204.725
204.726
204.726
204.726
204.726
204.726
204.726
204.726
204.726
204.726
204.726
204.726
204.726
204.725
204.725
204.724
204.721
204.722
204.723
204.723
204.723
204.724
204.724
204.724
204.724
204.724
204.724
204.724
204.724
204.724
204.724
204.724
204.724
204.723
204.723
204.722
204.719
204.72
204.72
204.721
204.721
204.722
204.722
204.722
204.722
204.722
204.722
204.722
204.722
204.722
204.722
204.722
204.722
204.721
204.721
204.72
204.718
204.717
204.718
204.719
204.719
204.719
204.719
204.719
204.719
204.719
204.719
204.719
204.72
204.72
204.72
204.72
204.719
204.719
204.718
204.718
204.716
204.715
204.715
204.715
204.715
204.715
204.714
204.714
204.714
204.713
204.713
204.713
204.714
204.715
204.715
204.715
204.716
204.715
204.715
204.716
204.715
204.714
204.712
204.711
204.71
204.709
204.708
204.706
204.705
204.704
204.701
204.703
204.704
204.705
204.707
204.708
204.71
204.711
204.713
204.715
204.732
204.731
204.731
204.731
204.731
204.731
204.731
204.731
204.731
204.731
204.731
204.731
204.731
204.731
204.731
204.731
204.731
204.731
204.731
204.731
204.73
204.73
204.73
204.73
204.73
204.73
204.73
204.73
204.73
204.73
204.73
204.731
204.731
204.73
204.73
204.73
204.73
204.73
204.73
204.73
204.729
204.729
204.729
204.729
204.729
204.729
204.729
204.729
204.729
204.729
204.729
204.729
204.729
204.729
204.729
204.729
204.729
204.729
204.728
204.728
204.726
204.727
204.727
204.727
204.727
204.727
204.727
204.727
204.727
204.728
204.728
204.728
204.728
204.728
204.727
204.727
204.727
204.727
204.727
204.726
204.724
204.724
204.725
204.725
204.725
204.725
204.726
204.726
204.726
204.726
204.726
204.726
204.726
204.726
204.726
204.725
204.725
204.725
204.725
204.724
204.722
204.722
204.722
204.723
204.723
204.723
204.724
204.724
204.724
204.724
204.724
204.724
204.724
204.724
204.724
204.724
204.723
204.723
204.723
204.723
204.72
204.72
204.72
204.721
204.721
204.721
204.722
204.722
204.722
204.722
204.722
204.722
204.722
204.722
204.722
204.722
204.722
204.721
204.721
204.72
204.718
204.718
204.718
204.719
204.719
204.719
204.719
204.719
204.72
204.72
204.72
204.72
204.72
204.72
204.72
204.72
204.719
204.719
204.718
204.718
204.716
204.715
204.715
204.715
204.715
204.715
204.715
204.715
204.715
204.715
204.714
204.715
204.715
204.715
204.715
204.716
204.716
204.715
204.715
204.717
204.716
204.714
204.713
204.712
204.711
204.71
204.709
204.708
204.707
204.706
204.704
204.705
204.706
204.707
204.708
204.709
204.71
204.712
204.713
204.715
204.731
204.731
204.731
204.731
204.731
204.731
204.731
204.731
204.731
204.731
204.731
204.731
204.731
204.731
204.731
204.731
204.731
204.731
204.731
204.731
204.73
204.73
204.73
204.73
204.73
204.73
204.73
204.73
204.73
204.73
204.73
204.731
204.731
204.73
204.73
204.73
204.73
204.73
204.73
204.73
204.728
204.728
204.728
204.728
204.729
204.729
204.729
204.729
204.729
204.729
204.729
204.729
204.729
204.729
204.729
204.729
204.728
204.728
204.728
204.728
204.726
204.726
204.726
204.726
204.727
204.727
204.727
204.727
204.727
204.728
204.728
204.728
204.728
204.727
204.727
204.727
204.727
204.726
204.726
204.726
204.724
204.724
204.724
204.724
204.725
204.725
204.725
204.726
204.726
204.726
204.726
204.726
204.726
204.726
204.725
204.725
204.725
204.725
204.725
204.724
204.722
204.722
204.722
204.722
204.723
204.723
204.723
204.724
204.724
204.724
204.724
204.724
204.724
204.724
204.724
204.723
204.723
204.723
204.723
204.723
204.72
204.72
204.72
204.721
204.721
204.721
204.721
204.722
204.722
204.722
204.722
204.722
204.722
204.722
204.722
204.722
204.721
204.721
204.721
204.721
204.718
204.718
204.718
204.719
204.719
204.719
204.719
204.719
204.72
204.72
204.72
204.72
204.72
204.72
204.72
204.719
204.719
204.719
204.718
204.719
204.717
204.716
204.715
204.715
204.715
204.715
204.715
204.715
204.715
204.715
204.715
204.715
204.715
204.715
204.716
204.716
204.716
204.716
204.716
204.717
204.716
204.715
204.713
204.712
204.712
204.711
204.71
204.709
204.708
204.708
204.707
204.707
204.708
204.708
204.709
204.71
204.711
204.712
204.714
204.716
204.731
204.731
204.731
204.731
204.731
204.731
204.731
204.731
204.731
204.731
204.731
204.731
204.731
204.731
204.731
204.731
204.731
204.731
204.731
204.731
204.729
204.729
204.729
204.73
204.73
204.73
204.73
204.73
204.73
204.73
204.73
204.731
204.731
204.73
204.73
204.73
204.73
204.73
204.729
204.729
204.727
204.728
204.728
204.728
204.728
204.728
204.729
204.729
204.729
204.729
204.729
204.729
204.729
204.729
204.729
204.728
204.728
204.728
204.728
204.728
204.726
204.726
204.726
204.726
204.726
204.727
204.727
204.727
204.727
204.728
204.728
204.728
204.728
204.727
204.727
204.727
204.726
204.726
204.726
204.726
204.724
204.724
204.724
204.724
204.724
204.725
204.725
204.725
204.726
204.726
204.726
204.726
204.726
204.726
204.725
204.725
204.725
204.725
204.725
204.725
204.722
204.722
204.722
204.722
204.723
204.723
204.723
204.724
204.724
204.724
204.724
204.724
204.724
204.724
204.723
204.723
204.723
204.723
204.723
204.723
204.72
204.72
204.72
204.72
204.721
204.721
204.721
204.722
204.722
204.722
204.722
204.722
204.722
204.722
204.722
204.721
204.721
204.721
204.721
204.721
204.719
204.718
204.718
204.718
204.719
204.719
204.719
204.719
204.72
204.72
204.72
204.72
204.72
204.719
204.719
204.719
204.719
204.719
204.719
204.719
204.717
204.716
204.716
204.716
204.715
204.715
204.715
204.715
204.716
204.716
204.716
204.716
204.716
204.716
204.716
204.716
204.716
204.716
204.716
204.718
204.717
204.715
204.714
204.713
204.712
204.712
204.711
204.71
204.71
204.709
204.709
204.709
204.709
204.71
204.71
204.711
204.712
204.713
204.715
204.716
204.731
204.731
204.731
204.731
204.731
204.731
204.731
204.731
204.731
204.731
204.731
204.731
204.731
204.731
204.731
204.731
204.731
204.731
204.731
204.731
204.729
204.729
204.729
204.729
204.729
204.73
204.73
204.73
204.73
204.73
204.73
204.731
204.731
204.73
204.73
204.73
204.73
204.729
204.729
204.729
204.727
204.727
204.727
204.727
204.728
204.728
204.729
204.729
204.729
204.729
204.729
204.729
204.729
204.729
204.729
204.728
204.728
204.728
204.728
204.728
204.726
204.726
204.726
204.726
204.726
204.726
204.727
204.727
204.727
204.728
204.728
204.728
204.727
204.727
204.727
204.726
204.726
204.726
204.726
204.726
204.724
204.724
204.724
204.724
204.724
204.724
204.725
204.725
204.726
204.726
204.726
204.726
204.726
204.725
204.725
204.725
204.725
204.725
204.725
204.725
204.722
204.722
204.722
204.722
204.723
204.723
204.723
204.723
204.724
204.724
204.724
204.724
204.724
204.723
204.723
204.723
204.723
204.723
204.723
204.723
204.721
204.721
204.721
204.721
204.721
204.721
204.721
204.721
204.721
204.722
204.722
204.722
204.721
204.721
204.721
204.721
204.721
204.721
204.721
204.722
204.719
204.719
204.719
204.718
204.718
204.719
204.719
204.719
204.719
204.719
204.719
204.719
204.719
204.719
204.719
204.719
204.719
204.719
204.719
204.72
204.718
204.717
204.716
204.716
204.716
204.715
204.715
204.715
204.716
204.716
204.716
204.716
204.716
204.715
204.715
204.716
204.716
204.716
204.717
204.719
204.717
204.716
204.715
204.714
204.713
204.713
204.712
204.712
204.711
204.711
204.71
204.71
204.711
204.711
204.712
204.712
204.713
204.714
204.716
204.717
204.73
204.73
204.73
204.73
204.731
204.731
204.731
204.731
204.731
204.731
204.731
204.731
204.731
204.731
204.731
204.731
204.731
204.731
204.731
204.731
204.729
204.729
204.729
204.729
204.729
204.73
204.73
204.73
204.73
204.73
204.73
204.731
204.731
204.73
204.73
204.73
204.729
204.729
204.729
204.729
204.727
204.727
204.727
204.727
204.727
204.728
204.728
204.729
204.729
204.729
204.729
204.729
204.729
204.729
204.728
204.728
204.728
204.728
204.728
204.728
204.726
204.726
204.726
204.726
204.726
204.726
204.726
204.727
204.727
204.727
204.728
204.728
204.727
204.727
204.727
204.726
204.726
204.726
204.727
204.727
204.724
204.724
204.724
204.724
204.724
204.724
204.724
204.725
204.725
204.726
204.726
204.725
204.725
204.725
204.725
204.725
204.725
204.725
204.725
204.725
204.723
204.723
204.723
204.723
204.722
204.723
204.723
204.723
204.723
204.723
204.723
204.723
204.723
204.723
204.723
204.723
204.723
204.723
204.724
204.724
204.722
204.721
204.721
204.721
204.72
204.72
204.721
204.721
204.721
204.721
204.721
204.721
204.721
204.721
204.721
204.721
204.721
204.721
204.722
204.723
204.72
204.72
204.719
204.719
204.718
204.718
204.718
204.718
204.718
204.718
204.718
204.718
204.718
204.718
204.718
204.718
204.719
204.719
204.72
204.721
204.719
204.718
204.717
204.717
204.716
204.716
204.715
204.715
204.715
204.715
204.715
204.715
204.715
204.715
204.715
204.716
204.716
204.717
204.718
204.72
204.718
204.717
204.716
204.715
204.715
204.714
204.713
204.713
204.713
204.713
204.712
204.712
204.712
204.713
204.713
204.714
204.715
204.716
204.717
204.718
204.73
204.73
204.73
204.73
204.731
204.731
204.731
204.731
204.731
204.731
204.732
204.732
204.731
204.731
204.731
204.731
204.731
204.731
204.731
204.731
204.729
204.729
204.729
204.729
204.729
204.729
204.73
204.73
204.73
204.73
204.73
204.731
204.731
204.73
204.73
204.73
204.729
204.729
204.729
204.729
204.727
204.727
204.727
204.727
204.727
204.728
204.728
204.729
204.729
204.729
204.729
204.729
204.729
204.729
204.728
204.728
204.728
204.728
204.728
204.728
204.726
204.726
204.726
204.726
204.726
204.726
204.726
204.727
204.727
204.727
204.727
204.727
204.727
204.727
204.726
204.726
204.726
204.726
204.727
204.727
204.725
204.725
204.725
204.724
204.724
204.724
204.724
204.724
204.725
204.725
204.725
204.725
204.725
204.724
204.724
204.724
204.725
204.725
204.725
204.726
204.724
204.724
204.723
204.723
204.722
204.722
204.722
204.722
204.722
204.722
204.722
204.722
204.722
204.722
204.723
204.723
204.723
204.723
204.724
204.725
204.723
204.722
204.722
204.721
204.721
204.72
204.72
204.72
204.72
204.72
204.72
204.72
204.72
204.72
204.72
204.721
204.721
204.722
204.723
204.724
204.722
204.721
204.72
204.719
204.719
204.719
204.718
204.718
204.718
204.718
204.718
204.718
204.718
204.718
204.718
204.719
204.719
204.72
204.721
204.723
204.721
204.72
204.719
204.718
204.717
204.717
204.717
204.716
204.716
204.716
204.716
204.716
204.716
204.716
204.717
204.717
204.718
204.719
204.72
204.721
204.72
204.719
204.718
204.717
204.716
204.716
204.715
204.715
204.715
204.715
204.715
204.714
204.715
204.715
204.715
204.716
204.716
204.717
204.718
204.72
)
;

boundaryField
{
    floor
    {
        type            fixedFluxPressure;
        gradient        uniform 0;
        value           nonuniform List<scalar> 
400
(
204.73
204.73
204.73
204.73
204.731
204.731
204.731
204.732
204.732
204.732
204.732
204.732
204.732
204.732
204.732
204.731
204.731
204.731
204.73
204.73
204.73
204.73
204.73
204.731
204.731
204.731
204.731
204.732
204.732
204.732
204.732
204.732
204.732
204.732
204.731
204.731
204.731
204.731
204.73
204.73
204.73
204.73
204.73
204.731
204.731
204.731
204.731
204.731
204.732
204.732
204.732
204.732
204.732
204.732
204.731
204.731
204.731
204.731
204.73
204.73
204.73
204.731
204.731
204.731
204.731
204.731
204.731
204.731
204.732
204.732
204.732
204.732
204.732
204.732
204.731
204.731
204.731
204.731
204.73
204.73
204.731
204.731
204.731
204.731
204.731
204.731
204.731
204.731
204.731
204.732
204.732
204.732
204.732
204.732
204.731
204.731
204.731
204.731
204.731
204.731
204.731
204.731
204.731
204.731
204.731
204.731
204.731
204.731
204.731
204.732
204.732
204.732
204.732
204.732
204.731
204.731
204.731
204.731
204.731
204.731
204.731
204.731
204.731
204.731
204.731
204.731
204.731
204.731
204.731
204.731
204.731
204.732
204.732
204.731
204.731
204.731
204.731
204.731
204.731
204.731
204.732
204.732
204.731
204.731
204.731
204.731
204.731
204.731
204.731
204.731
204.731
204.731
204.731
204.731
204.731
204.731
204.731
204.731
204.731
204.731
204.732
204.732
204.732
204.732
204.731
204.731
204.731
204.731
204.731
204.73
204.73
204.731
204.731
204.731
204.731
204.731
204.731
204.731
204.731
204.731
204.732
204.732
204.732
204.732
204.732
204.732
204.731
204.731
204.73
204.722
204.722
204.731
204.731
204.731
204.731
204.731
204.731
204.731
204.731
204.731
204.732
204.732
204.732
204.732
204.732
204.732
204.731
204.731
204.73
204.722
204.721
204.731
204.731
204.731
204.731
204.731
204.731
204.731
204.731
204.732
204.732
204.732
204.732
204.732
204.732
204.732
204.732
204.731
204.731
204.731
204.731
204.732
204.732
204.732
204.731
204.731
204.731
204.731
204.731
204.732
204.732
204.732
204.732
204.732
204.732
204.732
204.732
204.731
204.731
204.731
204.731
204.732
204.732
204.732
204.731
204.731
204.731
204.731
204.731
204.731
204.732
204.732
204.732
204.732
204.732
204.732
204.731
204.731
204.731
204.731
204.731
204.732
204.732
204.731
204.731
204.731
204.731
204.731
204.731
204.731
204.732
204.731
204.731
204.731
204.731
204.731
204.731
204.731
204.731
204.731
204.731
204.731
204.731
204.731
204.731
204.731
204.731
204.731
204.731
204.731
204.731
204.731
204.731
204.731
204.731
204.731
204.731
204.731
204.731
204.731
204.731
204.731
204.731
204.731
204.731
204.731
204.731
204.731
204.731
204.731
204.731
204.731
204.731
204.731
204.731
204.731
204.731
204.731
204.731
204.731
204.731
204.731
204.731
204.731
204.731
204.731
204.731
204.731
204.731
204.731
204.731
204.731
204.731
204.731
204.731
204.731
204.731
204.731
204.731
204.731
204.731
204.731
204.731
204.731
204.731
204.731
204.731
204.731
204.731
204.731
204.73
204.73
204.73
204.73
204.731
204.731
204.731
204.731
204.731
204.731
204.731
204.731
204.731
204.731
204.731
204.731
204.731
204.731
204.731
204.731
204.73
204.73
204.73
204.73
204.731
204.731
204.731
204.731
204.731
204.731
204.732
204.732
204.731
204.731
204.731
204.731
204.731
204.731
204.731
204.731
)
;
    }
    ceiling
    {
        type            fixedFluxPressure;
        gradient        nonuniform List<scalar> 
400
(
0.384977
0.387666
0.390188
0.392419
0.394379
0.396096
0.397558
0.398718
0.39951
0.39993
0.400941
0.401193
0.400664
0.399519
0.397905
0.395915
0.393571
0.390819
0.387516
0.383401
0.387666
0.390233
0.392857
0.395321
0.397595
0.399678
0.401532
0.403078
0.404211
0.404922
0.406291
0.406399
0.405586
0.404063
0.402034
0.399647
0.396956
0.393929
0.390466
0.386458
0.390188
0.392857
0.395594
0.398235
0.400751
0.403141
0.405344
0.407253
0.408722
0.409717
0.411485
0.411397
0.410276
0.408383
0.405979
0.403264
0.400323
0.397131
0.393605
0.389625
0.392419
0.395321
0.398235
0.401079
0.403864
0.406609
0.409222
0.411566
0.413454
0.414831
0.417198
0.416747
0.415196
0.412828
0.409962
0.40685
0.403614
0.400218
0.396552
0.392419
0.394379
0.397595
0.400751
0.403864
0.40701
0.410199
0.413363
0.416328
0.418873
0.420924
0.424306
0.42314
0.420853
0.417753
0.414199
0.410497
0.406843
0.403148
0.39924
0.394821
0.396096
0.399678
0.403141
0.406609
0.410199
0.413986
0.417863
0.42165
0.425129
0.428238
0.43319
0.430724
0.42729
0.423187
0.418751
0.41427
0.410004
0.405904
0.401666
0.396873
0.397558
0.401532
0.405344
0.409222
0.413363
0.417863
0.42262
0.427513
0.432389
0.437249
0.44471
0.43982
0.434538
0.429016
0.423456
0.418042
0.413008
0.408419
0.403784
0.398566
0.398718
0.403078
0.407253
0.411566
0.416328
0.42165
0.427513
0.433958
0.441048
0.449017
0.460795
0.451197
0.44281
0.435188
0.428146
0.421617
0.415704
0.410554
0.405493
0.399843
0.39951
0.404211
0.408722
0.413454
0.418873
0.425129
0.432389
0.441048
0.451753
0.465555
0.485505
0.466332
0.452539
0.441697
0.432639
0.424755
0.417862
0.412101
0.40665
0.400622
0.39993
0.404922
0.409717
0.414831
0.420924
0.428238
0.437249
0.449017
0.465555
0.490354
0.5271
0.488076
0.464693
0.44883
0.436974
0.427404
0.419416
0.413022
0.4073
0.400969
0.400941
0.406291
0.411485
0.417198
0.424306
0.43319
0.44471
0.460795
0.485505
0.5271
0.598713
0.52355
0.484437
0.460662
0.444404
0.432163
0.422485
0.415108
0.408938
0.402177
0.401193
0.406399
0.411397
0.416747
0.42314
0.430724
0.43982
0.451197
0.466332
0.488076
0.52355
0.490308
0.469189
0.453593
0.441187
0.430879
0.42225
0.415412
0.40938
0.402716
0.400664
0.405586
0.410276
0.415196
0.420853
0.42729
0.434538
0.44281
0.452539
0.464693
0.484437
0.469189
0.456926
0.446176
0.436583
0.427999
0.420502
0.414364
0.408634
0.40222
0.399519
0.404063
0.408383
0.412828
0.417753
0.423187
0.429016
0.435188
0.441697
0.44883
0.460662
0.453593
0.446176
0.43858
0.431128
0.424072
0.417717
0.412318
0.407003
0.400958
0.397905
0.402034
0.405979
0.409962
0.414199
0.418751
0.423456
0.428146
0.432639
0.436974
0.444404
0.441187
0.436583
0.431128
0.425344
0.419626
0.414345
0.409566
0.404685
0.399065
0.395915
0.399647
0.403264
0.40685
0.410497
0.41427
0.418042
0.421617
0.424755
0.427404
0.432163
0.430879
0.427999
0.424072
0.419626
0.415069
0.410715
0.406411
0.401885
0.396655
0.393571
0.396956
0.400323
0.403614
0.406843
0.410004
0.413008
0.415704
0.417862
0.419416
0.422485
0.42225
0.420502
0.417717
0.414345
0.410715
0.40692
0.402959
0.398677
0.393748
0.390819
0.393929
0.397131
0.400218
0.403148
0.405904
0.408419
0.410554
0.412101
0.413022
0.415108
0.415412
0.414364
0.412318
0.409566
0.406411
0.402959
0.399202
0.395033
0.390272
0.387516
0.390466
0.393605
0.396552
0.39924
0.401666
0.403784
0.405493
0.40665
0.4073
0.408938
0.40938
0.408634
0.407003
0.404685
0.401885
0.398677
0.395033
0.390841
0.386057
0.383401
0.386458
0.389625
0.392419
0.394821
0.396873
0.398566
0.399843
0.400622
0.400969
0.402177
0.402716
0.40222
0.400958
0.399065
0.396655
0.393748
0.390272
0.386057
0.381034
)
;
        value           nonuniform List<scalar> 
400
(
204.816
204.815
204.815
204.815
204.815
204.815
204.815
204.815
204.815
204.815
204.815
204.815
204.815
204.815
204.815
204.815
204.815
204.815
204.815
204.815
204.815
204.815
204.815
204.815
204.815
204.815
204.815
204.815
204.815
204.815
204.815
204.815
204.815
204.815
204.815
204.815
204.815
204.815
204.815
204.815
204.815
204.815
204.815
204.815
204.814
204.814
204.814
204.814
204.814
204.814
204.814
204.814
204.814
204.814
204.814
204.814
204.814
204.814
204.815
204.815
204.815
204.815
204.815
204.814
204.814
204.814
204.814
204.814
204.814
204.814
204.814
204.814
204.814
204.814
204.814
204.814
204.814
204.814
204.815
204.815
204.815
204.815
204.814
204.814
204.814
204.814
204.814
204.814
204.815
204.815
204.815
204.815
204.814
204.814
204.814
204.814
204.814
204.814
204.814
204.815
204.815
204.815
204.814
204.814
204.814
204.814
204.815
204.815
204.815
204.815
204.815
204.815
204.815
204.815
204.814
204.814
204.814
204.814
204.814
204.815
204.815
204.815
204.814
204.814
204.814
204.815
204.815
204.815
204.815
204.816
204.816
204.816
204.815
204.815
204.815
204.814
204.814
204.814
204.814
204.815
204.815
204.815
204.814
204.814
204.814
204.815
204.815
204.816
204.816
204.817
204.818
204.817
204.816
204.815
204.815
204.814
204.814
204.814
204.814
204.815
204.815
204.815
204.814
204.814
204.815
204.815
204.815
204.816
204.818
204.821
204.822
204.82
204.817
204.816
204.815
204.815
204.814
204.814
204.814
204.815
204.815
204.815
204.814
204.814
204.815
204.815
204.816
204.817
204.821
204.826
204.83
204.824
204.819
204.816
204.815
204.815
204.814
204.814
204.814
204.815
204.815
204.815
204.814
204.814
204.815
204.815
204.816
204.818
204.822
204.83
204.837
204.827
204.82
204.817
204.815
204.815
204.814
204.814
204.814
204.815
204.815
204.815
204.814
204.814
204.815
204.815
204.816
204.817
204.82
204.824
204.827
204.822
204.818
204.816
204.815
204.815
204.814
204.814
204.814
204.815
204.815
204.815
204.814
204.814
204.814
204.815
204.815
204.816
204.817
204.819
204.82
204.818
204.816
204.816
204.815
204.815
204.814
204.814
204.814
204.815
204.815
204.815
204.814
204.814
204.814
204.815
204.815
204.815
204.816
204.816
204.817
204.816
204.816
204.815
204.815
204.814
204.814
204.814
204.814
204.815
204.815
204.815
204.814
204.814
204.814
204.814
204.815
204.815
204.815
204.815
204.815
204.815
204.815
204.815
204.814
204.814
204.814
204.814
204.814
204.815
204.815
204.815
204.814
204.814
204.814
204.814
204.814
204.814
204.815
204.815
204.815
204.815
204.815
204.814
204.814
204.814
204.814
204.814
204.814
204.815
204.815
204.815
204.814
204.814
204.814
204.814
204.814
204.814
204.814
204.814
204.814
204.814
204.814
204.814
204.814
204.814
204.814
204.814
204.814
204.815
204.815
204.815
204.814
204.814
204.814
204.814
204.814
204.814
204.814
204.814
204.814
204.814
204.814
204.814
204.814
204.814
204.814
204.814
204.814
204.815
204.815
204.815
204.815
204.815
204.814
204.814
204.814
204.814
204.814
204.814
204.814
204.814
204.814
204.814
204.814
204.814
204.814
204.814
204.815
204.815
204.815
204.815
204.815
204.815
204.815
204.815
204.815
204.815
204.815
204.815
204.815
204.815
204.815
204.815
204.815
204.815
204.815
204.815
204.815
204.815
)
;
    }
    fixedWalls
    {
        type            fixedFluxPressure;
        gradient        uniform 0;
        value           nonuniform List<scalar> 
800
(
204.73
204.728
204.727
204.726
204.725
204.724
204.722
204.721
204.72
204.719
204.73
204.728
204.727
204.726
204.724
204.723
204.722
204.72
204.719
204.718
204.73
204.728
204.727
204.725
204.724
204.722
204.721
204.72
204.718
204.718
204.73
204.729
204.727
204.725
204.723
204.722
204.72
204.719
204.718
204.717
204.731
204.729
204.727
204.725
204.723
204.722
204.72
204.719
204.717
204.717
204.731
204.73
204.728
204.725
204.723
204.722
204.72
204.718
204.717
204.716
204.731
204.73
204.729
204.726
204.723
204.721
204.72
204.718
204.717
204.716
204.732
204.73
204.729
204.727
204.724
204.721
204.719
204.718
204.716
204.716
204.732
204.731
204.729
204.728
204.724
204.721
204.719
204.718
204.716
204.715
204.732
204.731
204.73
204.728
204.725
204.721
204.719
204.717
204.716
204.715
204.732
204.731
204.73
204.728
204.725
204.721
204.719
204.717
204.716
204.715
204.732
204.731
204.73
204.728
204.725
204.721
204.719
204.717
204.716
204.715
204.732
204.731
204.73
204.728
204.724
204.721
204.719
204.717
204.716
204.715
204.732
204.731
204.729
204.727
204.724
204.721
204.719
204.718
204.716
204.715
204.732
204.73
204.729
204.726
204.724
204.722
204.72
204.718
204.716
204.716
204.731
204.73
204.728
204.726
204.724
204.722
204.72
204.718
204.717
204.716
204.731
204.729
204.727
204.726
204.724
204.722
204.72
204.719
204.717
204.717
204.731
204.729
204.727
204.726
204.724
204.722
204.721
204.719
204.718
204.717
204.73
204.729
204.727
204.726
204.724
204.723
204.722
204.72
204.719
204.718
204.73
204.729
204.727
204.726
204.725
204.724
204.723
204.722
204.721
204.72
204.73
204.729
204.727
204.726
204.725
204.724
204.723
204.722
204.721
204.72
204.73
204.729
204.727
204.726
204.725
204.724
204.722
204.721
204.72
204.719
204.73
204.729
204.727
204.726
204.725
204.723
204.722
204.72
204.719
204.718
204.73
204.729
204.727
204.726
204.724
204.723
204.721
204.719
204.718
204.717
204.731
204.729
204.727
204.726
204.724
204.722
204.721
204.719
204.717
204.716
204.731
204.729
204.728
204.726
204.724
204.722
204.72
204.719
204.717
204.716
204.731
204.73
204.728
204.726
204.724
204.722
204.72
204.718
204.717
204.715
204.731
204.73
204.729
204.727
204.724
204.722
204.72
204.718
204.716
204.715
204.731
204.73
204.729
204.727
204.725
204.722
204.72
204.718
204.716
204.715
204.731
204.73
204.729
204.727
204.725
204.722
204.72
204.718
204.716
204.715
204.732
204.73
204.729
204.727
204.725
204.722
204.72
204.718
204.716
204.715
204.732
204.731
204.729
204.727
204.725
204.722
204.72
204.718
204.716
204.714
204.731
204.731
204.729
204.727
204.725
204.722
204.72
204.718
204.716
204.715
204.731
204.73
204.729
204.727
204.724
204.722
204.72
204.718
204.716
204.715
204.731
204.73
204.728
204.726
204.724
204.723
204.72
204.718
204.717
204.715
204.731
204.73
204.728
204.726
204.724
204.723
204.721
204.719
204.717
204.716
204.731
204.729
204.728
204.726
204.725
204.723
204.721
204.719
204.718
204.716
204.731
204.729
204.728
204.726
204.725
204.723
204.722
204.72
204.719
204.717
204.731
204.729
204.728
204.727
204.725
204.724
204.723
204.721
204.72
204.718
204.731
204.729
204.728
204.727
204.726
204.725
204.724
204.723
204.721
204.72
204.73
204.728
204.727
204.726
204.725
204.724
204.722
204.721
204.72
204.719
204.73
204.728
204.727
204.726
204.724
204.723
204.722
204.72
204.719
204.718
204.73
204.728
204.727
204.725
204.724
204.722
204.721
204.72
204.718
204.718
204.73
204.729
204.727
204.725
204.723
204.722
204.72
204.719
204.718
204.717
204.731
204.729
204.727
204.725
204.723
204.722
204.72
204.719
204.717
204.717
204.731
204.73
204.728
204.725
204.723
204.722
204.72
204.718
204.717
204.716
204.731
204.73
204.729
204.726
204.723
204.721
204.72
204.718
204.717
204.716
204.732
204.73
204.729
204.727
204.724
204.721
204.719
204.718
204.716
204.716
204.732
204.731
204.729
204.728
204.724
204.721
204.719
204.718
204.716
204.715
204.732
204.731
204.73
204.728
204.725
204.721
204.719
204.717
204.716
204.715
204.732
204.731
204.73
204.728
204.725
204.721
204.719
204.717
204.716
204.715
204.732
204.731
204.73
204.728
204.725
204.721
204.719
204.717
204.716
204.715
204.732
204.731
204.73
204.728
204.724
204.721
204.719
204.717
204.716
204.715
204.732
204.731
204.729
204.727
204.724
204.721
204.719
204.718
204.716
204.715
204.732
204.73
204.729
204.726
204.724
204.722
204.72
204.718
204.716
204.716
204.731
204.73
204.728
204.726
204.724
204.722
204.72
204.718
204.717
204.716
204.731
204.729
204.727
204.726
204.724
204.722
204.72
204.719
204.717
204.717
204.731
204.729
204.727
204.726
204.724
204.722
204.721
204.719
204.718
204.717
204.73
204.729
204.727
204.726
204.724
204.723
204.722
204.72
204.719
204.718
204.73
204.729
204.727
204.726
204.725
204.724
204.723
204.722
204.721
204.72
204.73
204.729
204.727
204.726
204.725
204.724
204.723
204.722
204.721
204.72
204.73
204.729
204.727
204.726
204.725
204.724
204.722
204.721
204.72
204.719
204.73
204.729
204.727
204.726
204.725
204.723
204.722
204.72
204.719
204.718
204.73
204.729
204.727
204.726
204.724
204.723
204.721
204.719
204.718
204.717
204.731
204.729
204.727
204.726
204.724
204.722
204.721
204.719
204.717
204.716
204.731
204.729
204.728
204.726
204.724
204.722
204.72
204.719
204.717
204.716
204.731
204.73
204.728
204.726
204.724
204.722
204.72
204.718
204.717
204.715
204.731
204.73
204.729
204.727
204.724
204.722
204.72
204.718
204.716
204.715
204.731
204.73
204.729
204.727
204.725
204.722
204.72
204.718
204.716
204.715
204.731
204.73
204.729
204.727
204.725
204.722
204.72
204.718
204.716
204.715
204.732
204.73
204.729
204.727
204.725
204.722
204.72
204.718
204.716
204.715
204.732
204.731
204.729
204.727
204.725
204.722
204.72
204.718
204.716
204.714
204.731
204.731
204.729
204.727
204.725
204.722
204.72
204.718
204.716
204.715
204.731
204.73
204.729
204.727
204.724
204.722
204.72
204.718
204.716
204.715
204.731
204.73
204.728
204.726
204.724
204.723
204.72
204.718
204.717
204.715
204.731
204.73
204.728
204.726
204.724
204.723
204.721
204.719
204.717
204.716
204.731
204.729
204.728
204.726
204.725
204.723
204.721
204.719
204.718
204.716
204.731
204.729
204.728
204.726
204.725
204.723
204.722
204.72
204.719
204.717
204.731
204.729
204.728
204.727
204.725
204.724
204.723
204.721
204.72
204.718
204.731
204.729
204.728
204.727
204.726
204.725
204.724
204.723
204.721
204.72
)
;
    }
}


// ************************************************************************* //
