/*--------------------------------*- C++ -*----------------------------------*\
  =========                 |
  \\      /  F ield         | OpenFOAM: The Open Source CFD Toolbox
   \\    /   O peration     | Website:  https://openfoam.org
    \\  /    A nd           | Version:  9
     \\/     M anipulation  |
\*---------------------------------------------------------------------------*/
FoamFile
{
    format      ascii;
    class       labelList;
    note        "nPoints: 4050 nCells: 1935 nFaces: 7829 nInternalFaces: 3781";
    location    "constant/polyMesh";
    object      neighbour;
}
// * * * * * * * * * * * * * * * * * * * * * * * * * * * * * * * * * * * * * //


3781
(
1
44
2
45
3
46
4
47
5
48
6
49
7
50
8
51
9
52
10
53
11
54
12
55
13
56
14
57
15
58
16
59
17
60
18
61
19
62
20
63
21
64
22
65
23
66
24
67
25
68
26
69
27
70
28
71
29
72
30
73
31
74
32
75
33
76
34
77
35
78
36
79
37
80
38
81
39
82
40
83
41
84
42
85
43
86
87
45
88
46
89
47
90
48
91
49
92
50
93
51
94
52
95
53
96
54
97
55
98
56
99
57
100
58
101
59
102
60
103
61
104
62
105
63
106
64
107
65
108
66
109
67
110
68
111
69
112
70
113
71
114
72
115
73
116
74
117
75
118
76
119
77
120
78
121
79
122
80
123
81
124
82
125
83
126
84
127
85
128
86
129
87
130
131
89
132
90
133
91
134
92
135
93
136
94
137
95
138
96
139
97
140
98
141
99
142
100
143
101
144
102
145
103
146
104
147
105
148
106
149
107
150
108
151
109
152
110
153
111
154
112
155
113
156
114
157
115
158
116
159
117
160
118
161
119
162
120
163
121
164
122
165
123
166
124
167
125
168
126
169
127
170
128
171
129
172
130
173
131
174
175
133
176
134
177
135
178
136
179
137
180
138
181
139
182
140
183
141
184
142
185
143
186
144
187
145
188
146
189
147
190
148
191
149
192
150
193
151
194
152
195
153
196
154
197
155
198
156
199
157
200
158
201
159
202
160
203
161
204
162
205
163
206
164
207
165
208
166
209
167
210
168
211
169
212
170
213
171
214
172
215
173
216
174
217
175
218
219
177
220
178
221
179
222
180
223
181
224
182
225
183
226
184
227
185
228
186
229
187
230
188
231
189
232
190
233
191
234
192
235
193
236
194
237
195
238
196
239
197
240
198
241
199
242
200
243
201
244
202
245
203
246
204
247
205
248
206
249
207
250
208
251
209
252
210
253
211
254
212
255
213
256
214
257
215
258
216
259
217
260
218
261
219
262
263
221
264
222
265
223
266
224
267
225
268
226
269
227
270
228
271
229
272
230
273
231
274
232
275
233
276
234
277
235
278
236
279
237
280
238
281
239
282
240
283
241
284
242
285
243
286
244
287
245
288
246
289
247
290
248
291
249
292
250
293
251
294
252
295
253
296
254
297
255
298
256
299
257
300
258
301
259
302
260
303
261
304
262
305
263
306
307
265
308
266
309
267
310
268
311
269
312
270
313
271
314
272
315
273
316
274
317
275
318
276
319
277
320
278
321
279
322
280
323
281
324
282
325
283
326
284
327
285
328
286
329
287
330
288
331
289
332
290
333
291
334
292
335
293
336
294
337
295
338
296
339
297
340
298
341
299
342
300
343
301
344
302
345
303
346
304
347
305
348
306
349
307
350
351
309
352
310
353
311
354
312
355
313
356
314
357
315
358
316
359
317
360
318
361
319
362
320
363
321
364
322
365
323
366
324
367
325
368
326
369
327
370
328
371
329
372
330
373
331
374
332
375
333
376
334
377
335
378
336
379
337
380
338
381
339
382
340
383
341
384
342
385
343
386
344
387
345
388
346
389
347
390
348
391
349
392
350
393
351
394
395
353
396
354
397
355
398
356
399
357
400
358
401
359
402
360
403
361
404
362
405
363
406
364
407
365
408
366
409
367
410
368
411
369
412
370
413
371
414
372
415
373
416
374
417
375
418
376
419
377
420
378
421
379
422
380
423
381
424
382
425
383
426
384
427
385
428
386
429
387
430
388
431
389
432
390
433
391
434
392
435
393
436
394
437
395
438
439
397
440
398
441
399
442
400
443
401
444
402
445
403
446
404
447
405
448
406
449
407
450
408
451
409
452
410
453
411
454
412
455
413
456
414
457
415
458
416
459
417
460
418
461
419
462
420
463
421
464
422
465
423
466
424
467
425
468
426
469
427
470
428
471
429
472
430
473
431
474
432
475
433
476
434
477
435
478
436
479
437
480
438
481
439
482
483
441
484
442
485
443
486
444
487
445
488
446
489
447
490
448
491
449
492
450
493
451
494
452
495
453
496
454
497
455
498
456
499
457
500
458
501
459
502
460
503
461
504
462
505
463
506
464
507
465
508
466
509
467
510
468
511
469
512
470
513
471
514
472
515
473
516
474
517
475
518
476
519
477
520
478
521
479
522
480
523
481
524
482
525
483
526
527
485
528
486
529
487
530
488
531
489
532
490
533
491
534
492
535
493
536
494
537
495
538
496
539
497
540
498
541
499
542
500
543
501
544
502
545
503
546
504
547
505
548
506
549
507
550
508
551
509
552
510
553
511
554
512
555
513
556
514
557
515
558
516
559
517
560
518
561
519
562
520
563
521
564
522
565
523
566
524
567
525
568
526
569
527
570
571
529
572
530
573
531
574
532
575
533
576
534
577
535
578
536
579
537
580
538
581
539
582
540
583
541
584
542
585
543
586
544
587
545
588
546
589
547
590
548
591
549
592
550
593
551
594
552
595
553
596
554
597
555
598
556
599
557
600
558
601
559
602
560
603
561
604
562
605
563
606
564
607
565
608
566
609
567
610
568
611
569
612
570
613
571
614
615
573
616
574
617
575
618
576
619
577
620
578
621
579
622
580
623
581
624
582
625
583
626
584
627
585
628
586
629
587
630
588
631
589
632
590
633
591
634
592
635
593
636
594
637
595
638
596
639
597
640
598
641
599
642
600
643
601
644
602
645
603
646
604
647
605
648
606
649
607
650
608
651
609
652
610
653
611
654
612
655
613
656
614
657
615
658
659
617
660
618
661
619
662
620
663
621
664
622
665
623
666
624
667
625
668
626
669
627
670
628
671
629
672
630
673
631
674
632
675
633
676
634
677
635
678
636
679
637
680
638
681
639
682
640
683
641
684
642
685
643
686
644
687
645
688
646
689
647
690
648
691
649
692
650
693
651
694
652
695
653
696
654
697
655
698
656
699
657
700
658
701
659
702
703
661
704
662
705
663
706
664
707
665
708
666
709
667
710
668
711
669
712
670
713
671
714
672
715
673
716
674
717
675
718
676
719
677
720
678
721
679
722
680
723
681
724
682
725
683
726
684
727
685
728
686
729
687
730
688
731
689
732
690
733
691
734
692
735
693
736
694
737
695
738
696
739
697
740
698
741
699
742
700
743
701
744
702
745
703
746
747
705
748
706
749
707
750
708
751
709
752
710
753
711
754
712
755
713
756
714
757
715
758
716
759
717
760
718
761
719
762
720
763
721
764
722
765
723
766
724
767
725
768
726
769
727
770
728
771
729
772
730
773
731
774
732
775
733
776
734
777
735
778
736
779
737
780
738
781
739
782
740
783
741
784
742
785
743
786
744
787
745
788
746
789
747
790
791
749
792
750
793
751
794
752
795
753
796
754
797
755
798
756
799
757
800
758
801
759
802
760
803
761
804
762
805
763
806
764
807
765
808
766
809
767
810
768
811
769
812
770
813
771
814
772
815
773
816
774
817
775
818
776
819
777
820
778
821
779
822
780
823
781
824
782
825
783
826
784
827
785
828
786
829
787
830
788
831
789
832
790
833
791
834
835
793
836
794
837
795
838
796
839
797
840
798
841
799
842
800
843
801
844
802
845
803
846
804
847
805
848
806
849
807
850
808
851
809
852
810
853
811
854
812
855
813
856
814
857
815
858
816
859
817
860
818
861
819
862
820
863
821
864
822
865
823
866
824
867
825
868
826
869
827
870
828
871
829
872
830
873
831
874
832
875
833
876
834
877
835
878
879
837
880
838
881
839
882
840
883
841
884
842
885
843
886
844
887
845
888
846
889
847
890
848
891
849
892
850
893
851
894
852
895
853
896
854
897
855
898
856
899
857
900
858
901
859
902
860
903
861
904
862
905
863
906
864
907
865
908
866
909
867
910
868
911
869
912
870
913
871
914
872
915
873
916
874
917
875
918
876
919
877
920
878
921
879
922
923
881
925
882
926
883
927
884
928
885
929
886
930
887
931
888
932
889
933
890
934
891
935
892
936
893
937
894
938
895
939
896
940
897
941
898
942
899
943
900
944
901
945
902
946
903
947
904
948
905
949
906
950
907
951
908
952
909
953
910
954
911
955
912
956
913
957
914
958
915
959
916
960
917
961
918
962
919
963
920
964
921
965
922
966
923
967
924
968
969
926
970
927
971
928
972
929
973
930
974
931
975
932
976
933
977
934
978
935
979
936
980
937
981
938
982
939
983
940
984
941
985
942
986
943
987
944
988
945
989
946
990
947
991
948
992
949
993
950
994
951
995
952
996
953
997
954
998
955
999
956
1000
957
1001
958
1002
959
1003
960
1004
961
1005
962
1006
963
1007
964
1008
965
1009
966
1010
967
1011
968
1012
969
1013
1014
971
1015
972
1016
973
1017
974
1018
975
1019
976
1020
977
1021
978
1022
979
1023
980
1024
981
1025
982
1026
983
1027
984
1028
985
1029
986
1030
987
1031
988
1032
989
1033
990
1034
991
1035
992
1036
993
1037
994
1038
995
1039
996
1040
997
1041
998
1042
999
1043
1000
1044
1001
1045
1002
1046
1003
1047
1004
1048
1005
1049
1006
1050
1007
1051
1008
1052
1009
1053
1010
1054
1011
1055
1012
1056
1013
1057
1014
1058
1059
1016
1060
1017
1061
1018
1062
1019
1063
1020
1064
1021
1065
1022
1066
1023
1067
1024
1068
1025
1069
1026
1070
1027
1071
1028
1072
1029
1073
1030
1074
1031
1075
1032
1076
1033
1077
1034
1078
1035
1079
1036
1080
1037
1081
1038
1082
1039
1083
1040
1084
1041
1085
1042
1086
1043
1087
1044
1088
1045
1089
1046
1090
1047
1091
1048
1092
1049
1093
1050
1094
1051
1095
1052
1096
1053
1097
1054
1098
1055
1099
1056
1100
1057
1101
1058
1102
1059
1103
1104
1061
1105
1062
1106
1063
1107
1064
1108
1065
1109
1066
1110
1067
1111
1068
1112
1069
1113
1070
1114
1071
1115
1072
1116
1073
1117
1074
1118
1075
1119
1076
1120
1077
1121
1078
1122
1079
1123
1080
1124
1081
1125
1082
1126
1083
1127
1084
1128
1085
1129
1086
1130
1087
1131
1088
1132
1089
1133
1090
1134
1091
1135
1092
1136
1093
1137
1094
1138
1095
1139
1096
1140
1097
1141
1098
1142
1099
1143
1100
1144
1101
1145
1102
1146
1103
1147
1104
1148
1149
1106
1150
1107
1151
1108
1152
1109
1153
1110
1154
1111
1155
1112
1156
1113
1157
1114
1158
1115
1159
1116
1160
1117
1161
1118
1162
1119
1163
1120
1164
1121
1165
1122
1166
1123
1167
1124
1168
1125
1169
1126
1170
1127
1171
1128
1172
1129
1173
1130
1174
1131
1175
1132
1176
1133
1177
1134
1178
1135
1179
1136
1180
1137
1181
1138
1182
1139
1183
1140
1184
1141
1185
1142
1186
1143
1187
1144
1188
1145
1189
1146
1190
1147
1191
1148
1192
1149
1193
1194
1151
1195
1152
1196
1153
1197
1154
1198
1155
1199
1156
1200
1157
1201
1158
1202
1159
1203
1160
1204
1161
1205
1162
1206
1163
1207
1164
1208
1165
1209
1166
1210
1167
1211
1168
1212
1169
1213
1170
1214
1171
1215
1172
1216
1173
1217
1174
1218
1175
1219
1176
1220
1177
1221
1178
1222
1179
1223
1180
1224
1181
1225
1182
1226
1183
1227
1184
1228
1185
1229
1186
1230
1187
1231
1188
1232
1189
1233
1190
1234
1191
1235
1192
1236
1193
1237
1194
1238
1239
1196
1240
1197
1241
1198
1242
1199
1243
1200
1244
1201
1245
1202
1246
1203
1247
1204
1248
1205
1249
1206
1250
1207
1251
1208
1252
1209
1253
1210
1254
1211
1255
1212
1256
1213
1257
1214
1258
1215
1259
1216
1260
1217
1261
1218
1262
1219
1263
1220
1264
1221
1265
1222
1266
1223
1267
1224
1268
1225
1269
1226
1270
1227
1271
1228
1272
1229
1273
1230
1274
1231
1275
1232
1276
1233
1277
1234
1278
1235
1279
1236
1280
1237
1281
1238
1282
1239
1283
1284
1241
1285
1242
1286
1243
1287
1244
1288
1245
1289
1246
1290
1247
1291
1248
1292
1249
1293
1250
1294
1251
1295
1252
1296
1253
1297
1254
1298
1255
1299
1256
1300
1257
1301
1258
1302
1259
1303
1260
1304
1261
1305
1262
1306
1263
1307
1264
1308
1265
1309
1266
1310
1267
1311
1268
1312
1269
1313
1270
1314
1271
1315
1272
1316
1273
1317
1274
1318
1275
1319
1276
1320
1277
1321
1278
1322
1279
1323
1280
1324
1281
1325
1282
1326
1283
1327
1284
1328
1329
1286
1330
1287
1331
1288
1332
1289
1333
1290
1334
1291
1335
1292
1336
1293
1337
1294
1338
1295
1339
1296
1340
1297
1341
1298
1342
1299
1343
1300
1344
1301
1345
1302
1346
1303
1347
1304
1348
1305
1349
1306
1350
1307
1351
1308
1352
1309
1353
1310
1354
1311
1355
1312
1356
1313
1357
1314
1358
1315
1359
1316
1360
1317
1361
1318
1362
1319
1363
1320
1364
1321
1365
1322
1366
1323
1367
1324
1368
1325
1369
1326
1370
1327
1371
1328
1372
1329
1373
1374
1331
1375
1332
1376
1333
1377
1334
1378
1335
1379
1336
1380
1337
1381
1338
1382
1339
1383
1340
1384
1341
1385
1342
1386
1343
1387
1344
1388
1345
1389
1346
1390
1347
1391
1348
1392
1349
1393
1350
1394
1351
1395
1352
1396
1353
1397
1354
1398
1355
1399
1356
1400
1357
1401
1358
1402
1359
1403
1360
1404
1361
1405
1362
1406
1363
1407
1364
1408
1365
1409
1366
1410
1367
1411
1368
1412
1369
1413
1370
1414
1371
1415
1372
1416
1373
1417
1374
1418
1419
1376
1420
1377
1421
1378
1422
1379
1423
1380
1424
1381
1425
1382
1426
1383
1427
1384
1428
1385
1429
1386
1430
1387
1431
1388
1432
1389
1433
1390
1434
1391
1435
1392
1436
1393
1437
1394
1438
1395
1439
1396
1440
1397
1441
1398
1442
1399
1443
1400
1444
1401
1445
1402
1446
1403
1447
1404
1448
1405
1449
1406
1450
1407
1451
1408
1452
1409
1453
1410
1454
1411
1455
1412
1456
1413
1457
1414
1458
1415
1459
1416
1460
1417
1461
1418
1462
1419
1463
1464
1421
1465
1422
1466
1423
1467
1424
1468
1425
1469
1426
1470
1427
1471
1428
1472
1429
1473
1430
1474
1431
1475
1432
1476
1433
1477
1434
1478
1435
1479
1436
1480
1437
1481
1438
1482
1439
1483
1440
1484
1441
1485
1442
1486
1443
1487
1444
1488
1445
1489
1446
1490
1447
1491
1448
1492
1449
1493
1450
1494
1451
1495
1452
1496
1453
1497
1454
1498
1455
1499
1456
1500
1457
1501
1458
1502
1459
1503
1460
1504
1461
1505
1462
1506
1463
1507
1464
1508
1509
1466
1510
1467
1511
1468
1512
1469
1513
1470
1514
1471
1515
1472
1516
1473
1517
1474
1518
1475
1519
1476
1520
1477
1521
1478
1522
1479
1523
1480
1524
1481
1525
1482
1526
1483
1527
1484
1528
1485
1529
1486
1530
1487
1531
1488
1532
1489
1533
1490
1534
1491
1535
1492
1536
1493
1537
1494
1538
1495
1539
1496
1540
1497
1541
1498
1542
1499
1543
1500
1544
1501
1545
1502
1546
1503
1547
1504
1548
1505
1549
1506
1550
1507
1551
1508
1552
1509
1553
1554
1511
1555
1512
1556
1513
1557
1514
1558
1515
1559
1516
1560
1517
1561
1518
1562
1519
1563
1520
1564
1521
1565
1522
1566
1523
1567
1524
1568
1525
1569
1526
1570
1527
1571
1528
1572
1529
1573
1530
1574
1531
1575
1532
1576
1533
1577
1534
1578
1535
1579
1536
1580
1537
1581
1538
1582
1539
1583
1540
1584
1541
1585
1542
1586
1543
1587
1544
1588
1545
1589
1546
1590
1547
1591
1548
1592
1549
1593
1550
1594
1551
1595
1552
1596
1553
1597
1554
1598
1599
1556
1600
1557
1601
1558
1602
1559
1603
1560
1604
1561
1605
1562
1606
1563
1607
1564
1608
1565
1609
1566
1610
1567
1611
1568
1612
1569
1613
1570
1614
1571
1615
1572
1616
1573
1617
1574
1618
1575
1619
1576
1620
1577
1621
1578
1622
1579
1623
1580
1624
1581
1625
1582
1626
1583
1627
1584
1628
1585
1629
1586
1630
1587
1631
1588
1632
1589
1633
1590
1634
1591
1635
1592
1636
1593
1637
1594
1638
1595
1639
1596
1640
1597
1641
1598
1642
1599
1643
1644
1601
1645
1602
1646
1603
1647
1604
1648
1605
1649
1606
1650
1607
1651
1608
1652
1609
1653
1610
1654
1611
1655
1612
1656
1613
1657
1614
1658
1615
1659
1616
1660
1617
1661
1618
1662
1619
1663
1620
1664
1621
1665
1622
1666
1623
1667
1624
1668
1625
1669
1626
1670
1627
1671
1628
1672
1629
1673
1630
1674
1631
1675
1632
1676
1633
1677
1634
1678
1635
1679
1636
1680
1637
1681
1638
1682
1639
1683
1640
1684
1641
1685
1642
1686
1643
1687
1644
1688
1689
1646
1690
1647
1691
1648
1692
1649
1693
1650
1694
1651
1695
1652
1696
1653
1697
1654
1698
1655
1699
1656
1700
1657
1701
1658
1702
1659
1703
1660
1704
1661
1705
1662
1706
1663
1707
1664
1708
1665
1709
1666
1710
1667
1711
1668
1712
1669
1713
1670
1714
1671
1715
1672
1716
1673
1717
1674
1718
1675
1719
1676
1720
1677
1721
1678
1722
1679
1723
1680
1724
1681
1725
1682
1726
1683
1727
1684
1728
1685
1729
1686
1730
1687
1731
1688
1732
1689
1733
1734
1691
1735
1692
1736
1693
1737
1694
1738
1695
1739
1696
1740
1697
1741
1698
1742
1699
1743
1700
1744
1701
1745
1702
1746
1703
1747
1704
1748
1705
1749
1706
1750
1707
1751
1708
1752
1709
1753
1710
1754
1711
1755
1712
1756
1713
1757
1714
1758
1715
1759
1716
1760
1717
1761
1718
1762
1719
1763
1720
1764
1721
1765
1722
1766
1723
1767
1724
1768
1725
1769
1726
1770
1727
1771
1728
1772
1729
1773
1730
1774
1731
1775
1732
1776
1733
1777
1734
1778
1779
1736
1780
1737
1781
1738
1782
1739
1783
1740
1784
1741
1785
1742
1786
1743
1787
1744
1788
1745
1789
1746
1790
1747
1791
1748
1792
1749
1793
1750
1794
1751
1795
1752
1796
1753
1797
1754
1798
1755
1799
1756
1800
1757
1801
1758
1802
1759
1803
1760
1804
1761
1805
1762
1806
1763
1807
1764
1808
1765
1809
1766
1810
1767
1811
1768
1812
1769
1813
1770
1814
1771
1815
1772
1816
1773
1817
1774
1818
1775
1819
1776
1820
1777
1821
1778
1822
1779
1823
1824
1781
1825
1782
1826
1783
1827
1784
1828
1785
1829
1786
1830
1787
1831
1788
1832
1789
1833
1790
1834
1791
1835
1792
1836
1793
1837
1794
1838
1795
1839
1796
1840
1797
1841
1798
1842
1799
1843
1800
1844
1801
1845
1802
1846
1803
1847
1804
1848
1805
1849
1806
1850
1807
1851
1808
1852
1809
1853
1810
1854
1811
1855
1812
1856
1813
1857
1814
1858
1815
1859
1816
1860
1817
1861
1818
1862
1819
1863
1820
1864
1821
1865
1822
1866
1823
1867
1824
1868
1869
1826
1870
1827
1871
1828
1872
1829
1873
1830
1874
1831
1875
1832
1876
1833
1877
1834
1878
1835
1879
1836
1880
1837
1881
1838
1882
1839
1883
1840
1884
1841
1885
1842
1886
1843
1887
1844
1888
1845
1889
1846
1890
1847
1891
1848
1892
1849
1893
1850
1894
1851
1895
1852
1896
1853
1897
1854
1898
1855
1899
1856
1900
1857
1901
1858
1902
1859
1903
1860
1904
1861
1905
1862
1906
1863
1907
1864
1908
1865
1909
1866
1910
1867
1911
1868
1912
1869
1913
1914
1871
1915
1872
1916
1873
1917
1874
1918
1875
1919
1876
1920
1877
1921
1878
1922
1879
1923
1880
1924
1881
1925
1882
1926
1883
1927
1884
1928
1885
1929
1886
1930
1887
1931
1888
1932
1889
1933
1890
1934
1891
1892
1893
1894
1895
1896
1897
1898
1899
1900
1901
1902
1903
1904
1905
1906
1907
1908
1909
1910
1911
1912
1913
1914
1916
1917
1918
1919
1920
1921
1922
1923
1924
1925
1926
1927
1928
1929
1930
1931
1932
1933
1934
)


// ************************************************************************* //
