/*--------------------------------*- C++ -*----------------------------------*\
  =========                 |
  \\      /  F ield         | OpenFOAM: The Open Source CFD Toolbox
   \\    /   O peration     | Website:  https://openfoam.org
    \\  /    A nd           | Version:  9
     \\/     M anipulation  |
\*---------------------------------------------------------------------------*/
FoamFile
{
    format      ascii;
    class       surfaceScalarField;
    location    "0.3";
    object      phi;
}
// * * * * * * * * * * * * * * * * * * * * * * * * * * * * * * * * * * * * * //

dimensions      [0 3 -1 0 0 0 0];

internalField   nonuniform List<scalar> 
3781
(
-3.11391e-06
3.11391e-06
-3.11159e-06
-2.32093e-09
-1.23392e-06
-1.87767e-06
1.35739e-06
-2.59131e-06
4.16196e-06
-2.80457e-06
6.90655e-06
-2.74459e-06
9.48493e-06
-2.57837e-06
1.18786e-05
-2.39363e-06
1.41055e-05
-2.22697e-06
1.61975e-05
-2.09195e-06
1.81889e-05
-1.99141e-06
2.01117e-05
-1.92279e-06
2.19931e-05
-1.88139e-06
2.38551e-05
-1.86202e-06
2.57149e-05
-1.85978e-06
2.75851e-05
-1.87023e-06
2.94745e-05
-1.88937e-06
3.13881e-05
-1.9136e-06
3.33276e-05
-1.93958e-06
3.52917e-05
-1.96409e-06
3.72757e-05
-1.98399e-06
3.92717e-05
-1.99601e-06
4.12684e-05
-1.99669e-06
4.32507e-05
-1.98223e-06
4.5199e-05
-1.94838e-06
4.70893e-05
-1.89027e-06
4.88915e-05
-1.80221e-06
5.05689e-05
-1.67736e-06
5.2076e-05
-1.5071e-06
5.33558e-05
-1.27987e-06
5.43322e-05
-9.7638e-07
5.48987e-05
-5.66461e-07
5.48959e-05
2.73323e-09
5.40057e-05
8.90235e-07
5.20393e-05
1.96636e-06
4.87587e-05
3.28066e-06
4.39344e-05
4.82428e-06
3.74092e-05
6.52524e-06
2.91908e-05
8.21839e-06
1.95757e-05
9.61507e-06
9.21959e-06
1.03561e-05
-1.02641e-06
1.0246e-05
-1.04384e-05
9.41201e-06
6.09805e-06
-8.865e-07
4.0004e-06
8.9218e-08
-9.78042e-07
1.94738e-06
-3.73583e-06
4.2889e-06
-4.93283e-06
6.76508e-06
-5.28075e-06
9.2201e-06
-5.19961e-06
1.1583e-05
-4.94131e-06
1.38325e-05
-4.6431e-06
1.59758e-05
-4.37022e-06
1.80327e-05
-4.14888e-06
2.00267e-05
-3.98541e-06
2.19802e-05
-3.87634e-06
2.39129e-05
-3.81403e-06
2.58405e-05
-3.78963e-06
2.77752e-05
-3.79446e-06
2.97255e-05
-3.82052e-06
3.16967e-05
-3.86056e-06
3.3691e-05
-3.90797e-06
3.57081e-05
-3.95661e-06
3.77446e-05
-4.00061e-06
3.97947e-05
-4.03408e-06
4.18496e-05
-4.05094e-06
4.38976e-05
-4.04465e-06
4.59233e-05
-4.00801e-06
4.79078e-05
-3.93289e-06
4.98276e-05
-3.80997e-06
5.16537e-05
-3.62839e-06
5.33516e-05
-3.37521e-06
5.48791e-05
-3.03458e-06
5.61856e-05
-2.58643e-06
5.72132e-05
-2.00393e-06
5.78998e-05
-1.25313e-06
5.81919e-05
-2.89323e-07
5.80995e-05
9.82595e-07
5.74513e-05
2.61454e-06
5.6055e-05
4.67705e-06
5.36564e-05
7.22281e-06
4.99314e-05
1.02503e-05
4.45184e-05
1.36314e-05
3.7126e-05
1.70075e-05
2.77645e-05
1.97177e-05
1.70843e-05
2.09262e-05
6.7005e-06
1.97958e-05
1.43186e-05
6.63242e-07
3.33716e-06
2.04621e-06
-2.36101e-06
3.97946e-06
-5.66909e-06
6.17344e-06
-7.12681e-06
8.44331e-06
-7.55062e-06
1.06952e-05
-7.45147e-06
1.28876e-05
-7.13378e-06
1.50097e-05
-6.76516e-06
1.70673e-05
-6.42785e-06
1.90743e-05
-6.15587e-06
2.10467e-05
-5.95778e-06
2.29998e-05
-5.82942e-06
2.49468e-05
-5.76109e-06
2.68985e-05
-5.74131e-06
2.88627e-05
-5.75862e-06
3.08445e-05
-5.80237e-06
3.28467e-05
-5.8628e-06
3.48698e-05
-5.931e-06
3.69117e-05
-5.99858e-06
3.89686e-05
-6.05743e-06
4.10338e-05
-6.09934e-06
4.30986e-05
-6.11574e-06
4.51512e-05
-6.0973e-06
4.71769e-05
-6.03367e-06
4.91572e-05
-5.91317e-06
5.10696e-05
-5.72237e-06
5.28869e-05
-5.44569e-06
5.45765e-05
-5.06478e-06
5.60995e-05
-4.5576e-06
5.74103e-05
-3.89726e-06
5.84567e-05
-3.05028e-06
5.91784e-05
-1.9749e-06
5.95099e-05
-6.20773e-07
5.94061e-05
1.08641e-06
5.87934e-05
3.22725e-06
5.75868e-05
5.88366e-06
5.56835e-05
9.12607e-06
5.2952e-05
1.29817e-05
4.92112e-05
1.73722e-05
4.42122e-05
2.20065e-05
3.76904e-05
2.62395e-05
2.96275e-05
2.89891e-05
2.06901e-05
2.87331e-05
2.31453e-05
1.3765e-06
1.96066e-06
3.21197e-06
-4.19648e-06
5.30578e-06
-7.76289e-06
7.48289e-06
-9.30392e-06
9.64953e-06
-9.71727e-06
1.17726e-05
-9.57453e-06
1.38453e-05
-9.2065e-06
1.58722e-05
-8.79209e-06
1.78631e-05
-8.41871e-06
1.98294e-05
-8.12218e-06
2.17825e-05
-7.91082e-06
2.37323e-05
-7.77927e-06
2.56873e-05
-7.7161e-06
2.76539e-05
-7.70791e-06
2.96366e-05
-7.74131e-06
3.1638e-05
-7.80376e-06
3.36589e-05
-7.88371e-06
3.56984e-05
-7.97049e-06
3.77538e-05
-8.05396e-06
3.98205e-05
-8.12414e-06
4.1892e-05
-8.17085e-06
4.39595e-05
-8.18324e-06
4.60116e-05
-8.14944e-06
4.80342e-05
-8.05621e-06
5.00095e-05
-7.8885e-06
5.19162e-05
-7.62907e-06
5.37285e-05
-7.25802e-06
5.54159e-05
-6.7521e-06
5.69421e-05
-6.08388e-06
5.82655e-05
-5.22059e-06
5.93379e-05
-4.12273e-06
6.01056e-05
-2.74263e-06
6.05093e-05
-1.02444e-06
6.04922e-05
1.1035e-06
5.99967e-05
3.72279e-06
5.89651e-05
6.91527e-06
5.73414e-05
1.07497e-05
5.50682e-05
1.52549e-05
5.20704e-05
2.03699e-05
4.8219e-05
2.58579e-05
4.32884e-05
3.11701e-05
3.70029e-05
3.52746e-05
2.92618e-05
3.64742e-05
3.2231e-05
1.6261e-06
3.3456e-07
3.84435e-06
-6.41473e-06
6.12917e-06
-1.00477e-05
8.34447e-06
-1.15192e-05
1.04681e-05
-1.18409e-05
1.25171e-05
-1.16235e-05
1.45144e-05
-1.12039e-05
1.64795e-05
-1.07571e-05
1.84268e-05
-1.0366e-05
2.03675e-05
-1.00629e-05
2.231e-05
-9.85329e-06
2.42606e-05
-9.72991e-06
2.62241e-05
-9.67964e-06
2.82039e-05
-9.68765e-06
3.02018e-05
-9.73925e-06
3.22186e-05
-9.82061e-06
3.42539e-05
-9.91898e-06
3.63058e-05
-1.00224e-05
3.83712e-05
-1.01193e-05
4.04453e-05
-1.01983e-05
4.25217e-05
-1.02473e-05
4.4592e-05
-1.02535e-05
4.66453e-05
-1.02027e-05
4.8668e-05
-1.0079e-05
5.06435e-05
-9.86399e-06
5.25515e-05
-9.53704e-06
5.43676e-05
-9.07416e-06
5.60632e-05
-8.4477e-06
5.76048e-05
-7.62542e-06
5.89537e-05
-6.5695e-06
6.00663e-05
-5.23534e-06
6.08942e-05
-3.57058e-06
6.13846e-05
-1.51483e-06
6.14845e-05
1.00368e-06
6.1143e-05
4.06423e-06
6.03134e-05
7.74489e-06
5.89538e-05
1.21093e-05
5.70249e-05
1.71839e-05
5.44764e-05
2.29184e-05
5.12156e-05
2.91188e-05
4.70526e-05
3.5333e-05
4.16581e-05
4.06691e-05
3.46005e-05
4.35318e-05
4.14102e-05
1.76436e-06
-1.4298e-06
4.21219e-06
-8.86256e-06
6.62169e-06
-1.24572e-05
8.86414e-06
-1.37617e-05
1.09622e-05
-1.3939e-05
1.29663e-05
-1.36276e-05
1.49188e-05
-1.31564e-05
1.68484e-05
-1.26867e-05
1.87728e-05
-1.22904e-05
2.07026e-05
-1.19926e-05
2.2644e-05
-1.17947e-05
2.46009e-05
-1.16868e-05
2.65755e-05
-1.16542e-05
2.85688e-05
-1.1681e-05
3.05811e-05
-1.17515e-05
3.26119e-05
-1.18514e-05
3.46598e-05
-1.19669e-05
3.67226e-05
-1.20852e-05
3.87969e-05
-1.21937e-05
4.08783e-05
-1.22796e-05
4.29605e-05
-1.23295e-05
4.50356e-05
-1.23286e-05
4.70934e-05
-1.22605e-05
4.91211e-05
-1.21067e-05
5.11031e-05
-1.1846e-05
5.30203e-05
-1.14542e-05
5.48498e-05
-1.09037e-05
5.65647e-05
-1.01626e-05
5.81338e-05
-9.19454e-06
5.95216e-05
-7.95729e-06
6.06884e-05
-6.40206e-06
6.15904e-05
-4.47265e-06
6.2181e-05
-2.10544e-06
6.2413e-05
7.7172e-07
6.22412e-05
4.23604e-06
6.16241e-05
8.36202e-06
6.05237e-05
1.32097e-05
5.89015e-05
1.88061e-05
5.6705e-05
2.51149e-05
5.3839e-05
3.19848e-05
5.01149e-05
3.90571e-05
4.5182e-05
4.5602e-05
3.84652e-05
5.02486e-05
5.07195e-05
1.879e-06
-3.3088e-06
4.44427e-06
-1.14278e-05
6.89794e-06
-1.49109e-05
9.13041e-06
-1.59941e-05
1.11964e-05
-1.6005e-05
1.31659e-05
-1.5597e-05
1.50903e-05
-1.50808e-05
1.70015e-05
-1.45979e-05
1.89174e-05
-1.42062e-05
2.0847e-05
-1.39222e-05
2.27947e-05
-1.37425e-05
2.47622e-05
-1.36544e-05
2.67499e-05
-1.36419e-05
2.87574e-05
-1.36884e-05
3.07837e-05
-1.37778e-05
3.28275e-05
-1.38952e-05
3.48871e-05
-1.40265e-05
3.69602e-05
-1.41582e-05
3.90433e-05
-1.42769e-05
4.11324e-05
-1.43687e-05
4.32218e-05
-1.44189e-05
4.53041e-05
-1.44109e-05
4.73701e-05
-1.43265e-05
4.94078e-05
-1.41445e-05
5.14027e-05
-1.38409e-05
5.33368e-05
-1.33884e-05
5.51888e-05
-1.27556e-05
5.69334e-05
-1.19072e-05
5.85416e-05
-1.08028e-05
5.99807e-05
-9.39636e-06
6.12144e-05
-7.63575e-06
6.22036e-05
-5.46185e-06
6.2907e-05
-2.80882e-06
6.3283e-05
3.95645e-07
6.32919e-05
4.22723e-06
6.28956e-05
8.75822e-06
6.20579e-05
1.40475e-05
6.07375e-05
2.01265e-05
5.88752e-05
2.69772e-05
5.63663e-05
3.44937e-05
5.30117e-05
4.24117e-05
4.84386e-05
5.01752e-05
4.19841e-05
5.67031e-05
6.01088e-05
1.98258e-06
-5.29138e-06
4.59118e-06
-1.40364e-05
7.02261e-06
-1.73423e-05
9.20743e-06
-1.8179e-05
1.12273e-05
-1.80249e-05
1.31623e-05
-1.7532e-05
1.50654e-05
-1.69839e-05
1.69667e-05
-1.64992e-05
1.88816e-05
-1.61211e-05
2.08168e-05
-1.58575e-05
2.27746e-05
-1.57003e-05
2.47548e-05
-1.56346e-05
2.67563e-05
-1.56434e-05
2.87776e-05
-1.57097e-05
3.0817e-05
-1.58173e-05
3.2873e-05
-1.59511e-05
3.49434e-05
-1.60969e-05
3.7026e-05
-1.62408e-05
3.91178e-05
-1.63687e-05
4.12151e-05
-1.6466e-05
4.3313e-05
-1.65167e-05
4.54048e-05
-1.65027e-05
4.74821e-05
-1.64038e-05
4.95343e-05
-1.61966e-05
5.15477e-05
-1.58543e-05
5.35058e-05
-1.53464e-05
5.53884e-05
-1.46383e-05
5.71721e-05
-1.36909e-05
5.88297e-05
-1.24603e-05
6.03309e-05
-1.08976e-05
6.16429e-05
-8.94777e-06
6.27307e-05
-6.54958e-06
6.35579e-05
-3.636e-06
6.40885e-05
-1.34959e-07
6.42877e-05
4.02794e-06
6.41222e-05
8.92381e-06
6.35576e-05
1.4612e-05
6.25535e-05
2.11306e-05
6.1049e-05
2.84817e-05
5.89376e-05
3.66051e-05
5.6019e-05
4.53303e-05
5.19115e-05
5.42827e-05
4.58984e-05
6.27162e-05
6.93004e-05
2.07583e-06
-7.36721e-06
4.67256e-06
-1.66332e-05
7.03182e-06
-1.97016e-05
9.13954e-06
-2.02867e-05
1.11001e-05
-1.99855e-05
1.29969e-05
-1.94288e-05
1.48792e-05
-1.88662e-05
1.67726e-05
-1.83926e-05
1.86885e-05
-1.8037e-05
2.06306e-05
-1.77995e-05
2.25986e-05
-1.76683e-05
2.45909e-05
-1.76268e-05
2.6605e-05
-1.76575e-05
2.86387e-05
-1.77434e-05
3.06898e-05
-1.78683e-05
3.27562e-05
-1.80176e-05
3.4836e-05
-1.81768e-05
3.69272e-05
-1.83319e-05
3.90271e-05
-1.84687e-05
4.11327e-05
-1.85716e-05
4.32397e-05
-1.86237e-05
4.53425e-05
-1.86056e-05
4.74338e-05
-1.84951e-05
4.9504e-05
-1.82668e-05
5.15407e-05
-1.7891e-05
5.35286e-05
-1.73343e-05
5.54489e-05
-1.65586e-05
5.72795e-05
-1.55214e-05
5.8995e-05
-1.41759e-05
6.05676e-05
-1.24702e-05
6.19672e-05
-1.03473e-05
6.31626e-05
-7.74498e-06
6.41223e-05
-4.59576e-06
6.48158e-05
-8.28463e-07
6.5214e-05
3.6298e-06
6.52888e-05
8.84898e-06
6.50116e-05
1.48892e-05
6.43475e-05
2.17947e-05
6.32439e-05
2.95853e-05
6.16082e-05
3.82408e-05
5.92639e-05
4.76746e-05
5.5864e-05
5.76826e-05
5.07163e-05
6.78639e-05
7.758e-05
2.15586e-06
-9.52306e-06
4.69643e-06
-1.91737e-05
6.94738e-06
-2.19525e-05
8.95775e-06
-2.22971e-05
1.08492e-05
-2.1877e-05
1.27029e-05
-2.12825e-05
1.45618e-05
-2.07251e-05
1.64452e-05
-2.02761e-05
1.83601e-05
-1.99518e-05
2.03066e-05
-1.97461e-05
2.22825e-05
-1.96442e-05
2.42842e-05
-1.96286e-05
2.63083e-05
-1.96816e-05
2.83517e-05
-1.97867e-05
3.04117e-05
-1.99284e-05
3.24863e-05
-2.00922e-05
3.45736e-05
-2.0264e-05
3.66716e-05
-2.043e-05
3.87785e-05
-2.05755e-05
4.08917e-05
-2.06848e-05
4.30078e-05
-2.07398e-05
4.51223e-05
-2.07201e-05
4.7229e-05
-2.06018e-05
4.93196e-05
-2.03573e-05
5.1383e-05
-1.99545e-05
5.34052e-05
-1.93565e-05
5.53685e-05
-1.8522e-05
5.72523e-05
-1.74052e-05
5.90325e-05
-1.59562e-05
6.06832e-05
-1.41209e-05
6.21771e-05
-1.18412e-05
6.34865e-05
-9.05437e-06
6.45845e-05
-5.69384e-06
6.54462e-05
-1.69012e-06
6.60486e-05
3.0274e-06
6.6371e-05
8.52662e-06
6.63931e-05
1.4867e-05
6.60917e-05
2.20961e-05
6.54326e-05
3.02443e-05
6.43553e-05
3.93181e-05
6.27413e-05
4.92886e-05
6.03466e-05
6.00772e-05
5.66488e-05
7.15617e-05
8.37837e-05
2.25879e-06
-1.17818e-05
4.75028e-06
-2.16652e-05
6.9042e-06
-2.41065e-05
8.83741e-06
-2.42303e-05
1.06848e-05
-2.37244e-05
1.25228e-05
-2.31204e-05
1.43865e-05
-2.25888e-05
1.6289e-05
-2.21787e-05
1.82326e-05
-2.18954e-05
2.02142e-05
-2.17277e-05
2.22292e-05
-2.16591e-05
2.42723e-05
-2.16717e-05
2.6339e-05
-2.17483e-05
2.84253e-05
-2.18731e-05
3.05283e-05
-2.20314e-05
3.26455e-05
-2.22093e-05
3.4775e-05
-2.23936e-05
3.69154e-05
-2.25704e-05
3.90652e-05
-2.27253e-05
4.12225e-05
-2.2842e-05
4.33848e-05
-2.29022e-05
4.55488e-05
-2.28841e-05
4.77094e-05
-2.27624e-05
4.98595e-05
-2.25074e-05
5.19893e-05
-2.20843e-05
5.40858e-05
-2.1453e-05
5.61324e-05
-2.05685e-05
5.81088e-05
-1.93816e-05
5.9992e-05
-1.78394e-05
6.1757e-05
-1.58859e-05
6.33784e-05
-1.34625e-05
6.48313e-05
-1.05073e-05
6.60931e-05
-6.95564e-06
6.7144e-05
-2.74095e-06
6.79675e-05
2.20381e-06
6.85514e-05
7.94279e-06
6.8886e-05
1.45324e-05
6.89636e-05
2.20184e-05
6.87756e-05
3.04324e-05
6.83063e-05
3.97875e-05
6.75219e-05
5.00729e-05
6.63488e-05
6.12504e-05
6.46251e-05
7.32854e-05
8.63398e-05
2.32604e-06
-1.41079e-05
4.71008e-06
-2.40493e-05
6.72488e-06
-2.61213e-05
8.5522e-06
-2.60576e-05
1.03323e-05
-2.55045e-05
1.21326e-05
-2.49207e-05
1.39794e-05
-2.44356e-05
1.58792e-05
-2.40785e-05
1.78296e-05
-2.38457e-05
1.98244e-05
-2.37225e-05
2.18566e-05
-2.36913e-05
2.39195e-05
-2.37346e-05
2.60073e-05
-2.38361e-05
2.81153e-05
-2.39811e-05
3.024e-05
-2.4156e-05
3.23788e-05
-2.43481e-05
3.45299e-05
-2.45446e-05
3.6692e-05
-2.47326e-05
3.88643e-05
-2.48975e-05
4.10456e-05
-2.50234e-05
4.32345e-05
-2.50911e-05
4.54288e-05
-2.50783e-05
4.76247e-05
-2.49584e-05
4.98168e-05
-2.46995e-05
5.19968e-05
-2.42643e-05
5.4153e-05
-2.36092e-05
5.62697e-05
-2.26852e-05
5.83272e-05
-2.14392e-05
6.0303e-05
-1.98151e-05
6.21728e-05
-1.77558e-05
6.39129e-05
-1.52026e-05
6.55012e-05
-1.20957e-05
6.69195e-05
-8.37385e-06
6.81533e-05
-3.97481e-06
6.91938e-05
1.16329e-06
7.00377e-05
7.09895e-06
7.06873e-05
1.38828e-05
7.11522e-05
2.15535e-05
7.14503e-05
3.01343e-05
7.16105e-05
3.96272e-05
7.16785e-05
5.0005e-05
7.1729e-05
6.11999e-05
7.19122e-05
7.31022e-05
8.55947e-05
2.37294e-06
-1.64808e-05
4.6161e-06
-2.62924e-05
6.47442e-06
-2.79796e-05
8.188e-06
-2.77712e-05
9.89549e-06
-2.7212e-05
1.16529e-05
-2.66781e-05
1.34773e-05
-2.62599e-05
1.53686e-05
-2.59698e-05
1.73201e-05
-2.57972e-05
1.93227e-05
-2.57251e-05
2.1367e-05
-2.57357e-05
2.34448e-05
-2.58124e-05
2.55492e-05
-2.59405e-05
2.76746e-05
-2.61065e-05
2.9817e-05
-2.62985e-05
3.19736e-05
-2.65047e-05
3.41426e-05
-2.67137e-05
3.63231e-05
-2.69131e-05
3.85146e-05
-2.7089e-05
4.07168e-05
-2.72256e-05
4.29293e-05
-2.73036e-05
4.5151e-05
-2.73e-05
4.738e-05
-2.71873e-05
4.96124e-05
-2.69319e-05
5.18417e-05
-2.64936e-05
5.40578e-05
-2.58253e-05
5.62458e-05
-2.48732e-05
5.83863e-05
-2.35796e-05
6.04564e-05
-2.18852e-05
6.24321e-05
-1.97315e-05
6.42906e-05
-1.7061e-05
6.60124e-05
-1.38175e-05
6.7583e-05
-9.94442e-06
6.89938e-05
-5.38567e-06
7.02433e-05
-8.62031e-08
7.13372e-05
6.00509e-06
7.22892e-05
1.29307e-05
7.31241e-05
2.07187e-05
7.38808e-05
2.93776e-05
7.46192e-05
3.88888e-05
7.54299e-05
4.91943e-05
7.64507e-05
6.01791e-05
7.79006e-05
7.16522e-05
8.33464e-05
2.39714e-06
-1.8878e-05
4.46685e-06
-2.83621e-05
6.15485e-06
-2.96676e-05
7.7494e-06
-2.93657e-05
9.38049e-06
-2.88431e-05
1.10909e-05
-2.83885e-05
1.28882e-05
-2.80572e-05
1.47661e-05
-2.78478e-05
1.67137e-05
-2.77448e-05
1.87188e-05
-2.77302e-05
2.07703e-05
-2.77871e-05
2.28582e-05
-2.79003e-05
2.49745e-05
-2.80568e-05
2.71129e-05
-2.82449e-05
2.92687e-05
-2.84543e-05
3.14389e-05
-2.86749e-05
3.36217e-05
-2.88965e-05
3.58164e-05
-2.91077e-05
3.80228e-05
-2.92955e-05
4.02415e-05
-2.94442e-05
4.24729e-05
-2.9535e-05
4.47174e-05
-2.95446e-05
4.69746e-05
-2.94445e-05
4.92428e-05
-2.92e-05
5.15177e-05
-2.87685e-05
5.3791e-05
-2.80986e-05
5.60487e-05
-2.71309e-05
5.8271e-05
-2.58019e-05
6.04341e-05
-2.40483e-05
6.25129e-05
-2.18104e-05
6.4485e-05
-1.90331e-05
6.63326e-05
-1.56651e-05
6.80451e-05
-1.16569e-05
6.96195e-05
-6.96008e-06
7.10612e-05
-1.52788e-06
7.23842e-05
4.68208e-06
7.36123e-05
1.17026e-05
7.47812e-05
1.95497e-05
7.59435e-05
2.82153e-05
7.71742e-05
3.76581e-05
7.85779e-05
4.77907e-05
8.0295e-05
5.8462e-05
8.25073e-05
6.94399e-05
8.04111e-05
2.39603e-06
-2.1274e-05
4.25878e-06
-3.02249e-05
5.7659e-06
-3.11747e-05
7.23924e-06
-3.08391e-05
8.79262e-06
-3.03965e-05
1.04539e-05
-3.00498e-05
1.2221e-05
-2.98243e-05
1.40817e-05
-2.97085e-05
1.60211e-05
-2.96842e-05
1.80245e-05
-2.97336e-05
2.00786e-05
-2.98412e-05
2.2172e-05
-2.99938e-05
2.42957e-05
-3.01804e-05
2.64424e-05
-3.03916e-05
2.86071e-05
-3.06189e-05
3.07863e-05
-3.08541e-05
3.29781e-05
-3.10883e-05
3.51819e-05
-3.13115e-05
3.7398e-05
-3.15116e-05
3.96274e-05
-3.16736e-05
4.18714e-05
-3.1779e-05
4.41317e-05
-3.18048e-05
4.64095e-05
-3.17224e-05
4.87056e-05
-3.14961e-05
5.10186e-05
-3.10815e-05
5.33427e-05
-3.04226e-05
5.56647e-05
-2.9453e-05
5.79641e-05
-2.81013e-05
6.02148e-05
-2.6299e-05
6.23896e-05
-2.39852e-05
6.44651e-05
-2.11085e-05
6.64248e-05
-1.76248e-05
6.82617e-05
-1.34938e-05
6.99781e-05
-8.67654e-06
7.15861e-05
-3.13588e-06
7.31072e-05
3.16098e-06
7.4573e-05
1.02369e-05
7.60266e-05
1.80961e-05
7.7527e-05
2.6715e-05
7.9153e-05
3.60321e-05
8.10066e-05
4.59371e-05
8.32106e-05
5.62579e-05
8.59025e-05
6.6748e-05
7.70875e-05
2.36453e-06
-2.36385e-05
3.98583e-06
-3.18462e-05
5.30688e-06
-3.24958e-05
6.66172e-06
-3.21939e-05
8.1397e-06
-3.18745e-05
9.75223e-06
-3.16623e-05
1.14879e-05
-3.15599e-05
1.3329e-05
-3.15496e-05
1.52569e-05
-3.16122e-05
1.72546e-05
-3.17313e-05
1.9307e-05
-3.18936e-05
2.14016e-05
-3.20884e-05
2.35281e-05
-3.23069e-05
2.56786e-05
-3.25421e-05
2.78473e-05
-3.27877e-05
3.00305e-05
-3.30373e-05
3.22261e-05
-3.32839e-05
3.44334e-05
-3.35188e-05
3.66529e-05
-3.37311e-05
3.88859e-05
-3.39066e-05
4.11343e-05
-3.40275e-05
4.34008e-05
-3.40712e-05
4.56882e-05
-3.40098e-05
4.80002e-05
-3.38081e-05
5.03391e-05
-3.34205e-05
5.27027e-05
-3.27862e-05
5.50793e-05
-3.18296e-05
5.74467e-05
-3.04687e-05
5.97751e-05
-2.86274e-05
6.20335e-05
-2.62436e-05
6.41961e-05
-2.32712e-05
6.62472e-05
-1.96759e-05
6.81831e-05
-1.54297e-05
7.00118e-05
-1.05052e-05
7.17515e-05
-4.87558e-06
7.34305e-05
1.48195e-06
7.50865e-05
8.58088e-06
7.67665e-05
1.64161e-05
7.85305e-05
2.4951e-05
8.04548e-05
3.41078e-05
8.26311e-05
4.37608e-05
8.51599e-05
5.37291e-05
8.81378e-05
6.37701e-05
7.35838e-05
2.29063e-06
-2.59292e-05
3.64037e-06
-3.31959e-05
4.78063e-06
-3.3636e-05
6.02699e-06
-3.34403e-05
7.43627e-06
-3.32838e-05
9.00308e-06
-3.32292e-05
1.07076e-05
-3.32644e-05
1.25273e-05
-3.33693e-05
1.44409e-05
-3.35257e-05
1.64291e-05
-3.37196e-05
1.84757e-05
-3.39402e-05
2.05669e-05
-3.41796e-05
2.26917e-05
-3.44317e-05
2.48411e-05
-3.46916e-05
2.70089e-05
-3.49554e-05
2.91908e-05
-3.52192e-05
3.13845e-05
-3.54776e-05
3.35891e-05
-3.57234e-05
3.58049e-05
-3.59469e-05
3.80332e-05
-3.61349e-05
4.02762e-05
-3.62704e-05
4.25367e-05
-3.63318e-05
4.48192e-05
-3.62922e-05
4.71299e-05
-3.61188e-05
4.94766e-05
-3.57672e-05
5.18625e-05
-3.51721e-05
5.42785e-05
-3.42455e-05
5.66996e-05
-3.28899e-05
5.90905e-05
-3.10182e-05
6.14139e-05
-2.8567e-05
6.36403e-05
-2.54976e-05
6.57542e-05
-2.17898e-05
6.77555e-05
-1.7431e-05
6.96581e-05
-1.24078e-05
7.14866e-05
-6.70416e-06
7.32759e-05
-3.07334e-07
7.50683e-05
6.78852e-06
7.69119e-05
1.45725e-05
7.8864e-05
2.29989e-05
8.09946e-05
3.19772e-05
8.33832e-05
4.13722e-05
8.61086e-05
5.10038e-05
8.92318e-05
6.06469e-05
7.00369e-05
2.1519e-06
-2.80811e-05
3.21833e-06
-3.42624e-05
4.20057e-06
-3.46183e-05
5.35733e-06
-3.4597e-05
6.70844e-06
-3.46349e-05
8.23397e-06
-3.47547e-05
9.90784e-06
-3.49383e-05
1.17044e-05
-3.51659e-05
1.36003e-05
-3.54216e-05
1.5575e-05
-3.56943e-05
1.76111e-05
-3.59763e-05
1.96941e-05
-3.62626e-05
2.18121e-05
-3.65496e-05
2.39554e-05
-3.68349e-05
2.61169e-05
-3.71169e-05
2.82919e-05
-3.73942e-05
3.04776e-05
-3.76634e-05
3.26729e-05
-3.79187e-05
3.48773e-05
-3.81514e-05
3.7092e-05
-3.83495e-05
3.93183e-05
-3.84968e-05
4.15589e-05
-3.85723e-05
4.38179e-05
-3.85513e-05
4.61048e-05
-3.84057e-05
4.84341e-05
-3.80966e-05
5.0818e-05
-3.75559e-05
5.3251e-05
-3.66786e-05
5.57052e-05
-3.53441e-05
5.81366e-05
-3.34496e-05
6.04992e-05
-3.09296e-05
6.27579e-05
-2.77563e-05
6.48971e-05
-2.3929e-05
6.69215e-05
-1.94554e-05
6.88519e-05
-1.43382e-05
7.07195e-05
-8.57179e-06
7.25657e-05
-2.15352e-06
7.44373e-05
4.91693e-06
7.63814e-05
1.26284e-05
7.84499e-05
2.09303e-05
8.07051e-05
2.97221e-05
8.32154e-05
3.88619e-05
8.60416e-05
4.81776e-05
8.92188e-05
5.74697e-05
6.65127e-05
1.92015e-06
-3.00012e-05
2.73136e-06
-3.50736e-05
3.60092e-06
-3.54878e-05
4.69401e-06
-3.56901e-05
5.99844e-06
-3.59393e-05
7.48605e-06
-3.62423e-05
9.12833e-06
-3.65806e-05
1.08983e-05
-3.69359e-05
1.27717e-05
-3.7295e-05
1.47274e-05
-3.765e-05
1.67473e-05
-3.79962e-05
1.88164e-05
-3.83316e-05
2.09219e-05
-3.86552e-05
2.30533e-05
-3.89663e-05
2.52027e-05
-3.92663e-05
2.73647e-05
-3.95562e-05
2.95362e-05
-3.98348e-05
3.17151e-05
-4.00976e-05
3.39005e-05
-4.03368e-05
3.60922e-05
-4.05412e-05
3.82906e-05
-4.06953e-05
4.04961e-05
-4.07778e-05
4.27109e-05
-4.07661e-05
4.49459e-05
-4.06406e-05
4.72249e-05
-4.03756e-05
4.95735e-05
-3.99045e-05
5.19933e-05
-3.90983e-05
5.44518e-05
-3.78025e-05
5.68933e-05
-3.58912e-05
5.92601e-05
-3.32964e-05
6.15097e-05
-3.0006e-05
6.36271e-05
-2.60463e-05
6.56235e-05
-2.14518e-05
6.75282e-05
-1.62429e-05
6.93794e-05
-1.0423e-05
7.1226e-05
-4.00009e-06
7.31205e-05
3.0224e-06
7.51072e-05
1.06417e-05
7.723e-05
1.88075e-05
7.95433e-05
2.74088e-05
8.21073e-05
3.62979e-05
8.49705e-05
4.53144e-05
8.81489e-05
5.42914e-05
6.30371e-05
1.5807e-06
-3.15819e-05
2.22667e-06
-3.57195e-05
3.04823e-06
-3.63094e-05
4.10335e-06
-3.67452e-05
5.36782e-06
-3.72038e-05
6.81618e-06
-3.76906e-05
8.42201e-06
-3.81864e-05
1.01589e-05
-3.86728e-05
1.20026e-05
-3.91386e-05
1.39316e-05
-3.9579e-05
1.59276e-05
-3.99923e-05
1.79754e-05
-4.03794e-05
2.00616e-05
-4.07414e-05
2.21744e-05
-4.10791e-05
2.43049e-05
-4.13968e-05
2.64473e-05
-4.16986e-05
2.85977e-05
-4.19853e-05
3.07532e-05
-4.22531e-05
3.29118e-05
-4.24953e-05
3.5072e-05
-4.27014e-05
3.72324e-05
-4.28557e-05
3.93895e-05
-4.29349e-05
4.15395e-05
-4.29161e-05
4.36911e-05
-4.27922e-05
4.58794e-05
-4.25639e-05
4.81501e-05
-4.21753e-05
5.05162e-05
-4.14644e-05
5.29398e-05
-4.02261e-05
5.53498e-05
-3.83012e-05
5.76734e-05
-3.562e-05
5.98602e-05
-3.21928e-05
6.18973e-05
-2.80835e-05
6.3806e-05
-2.33605e-05
6.56263e-05
-1.80632e-05
6.74022e-05
-1.21989e-05
6.91927e-05
-5.79059e-06
7.10605e-05
1.15463e-06
7.30438e-05
8.6584e-06
7.51763e-05
1.6675e-05
7.75045e-05
2.50806e-05
8.00833e-05
3.37191e-05
8.29524e-05
4.24453e-05
8.61091e-05
5.11347e-05
5.96139e-05
1.16042e-06
-3.27423e-05
1.80887e-06
-3.6368e-05
2.65001e-06
-3.71505e-05
3.67904e-06
-3.77743e-05
4.89776e-06
-3.84225e-05
6.29675e-06
-3.90896e-05
7.8553e-06
-3.9745e-05
9.54822e-06
-4.03657e-05
1.13513e-05
-4.09417e-05
1.32431e-05
-4.14707e-05
1.52051e-05
-4.19543e-05
1.7222e-05
-4.23963e-05
1.92804e-05
-4.27997e-05
2.13663e-05
-4.3165e-05
2.34698e-05
-4.35002e-05
2.55846e-05
-4.38134e-05
2.77065e-05
-4.41072e-05
2.98315e-05
-4.43781e-05
3.19559e-05
-4.46197e-05
3.40771e-05
-4.48227e-05
3.61923e-05
-4.49708e-05
3.82925e-05
-4.5035e-05
4.03625e-05
-4.49862e-05
4.24016e-05
-4.48312e-05
4.44548e-05
-4.46172e-05
4.65973e-05
-4.43177e-05
4.88576e-05
-4.37248e-05
5.11917e-05
-4.25602e-05
5.35106e-05
-4.06201e-05
5.57257e-05
-3.78351e-05
5.77789e-05
-3.4246e-05
5.96637e-05
-2.99683e-05
6.14163e-05
-2.51131e-05
6.30912e-05
-1.97382e-05
6.47344e-05
-1.38421e-05
6.64183e-05
-7.47445e-06
6.8224e-05
-6.51057e-07
7.01796e-05
6.70281e-06
7.23102e-05
1.45443e-05
7.4653e-05
2.27379e-05
7.72513e-05
3.11207e-05
8.01322e-05
3.95644e-05
8.32692e-05
4.79977e-05
8.66518e-05
5.62313e-05
6.41789e-05
7.76044e-07
-3.35184e-05
1.65184e-06
-3.72438e-05
2.55492e-06
-3.80536e-05
3.53802e-06
-3.87574e-05
4.68427e-06
-3.95687e-05
6.01186e-06
-4.04172e-05
7.5054e-06
-4.12385e-05
9.1389e-06
-4.19992e-05
1.0887e-05
-4.26898e-05
1.27278e-05
-4.33115e-05
1.46426e-05
-4.38691e-05
1.66162e-05
-4.43699e-05
1.86356e-05
-4.48192e-05
2.0684e-05
-4.52134e-05
2.27502e-05
-4.55665e-05
2.4828e-05
-4.58912e-05
2.69128e-05
-4.6192e-05
2.89992e-05
-4.64645e-05
3.10817e-05
-4.67022e-05
3.31568e-05
-4.68978e-05
3.52217e-05
-4.70357e-05
3.72627e-05
-4.70761e-05
3.92499e-05
-4.69734e-05
4.11623e-05
-4.67437e-05
4.30481e-05
-4.6503e-05
4.50142e-05
-4.62838e-05
4.71038e-05
-4.58144e-05
4.92671e-05
-4.47235e-05
5.1402e-05
-4.27549e-05
5.34125e-05
-3.98456e-05
5.52365e-05
-3.607e-05
5.68819e-05
-3.16136e-05
5.84041e-05
-2.66353e-05
5.9874e-05
-2.1208e-05
6.13404e-05
-1.53085e-05
6.28872e-05
-9.02121e-06
6.46048e-05
-2.3687e-06
6.65342e-05
4.77347e-06
6.87124e-05
1.23661e-05
7.11634e-05
2.02869e-05
7.38798e-05
2.84043e-05
7.68212e-05
3.6623e-05
7.99596e-05
4.48593e-05
8.33165e-05
5.28744e-05
6.06479e-05
6.35282e-07
-3.41536e-05
1.99731e-06
-3.86058e-05
2.93371e-06
-3.899e-05
3.79065e-06
-3.96143e-05
4.81161e-06
-4.05897e-05
6.03833e-06
-4.16439e-05
7.44812e-06
-4.26483e-05
9.00672e-06
-4.35578e-05
1.06848e-05
-4.43679e-05
1.24592e-05
-4.50859e-05
1.43106e-05
-4.57205e-05
1.62245e-05
-4.62838e-05
1.81902e-05
-4.67849e-05
2.01864e-05
-4.72096e-05
2.22013e-05
-4.75813e-05
2.4229e-05
-4.79189e-05
2.62649e-05
-4.82279e-05
2.8302e-05
-4.85016e-05
3.03322e-05
-4.87324e-05
3.23502e-05
-4.89159e-05
3.43546e-05
-4.904e-05
3.63334e-05
-4.90548e-05
3.82504e-05
-4.88905e-05
4.00694e-05
-4.85626e-05
4.18195e-05
-4.82531e-05
4.35932e-05
-4.80575e-05
4.54282e-05
-4.76493e-05
4.7285e-05
-4.65803e-05
4.90798e-05
-4.45497e-05
5.07394e-05
-4.15052e-05
5.22193e-05
-3.75499e-05
5.35481e-05
-3.29424e-05
5.47856e-05
-2.78728e-05
5.59983e-05
-2.24207e-05
5.73027e-05
-1.6613e-05
5.87405e-05
-1.0459e-05
6.03578e-05
-3.98596e-06
6.22809e-05
2.85033e-06
6.46327e-05
1.00143e-05
6.73818e-05
1.75379e-05
7.03772e-05
2.54089e-05
7.34811e-05
3.35191e-05
7.67459e-05
4.15945e-05
8.01183e-05
4.95019e-05
5.72107e-05
1.12052e-06
-3.52742e-05
3.18397e-06
-4.06693e-05
3.89608e-06
-3.97021e-05
4.44752e-06
-4.01658e-05
5.28825e-06
-4.14304e-05
6.40307e-06
-4.27588e-05
7.7272e-06
-4.39724e-05
9.20704e-06
-4.50376e-05
1.08071e-05
-4.5968e-05
1.25031e-05
-4.67819e-05
1.42753e-05
-4.74926e-05
1.61101e-05
-4.81187e-05
1.80013e-05
-4.86761e-05
1.99243e-05
-4.91326e-05
2.18691e-05
-4.95261e-05
2.38297e-05
-4.98795e-05
2.58003e-05
-5.01986e-05
2.77723e-05
-5.04736e-05
2.97357e-05
-5.06957e-05
3.1682e-05
-5.08621e-05
3.36062e-05
-5.09643e-05
3.54985e-05
-5.0947e-05
3.73475e-05
-5.07395e-05
3.91663e-05
-5.03815e-05
4.09483e-05
-5.00351e-05
4.25876e-05
-4.96968e-05
4.40647e-05
-4.91264e-05
4.54148e-05
-4.79304e-05
4.66462e-05
-4.57811e-05
4.77572e-05
-4.26162e-05
4.88077e-05
-3.86004e-05
4.98352e-05
-3.39699e-05
5.08269e-05
-2.88645e-05
5.17568e-05
-2.33506e-05
5.30019e-05
-1.78581e-05
5.43099e-05
-1.1767e-05
5.57163e-05
-5.39233e-06
5.76026e-05
9.64037e-07
6.01589e-05
7.45791e-06
6.33458e-05
1.4351e-05
6.69085e-05
2.18462e-05
7.06404e-05
2.97872e-05
7.43799e-05
3.7855e-05
7.7771e-05
4.61108e-05
5.39208e-05
3.39206e-06
-3.86662e-05
5.55552e-06
-4.28327e-05
5.30304e-06
-3.94496e-05
5.3611e-06
-4.02238e-05
6.03339e-06
-4.21027e-05
7.06437e-06
-4.37897e-05
8.32172e-06
-4.52298e-05
9.73239e-06
-4.64483e-05
1.12566e-05
-4.74922e-05
1.28701e-05
-4.83954e-05
1.45546e-05
-4.91771e-05
1.62948e-05
-4.98589e-05
1.80844e-05
-5.04657e-05
1.99105e-05
-5.09587e-05
2.17669e-05
-5.13825e-05
2.36433e-05
-5.17559e-05
2.55276e-05
-5.20829e-05
2.74095e-05
-5.23555e-05
2.92819e-05
-5.25682e-05
3.11389e-05
-5.27191e-05
3.29699e-05
-5.27952e-05
3.47649e-05
-5.27421e-05
3.6586e-05
-5.25606e-05
3.85597e-05
-5.23552e-05
4.06129e-05
-5.20883e-05
4.21468e-05
-5.12307e-05
4.31097e-05
-5.00893e-05
4.37845e-05
-4.86053e-05
4.4343e-05
-4.63396e-05
4.48756e-05
-4.31488e-05
4.55951e-05
-3.93199e-05
4.64487e-05
-3.48235e-05
4.74793e-05
-2.98951e-05
5.02332e-05
-2.61045e-05
5.42022e-05
-2.18272e-05
5.68285e-05
-1.43932e-05
5.79953e-05
-6.55913e-06
5.80986e-05
8.60697e-07
5.81091e-05
7.44742e-06
5.94142e-05
1.30459e-05
6.22733e-05
1.89871e-05
6.65305e-05
2.55301e-05
7.17071e-05
3.26784e-05
7.60245e-05
4.17934e-05
5.01538e-05
9.91363e-06
-4.85799e-05
9.10088e-06
-4.202e-05
7.01013e-06
-3.73589e-05
6.6451e-06
-3.98588e-05
7.16759e-06
-4.26252e-05
8.08564e-06
-4.47078e-05
9.23575e-06
-4.63799e-05
1.0547e-05
-4.77595e-05
1.19777e-05
-4.8923e-05
1.34993e-05
-4.9917e-05
1.50955e-05
-5.07732e-05
1.6741e-05
-5.15044e-05
1.84154e-05
-5.21401e-05
2.01456e-05
-5.26888e-05
2.19286e-05
-5.31654e-05
2.37426e-05
-5.357e-05
2.55674e-05
-5.39076e-05
2.73951e-05
-5.41832e-05
2.92231e-05
-5.43963e-05
3.10504e-05
-5.45464e-05
3.29682e-05
-5.4713e-05
3.4805e-05
-5.45789e-05
3.66662e-05
-5.44217e-05
3.87739e-05
-5.44629e-05
4.07595e-05
-5.40739e-05
4.20805e-05
-5.25517e-05
4.25451e-05
-5.05539e-05
4.25087e-05
-4.85689e-05
4.26333e-05
-4.64642e-05
4.49887e-05
-4.55042e-05
4.89725e-05
-4.33038e-05
5.23736e-05
-3.82247e-05
5.55535e-05
-3.3075e-05
5.79175e-05
-2.84685e-05
5.95741e-05
-2.34838e-05
6.15793e-05
-1.63984e-05
6.34811e-05
-8.46089e-06
6.50239e-05
-6.82125e-07
6.62074e-05
6.26401e-06
6.69225e-05
1.23308e-05
6.76521e-05
1.82575e-05
6.88347e-05
2.43474e-05
7.03731e-05
3.114e-05
7.30231e-05
3.91434e-05
4.50983e-05
1.78369e-05
-6.64168e-05
9.93629e-06
-3.41194e-05
7.15165e-06
-3.45742e-05
7.5555e-06
-4.02626e-05
8.40182e-06
-4.34715e-05
9.36021e-06
-4.56662e-05
1.04097e-05
-4.74294e-05
1.15849e-05
-4.89348e-05
1.28909e-05
-5.02289e-05
1.43097e-05
-5.13359e-05
1.58259e-05
-5.22894e-05
1.73997e-05
-5.30782e-05
1.90083e-05
-5.37487e-05
2.06917e-05
-5.43723e-05
2.24516e-05
-5.49253e-05
2.42531e-05
-5.53714e-05
2.60762e-05
-5.57307e-05
2.79294e-05
-5.60365e-05
2.98692e-05
-5.6336e-05
3.20236e-05
-5.67009e-05
3.46837e-05
-5.73731e-05
3.77434e-05
-5.76385e-05
4.07447e-05
-5.74231e-05
4.3272e-05
-5.69902e-05
4.52224e-05
-5.60243e-05
4.68855e-05
-5.42148e-05
4.83776e-05
-5.2046e-05
4.98474e-05
-5.00387e-05
5.17439e-05
-4.83608e-05
5.32948e-05
-4.7055e-05
5.48803e-05
-4.48893e-05
5.72824e-05
-4.06267e-05
5.98335e-05
-3.56261e-05
6.19822e-05
-3.06173e-05
6.3537e-05
-2.50385e-05
6.53741e-05
-1.82356e-05
6.75489e-05
-1.06357e-05
6.98007e-05
-2.93384e-06
7.17877e-05
4.27702e-06
7.32131e-05
1.09054e-05
7.41191e-05
1.73516e-05
7.4556e-05
2.39106e-05
7.49049e-05
3.07911e-05
7.62212e-05
3.7827e-05
4.35109e-05
1.78394e-06
-6.82008e-05
3.55041e-06
-3.58859e-05
5.21106e-06
-3.62348e-05
7.02993e-06
-4.20815e-05
9.16864e-06
-4.56102e-05
1.12166e-05
-4.77142e-05
1.31093e-05
-4.9322e-05
1.48797e-05
-5.07052e-05
1.65755e-05
-5.19247e-05
1.82459e-05
-5.30063e-05
1.99167e-05
-5.39601e-05
2.16231e-05
-5.47847e-05
2.34034e-05
-5.5529e-05
2.52689e-05
-5.62378e-05
2.7229e-05
-5.68855e-05
2.9298e-05
-5.74404e-05
3.14752e-05
-5.7908e-05
3.37468e-05
-5.8308e-05
3.61075e-05
-5.86968e-05
3.85106e-05
-5.91039e-05
4.07057e-05
-5.95682e-05
4.28329e-05
-5.97657e-05
4.49961e-05
-5.95862e-05
4.69886e-05
-5.89827e-05
4.87488e-05
-5.77846e-05
5.04651e-05
-5.59311e-05
5.22535e-05
-5.38345e-05
5.41156e-05
-5.19008e-05
5.59333e-05
-5.01785e-05
5.74138e-05
-4.85355e-05
5.85832e-05
-4.60587e-05
6.01709e-05
-4.22144e-05
6.20281e-05
-3.74834e-05
6.37482e-05
-3.23373e-05
6.53259e-05
-2.66162e-05
6.71728e-05
-2.00825e-05
6.94532e-05
-1.29161e-05
7.20493e-05
-5.52987e-06
7.46426e-05
1.68373e-06
7.6918e-05
8.63004e-06
7.87627e-05
1.55068e-05
8.01466e-05
2.25268e-05
8.11452e-05
2.97925e-05
8.18889e-05
3.70833e-05
4.37437e-05
-9.96298e-06
-5.82377e-05
-2.09696e-06
-4.3752e-05
4.53001e-06
-4.28618e-05
8.46261e-06
-4.60141e-05
1.13597e-05
-4.85073e-05
1.38277e-05
-5.01822e-05
1.60209e-05
-5.15152e-05
1.80199e-05
-5.27043e-05
1.98962e-05
-5.3801e-05
2.17076e-05
-5.48177e-05
2.35022e-05
-5.57547e-05
2.53286e-05
-5.66111e-05
2.72148e-05
-5.74152e-05
2.91677e-05
-5.81907e-05
3.11949e-05
-5.89127e-05
3.33071e-05
-5.95525e-05
3.55031e-05
-6.01039e-05
3.77713e-05
-6.05762e-05
4.00697e-05
-6.09952e-05
4.23225e-05
-6.13567e-05
4.43801e-05
-6.16257e-05
4.62803e-05
-6.1666e-05
4.80695e-05
-6.13754e-05
4.97293e-05
-6.06425e-05
5.12927e-05
-5.9348e-05
5.29082e-05
-5.75466e-05
5.46139e-05
-5.55402e-05
5.63121e-05
-5.35989e-05
5.78454e-05
-5.17119e-05
5.89943e-05
-4.96843e-05
5.99107e-05
-4.69751e-05
6.0974e-05
-4.32778e-05
6.22516e-05
-3.8761e-05
6.36036e-05
-3.36893e-05
6.5076e-05
-2.80886e-05
6.68903e-05
-2.18969e-05
6.9192e-05
-1.52178e-05
7.19495e-05
-8.28737e-06
7.49602e-05
-1.32693e-06
7.79855e-05
5.60481e-06
8.08693e-05
1.2623e-05
8.35019e-05
1.98941e-05
8.57741e-05
2.75204e-05
8.74539e-05
3.54036e-05
4.31779e-05
-6.43169e-06
-5.1806e-05
-3.93599e-07
-4.97901e-05
5.88437e-06
-4.91397e-05
1.02886e-05
-5.04183e-05
1.35706e-05
-5.17894e-05
1.62829e-05
-5.28945e-05
1.86494e-05
-5.38818e-05
2.07872e-05
-5.4842e-05
2.27789e-05
-5.57926e-05
2.46876e-05
-5.67265e-05
2.65643e-05
-5.76314e-05
2.8452e-05
-5.84988e-05
3.03733e-05
-5.93365e-05
3.23305e-05
-6.01479e-05
3.4328e-05
-6.09102e-05
3.63719e-05
-6.15965e-05
3.84596e-05
-6.21917e-05
4.05745e-05
-6.26911e-05
4.26731e-05
-6.30939e-05
4.46956e-05
-6.33792e-05
4.65703e-05
-6.35004e-05
4.82854e-05
-6.33811e-05
4.98435e-05
-6.29336e-05
5.12594e-05
-6.20584e-05
5.26127e-05
-6.07014e-05
5.39976e-05
-5.89315e-05
5.54084e-05
-5.69511e-05
5.67334e-05
-5.49239e-05
5.78445e-05
-5.28229e-05
5.8633e-05
-5.04729e-05
5.92257e-05
-4.75677e-05
5.9866e-05
-4.39181e-05
6.0687e-05
-3.95819e-05
6.17122e-05
-3.47145e-05
6.30144e-05
-2.93907e-05
6.47465e-05
-2.3629e-05
6.70313e-05
-1.75026e-05
6.98808e-05
-1.11369e-05
7.31904e-05
-4.63651e-06
7.67992e-05
1.99609e-06
8.05508e-05
8.87141e-06
8.42896e-05
1.61553e-05
8.78187e-05
2.39913e-05
9.08324e-05
3.23899e-05
4.11459e-05
-1.88706e-06
-4.9919e-05
2.50464e-06
-5.41818e-05
7.68402e-06
-5.43191e-05
1.19106e-05
-5.46449e-05
1.52824e-05
-5.51613e-05
1.81132e-05
-5.57253e-05
2.05913e-05
-5.63599e-05
2.283e-05
-5.70807e-05
2.49088e-05
-5.78714e-05
2.68881e-05
-5.87058e-05
2.8815e-05
-5.95582e-05
3.07252e-05
-6.0409e-05
3.26371e-05
-6.12484e-05
3.45539e-05
-6.20647e-05
3.64769e-05
-6.28332e-05
3.8407e-05
-6.35265e-05
4.03383e-05
-6.4123e-05
4.22528e-05
-6.46055e-05
4.41158e-05
-6.49569e-05
4.58831e-05
-6.51465e-05
4.75136e-05
-6.51308e-05
4.8982e-05
-6.48495e-05
5.02837e-05
-6.42353e-05
5.1449e-05
-6.32236e-05
5.25383e-05
-6.17907e-05
5.36035e-05
-5.99967e-05
5.46225e-05
-5.79701e-05
5.55063e-05
-5.58076e-05
5.61696e-05
-5.34862e-05
5.65783e-05
-5.08817e-05
5.68324e-05
-4.78218e-05
5.71132e-05
-4.4199e-05
5.75724e-05
-4.0041e-05
5.83061e-05
-3.54483e-05
5.94165e-05
-3.05012e-05
6.10356e-05
-2.5248e-05
6.32747e-05
-1.97416e-05
6.61773e-05
-1.40396e-05
6.97039e-05
-8.16312e-06
7.37533e-05
-2.05326e-06
7.81869e-05
4.43784e-06
8.2826e-05
1.15162e-05
8.74281e-05
1.93892e-05
9.16453e-05
2.81727e-05
3.7792e-05
3.95941e-07
-5.03149e-05
4.61723e-06
-5.84031e-05
9.13712e-06
-5.8839e-05
1.30516e-05
-5.85594e-05
1.63501e-05
-5.84598e-05
1.92018e-05
-5.8577e-05
2.17353e-05
-5.88933e-05
2.40372e-05
-5.93827e-05
2.61727e-05
-6.00069e-05
2.81925e-05
-6.07257e-05
3.01369e-05
-6.15025e-05
3.2035e-05
-6.23072e-05
3.39027e-05
-6.31161e-05
3.57442e-05
-6.39061e-05
3.75594e-05
-6.46484e-05
3.93457e-05
-6.53128e-05
4.10942e-05
-6.58715e-05
4.27874e-05
-6.62987e-05
4.43977e-05
-6.65672e-05
4.58931e-05
-6.6642e-05
4.72427e-05
-6.64804e-05
4.84275e-05
-6.60343e-05
4.94464e-05
-6.52542e-05
5.03222e-05
-6.40994e-05
5.10949e-05
-6.25633e-05
5.17899e-05
-6.06918e-05
5.23866e-05
-5.85667e-05
5.28265e-05
-5.62476e-05
5.30635e-05
-5.37231e-05
5.31039e-05
-5.09221e-05
5.30368e-05
-4.77547e-05
5.30112e-05
-4.41733e-05
5.31759e-05
-4.02058e-05
5.36573e-05
-3.59297e-05
5.45776e-05
-3.14214e-05
5.60648e-05
-2.67352e-05
5.82318e-05
-2.19087e-05
6.11467e-05
-1.69544e-05
6.48169e-05
-1.18333e-05
6.91887e-05
-6.4251e-06
7.4148e-05
-5.21372e-07
7.95088e-05
6.15541e-06
8.49918e-05
1.39062e-05
9.01951e-05
2.29694e-05
3.34006e-05
1.58708e-06
-5.1902e-05
5.93295e-06
-6.2749e-05
1.00221e-05
-6.29282e-05
1.36061e-05
-6.21433e-05
1.67487e-05
-6.16025e-05
1.95491e-05
-6.13774e-05
2.20827e-05
-6.14269e-05
2.44048e-05
-6.17048e-05
2.65607e-05
-6.21628e-05
2.85884e-05
-6.27534e-05
3.05191e-05
-6.34332e-05
3.23758e-05
-6.41638e-05
3.41714e-05
-6.49118e-05
3.59104e-05
-6.56451e-05
3.75919e-05
-6.63299e-05
3.9211e-05
-6.69319e-05
4.07578e-05
-6.74183e-05
4.22158e-05
-6.77567e-05
4.35627e-05
-6.79141e-05
4.47743e-05
-6.78535e-05
4.58291e-05
-6.75352e-05
4.67135e-05
-6.69188e-05
4.74275e-05
-6.59682e-05
4.79871e-05
-6.4659e-05
4.84168e-05
-6.2993e-05
4.87302e-05
-6.10052e-05
4.89145e-05
-5.8751e-05
4.89398e-05
-5.62728e-05
4.87911e-05
-5.35745e-05
4.8497e-05
-5.06279e-05
4.81427e-05
-4.74005e-05
4.78569e-05
-4.38875e-05
4.77801e-05
-4.0129e-05
4.80468e-05
-3.61964e-05
4.87879e-05
-3.21625e-05
5.01339e-05
-2.80812e-05
5.22035e-05
-2.39783e-05
5.50865e-05
-1.98374e-05
5.88282e-05
-1.5575e-05
6.34177e-05
-1.10145e-05
6.87699e-05
-5.87359e-06
7.47015e-05
2.23778e-07
8.09038e-05
7.70393e-06
8.69132e-05
1.696e-05
2.82031e-05
2.65229e-06
-5.45543e-05
6.73559e-06
-6.68324e-05
1.03603e-05
-6.6553e-05
1.35975e-05
-6.53805e-05
1.65366e-05
-6.45417e-05
1.92292e-05
-6.40699e-05
2.1709e-05
-6.39068e-05
2.40035e-05
-6.39994e-05
2.61384e-05
-6.42976e-05
2.81378e-05
-6.47528e-05
3.00231e-05
-6.53185e-05
3.18104e-05
-6.59512e-05
3.35094e-05
-6.66108e-05
3.51232e-05
-6.72589e-05
3.665e-05
-6.78567e-05
3.8084e-05
-6.8366e-05
3.94152e-05
-6.87494e-05
4.06288e-05
-6.89703e-05
4.1707e-05
-6.89923e-05
4.26316e-05
-6.87781e-05
4.33873e-05
-6.82909e-05
4.39654e-05
-6.74969e-05
4.43669e-05
-6.63696e-05
4.4603e-05
-6.48952e-05
4.46899e-05
-6.30799e-05
4.46378e-05
-6.09531e-05
4.4444e-05
-5.85571e-05
4.4101e-05
-5.59298e-05
4.3617e-05
-5.30905e-05
4.3034e-05
-5.00449e-05
4.24341e-05
-4.68007e-05
4.19322e-05
-4.33856e-05
4.16579e-05
-3.98547e-05
4.17431e-05
-3.62816e-05
4.23196e-05
-3.2739e-05
4.35191e-05
-2.92807e-05
4.54672e-05
-2.59265e-05
4.82727e-05
-2.26429e-05
5.20139e-05
-1.93162e-05
5.67209e-05
-1.57215e-05
6.23461e-05
-1.14988e-05
6.87221e-05
-6.15219e-06
7.55168e-05
9.09152e-07
8.22026e-05
1.02742e-05
2.23514e-05
3.44038e-06
-5.79947e-05
7.07629e-06
-7.04683e-05
1.02136e-05
-6.96902e-05
1.3103e-05
-6.827e-05
1.58121e-05
-6.72508e-05
1.83527e-05
-6.66105e-05
2.0729e-05
-6.62831e-05
2.2947e-05
-6.62173e-05
2.50161e-05
-6.63667e-05
2.69477e-05
-6.66845e-05
2.87535e-05
-6.71243e-05
3.04428e-05
-6.76405e-05
3.2021e-05
-6.8189e-05
3.3489e-05
-6.87269e-05
3.48439e-05
-6.92116e-05
3.60793e-05
-6.96015e-05
3.71857e-05
-6.98558e-05
3.81507e-05
-6.99352e-05
3.896e-05
-6.98017e-05
3.96003e-05
-6.94184e-05
4.00612e-05
-6.87518e-05
4.03378e-05
-6.77736e-05
4.04326e-05
-6.64644e-05
4.0355e-05
-6.48176e-05
4.01183e-05
-6.28432e-05
3.97337e-05
-6.05685e-05
3.92084e-05
-5.80319e-05
3.85519e-05
-5.52732e-05
3.77879e-05
-5.23266e-05
3.69662e-05
-4.92231e-05
3.61656e-05
-4.60001e-05
3.54895e-05
-4.27095e-05
3.50558e-05
-3.94209e-05
3.49881e-05
-3.62139e-05
3.54137e-05
-3.31647e-05
3.64628e-05
-3.03298e-05
3.82656e-05
-2.77293e-05
4.09466e-05
-2.5324e-05
4.46135e-05
-2.29831e-05
4.9337e-05
-2.04449e-05
5.51143e-05
-1.72761e-05
6.18116e-05
-1.28494e-05
6.90921e-05
-6.37133e-06
7.63647e-05
3.00151e-06
1.59278e-05
3.86383e-06
-6.18586e-05
6.98116e-06
-7.35857e-05
9.66049e-06
-7.23696e-05
1.22187e-05
-7.08282e-05
1.46836e-05
-6.97157e-05
1.7038e-05
-6.89649e-05
1.9267e-05
-6.85121e-05
2.13623e-05
-6.83126e-05
2.33211e-05
-6.83255e-05
2.51447e-05
-6.85081e-05
2.68359e-05
-6.88156e-05
2.83977e-05
-6.92022e-05
2.98308e-05
-6.96222e-05
3.11336e-05
-7.00297e-05
3.23019e-05
-7.03798e-05
3.33287e-05
-7.06284e-05
3.42054e-05
-7.07325e-05
3.49216e-05
-7.06514e-05
3.54664e-05
-7.03465e-05
3.58306e-05
-6.97825e-05
3.60078e-05
-6.89291e-05
3.59968e-05
-6.77626e-05
3.58018e-05
-6.62695e-05
3.5433e-05
-6.44488e-05
3.4904e-05
-6.23141e-05
3.42294e-05
-5.98939e-05
3.34251e-05
-5.72276e-05
3.25119e-05
-5.436e-05
3.15237e-05
-5.13384e-05
3.05138e-05
-4.82132e-05
2.95567e-05
-4.5043e-05
2.87454e-05
-4.18982e-05
2.81852e-05
-3.88606e-05
2.79887e-05
-3.60174e-05
2.82747e-05
-3.34507e-05
2.91681e-05
-3.12232e-05
3.08004e-05
-2.93615e-05
3.33071e-05
-2.78306e-05
3.68205e-05
-2.64965e-05
4.14504e-05
-2.50749e-05
4.72446e-05
-2.30703e-05
5.41189e-05
-1.97237e-05
6.17593e-05
-1.40117e-05
6.9534e-05
-4.77321e-06
8.97218e-06
3.93604e-06
-6.57946e-05
6.52142e-06
-7.61711e-05
8.79371e-06
-7.46419e-05
1.10416e-05
-7.30761e-05
1.32533e-05
-7.19273e-05
1.53942e-05
-7.11058e-05
1.7439e-05
-7.05569e-05
1.93707e-05
-7.02444e-05
2.11786e-05
-7.01333e-05
2.28559e-05
-7.01854e-05
2.43989e-05
-7.03585e-05
2.58045e-05
-7.06078e-05
2.70694e-05
-7.08871e-05
2.81893e-05
-7.11496e-05
2.91584e-05
-7.13489e-05
2.99696e-05
-7.14395e-05
3.06148e-05
-7.13777e-05
3.10857e-05
-7.11223e-05
3.13745e-05
-7.06353e-05
3.14753e-05
-6.98834e-05
3.13857e-05
-6.88395e-05
3.11076e-05
-6.74845e-05
3.0648e-05
-6.58099e-05
3.00188e-05
-6.38196e-05
2.92359e-05
-6.15313e-05
2.83181e-05
-5.89761e-05
2.72876e-05
-5.61971e-05
2.6173e-05
-5.32454e-05
2.50136e-05
-5.0179e-05
2.38633e-05
-4.70628e-05
2.27911e-05
-4.39708e-05
2.18794e-05
-4.09865e-05
2.12207e-05
-3.82018e-05
2.09147e-05
-3.57114e-05
2.10685e-05
-3.36045e-05
2.17983e-05
-3.19529e-05
2.32316e-05
-3.07949e-05
2.55091e-05
-3.01081e-05
2.87802e-05
-2.97677e-05
3.31885e-05
-2.94832e-05
3.8833e-05
-2.87147e-05
4.56913e-05
-2.65821e-05
5.3501e-05
-2.18213e-05
6.16349e-05
-1.29071e-05
1.53251e-06
3.72731e-06
-6.9522e-05
5.79916e-06
-7.82429e-05
7.71022e-06
-7.65529e-05
9.66217e-06
-7.50281e-05
1.16118e-05
-7.38769e-05
1.35164e-05
-7.30104e-05
1.53464e-05
-7.23869e-05
1.70801e-05
-7.19782e-05
1.87018e-05
-7.1755e-05
2.01994e-05
-7.16831e-05
2.15639e-05
-7.1723e-05
2.27876e-05
-7.18315e-05
2.38636e-05
-7.19632e-05
2.47852e-05
-7.20712e-05
2.55451e-05
-7.21089e-05
2.61362e-05
-7.20306e-05
2.65511e-05
-7.17926e-05
2.67833e-05
-7.13545e-05
2.68278e-05
-7.06797e-05
2.66818e-05
-6.97375e-05
2.63464e-05
-6.8504e-05
2.58267e-05
-6.69648e-05
2.51326e-05
-6.51158e-05
2.42785e-05
-6.29656e-05
2.32833e-05
-6.0536e-05
2.21692e-05
-5.78621e-05
2.09633e-05
-5.49912e-05
1.96985e-05
-5.19806e-05
1.84163e-05
-4.88968e-05
1.71686e-05
-4.58151e-05
1.60178e-05
-4.282e-05
1.50356e-05
-4.00043e-05
1.43011e-05
-3.74673e-05
1.38998e-05
-3.53101e-05
1.39246e-05
-3.36293e-05
1.44789e-05
-3.25073e-05
1.56809e-05
-3.19968e-05
1.76675e-05
-3.20947e-05
2.05953e-05
-3.26955e-05
2.46306e-05
-3.35185e-05
2.99159e-05
-3.39999e-05
3.64942e-05
-3.31603e-05
4.41795e-05
-2.95067e-05
5.24041e-05
-2.11317e-05
-6.2475e-06
3.32109e-06
-7.28431e-05
4.91567e-06
-7.98375e-05
6.49739e-06
-7.81347e-05
8.1586e-06
-7.66893e-05
9.836e-06
-7.55544e-05
1.14851e-05
-7.46595e-05
1.30752e-05
-7.3977e-05
1.4583e-05
-7.3486e-05
1.59897e-05
-7.31617e-05
1.72798e-05
-7.29732e-05
1.84404e-05
-7.28836e-05
1.94606e-05
-7.28517e-05
2.03306e-05
-7.28331e-05
2.10415e-05
-7.27822e-05
2.15854e-05
-7.26527e-05
2.19547e-05
-7.23999e-05
2.21432e-05
-7.19812e-05
2.21461e-05
-7.13573e-05
2.19606e-05
-7.04943e-05
2.15872e-05
-6.9364e-05
2.10298e-05
-6.79467e-05
2.02968e-05
-6.62318e-05
1.94008e-05
-6.42199e-05
1.83591e-05
-6.19239e-05
1.71929e-05
-5.93698e-05
1.59277e-05
-5.65969e-05
1.4593e-05
-5.36565e-05
1.32238e-05
-5.06114e-05
1.18612e-05
-4.75342e-05
1.05534e-05
-4.45072e-05
9.35495e-06
-4.16216e-05
8.32657e-06
-3.89759e-05
7.53359e-06
-3.66743e-05
7.0461e-06
-3.48226e-05
6.94066e-06
-3.35238e-05
7.3039e-06
-3.28705e-05
8.23786e-06
-3.29308e-05
9.86636e-06
-3.37232e-05
1.23399e-05
-3.5169e-05
1.58318e-05
-3.70104e-05
2.05138e-05
-3.86819e-05
2.64904e-05
-3.91369e-05
3.36751e-05
-3.66913e-05
4.1631e-05
-2.90876e-05
-1.41255e-05
2.78564e-06
-7.56287e-05
3.95266e-06
-8.10045e-05
5.22514e-06
-7.94072e-05
6.59451e-06
-7.80587e-05
7.98925e-06
-7.69491e-05
9.36676e-06
-7.6037e-05
1.06975e-05
-7.53077e-05
1.19577e-05
-7.47462e-05
1.3127e-05
-7.43311e-05
1.41879e-05
-7.40341e-05
1.5125e-05
-7.38207e-05
1.59249e-05
-7.36515e-05
1.65758e-05
-7.34841e-05
1.70677e-05
-7.3274e-05
1.73918e-05
-7.29768e-05
1.75408e-05
-7.2549e-05
1.75094e-05
-7.19498e-05
1.72945e-05
-7.11424e-05
1.68957e-05
-7.00955e-05
1.6316e-05
-6.87843e-05
1.55622e-05
-6.71929e-05
1.46453e-05
-6.53149e-05
1.35807e-05
-6.31553e-05
1.23879e-05
-6.0731e-05
1.10903e-05
-5.80722e-05
9.71513e-06
-5.52217e-05
8.29314e-06
-5.22345e-05
6.85911e-06
-4.91773e-05
5.45196e-06
-4.6127e-05
4.11462e-06
-4.31699e-05
2.8935e-06
-4.04005e-05
1.83768e-06
-3.79201e-05
9.98405e-07
-3.5835e-05
4.29539e-07
-3.42537e-05
1.89193e-07
-3.32835e-05
3.43378e-07
-3.30247e-05
9.7157e-07
-3.3559e-05
2.17448e-06
-3.49261e-05
4.08164e-06
-3.70762e-05
6.85638e-06
-3.97851e-05
1.06844e-05
-4.251e-05
1.57311e-05
-4.41836e-05
2.20429e-05
-4.30031e-05
2.94016e-05
-3.64463e-05
-2.19151e-05
2.18222e-06
-7.78109e-05
2.97158e-06
-8.17939e-05
3.94583e-06
-8.03814e-05
5.01943e-06
-7.91323e-05
6.12228e-06
-7.80519e-05
7.216e-06
-7.71308e-05
8.27302e-06
-7.63648e-05
9.26999e-06
-7.57432e-05
1.0186e-05
-7.52471e-05
1.10022e-05
-7.48503e-05
1.17018e-05
-7.45202e-05
1.22698e-05
-7.42196e-05
1.26934e-05
-7.39077e-05
1.29617e-05
-7.35423e-05
1.30657e-05
-7.30808e-05
1.29987e-05
-7.2482e-05
1.27565e-05
-7.17075e-05
1.23374e-05
-7.07234e-05
1.17433e-05
-6.95014e-05
1.09795e-05
-6.80205e-05
1.00553e-05
-6.62686e-05
8.98382e-06
-6.42435e-05
7.7827e-06
-6.19541e-05
6.47321e-06
-5.94215e-05
5.08018e-06
-5.66792e-05
3.63149e-06
-5.3773e-05
2.15781e-06
-5.07608e-05
6.92188e-07
-4.77117e-05
-7.30175e-07
-4.47047e-05
-2.07237e-06
-4.18277e-05
-3.29665e-06
-3.91762e-05
-4.3654e-06
-3.68514e-05
-5.24157e-06
-3.49589e-05
-5.88846e-06
-3.36068e-05
-6.26842e-06
-3.29035e-05
-6.33976e-06
-3.29533e-05
-6.05159e-06
-3.38472e-05
-5.33583e-06
-3.56419e-05
-4.09573e-06
-3.83162e-05
-2.19423e-06
-4.16866e-05
5.54203e-07
-4.52584e-05
4.37216e-06
-4.80015e-05
9.46308e-06
-4.8094e-05
1.58938e-05
-4.28769e-05
-2.94593e-05
1.55479e-06
-7.93657e-05
2.01526e-06
-8.22543e-05
2.69719e-06
-8.10634e-05
3.47097e-06
-7.99061e-05
4.27529e-06
-7.88563e-05
5.07725e-06
-7.79327e-05
5.85154e-06
-7.71391e-05
6.57553e-06
-7.64672e-05
7.22822e-06
-7.58998e-05
7.79021e-06
-7.54123e-05
8.2439e-06
-7.49739e-05
8.57371e-06
-7.45494e-05
8.76623e-06
-7.41002e-05
8.81036e-06
-7.35864e-05
8.69744e-06
-7.29678e-05
8.42148e-06
-7.2206e-05
7.97941e-06
-7.12655e-05
7.3713e-06
-7.01153e-05
6.60076e-06
-6.87308e-05
5.67509e-06
-6.70948e-05
4.60573e-06
-6.51993e-05
3.40782e-06
-6.30456e-05
2.1004e-06
-6.06467e-05
7.05816e-07
-5.80269e-05
-7.50622e-07
-5.52228e-05
-2.24117e-06
-5.22825e-05
-3.73629e-06
-4.92657e-05
-5.20538e-06
-4.62426e-05
-6.6177e-06
-4.32923e-05
-7.94313e-06
-4.05023e-05
-9.15325e-06
-3.7966e-05
-1.02223e-05
-3.57823e-05
-1.11276e-05
-3.40536e-05
-1.18499e-05
-3.28845e-05
-1.23727e-05
-3.23807e-05
-1.26806e-05
-3.26454e-05
-1.27547e-05
-3.37731e-05
-1.25646e-05
-3.58319e-05
-1.20564e-05
-3.88245e-05
-1.11337e-05
-4.26092e-05
-9.63238e-06
-4.67598e-05
-7.29156e-06
-5.03423e-05
-3.75404e-06
-5.16316e-05
1.30892e-06
-4.79399e-05
-3.61219e-05
9.33277e-07
-8.0299e-05
1.11293e-06
-8.2434e-05
1.5057e-06
-8.14561e-05
1.97687e-06
-8.03772e-05
2.47956e-06
-7.9359e-05
2.98641e-06
-7.84396e-05
3.47416e-06
-7.76268e-05
3.92091e-06
-7.69139e-05
4.30586e-06
-7.62848e-05
4.60958e-06
-7.5716e-05
4.81434e-06
-7.51787e-05
4.90448e-06
-7.46395e-05
4.86664e-06
-7.40624e-05
4.68997e-06
-7.34097e-05
4.36643e-06
-7.26443e-05
3.891e-06
-7.17305e-05
3.26186e-06
-7.06363e-05
2.48063e-06
-6.93341e-05
1.5527e-06
-6.78029e-05
4.87292e-07
-6.60294e-05
-7.02839e-07
-2.00105e-06
-3.38729e-06
-4.83852e-06
-6.32955e-06
-7.83368e-06
-9.3236e-06
-1.07723e-05
-1.21543e-05
-1.34469e-05
-1.46308e-05
-1.56918e-05
-1.66212e-05
-1.74168e-05
-1.80827e-05
-1.86292e-05
-1.9069e-05
-1.94118e-05
-1.9651e-05
-1.97392e-05
-1.95442e-05
-1.879e-05
-1.70055e-05
-1.35551e-05
3.41887e-07
2.87467e-07
3.88779e-07
5.56705e-07
7.58995e-07
9.7234e-07
1.17486e-06
1.34532e-06
1.46334e-06
1.50978e-06
1.46732e-06
1.32069e-06
1.05706e-06
6.66285e-07
1.41228e-07
-5.22019e-07
-1.3239e-06
-2.26123e-06
-3.32722e-06
)
;

boundaryField
{
    leftWall
    {
        type            calculated;
        value           uniform 0;
    }
    rightWall
    {
        type            calculated;
        value           nonuniform List<scalar> 0();
    }
    lowerWall
    {
        type            calculated;
        value           uniform 0;
    }
    atmosphere
    {
        type            calculated;
        value           nonuniform List<scalar> 0();
    }
    defaultFaces
    {
        type            empty;
        value           nonuniform List<scalar> 0();
    }
    procBoundary0to1
    {
        type            processor;
        value           nonuniform List<scalar> 
44
(
-1.65365e-05
-1.52005e-06
1.18634e-05
2.0176e-05
2.54213e-05
2.91559e-05
3.25947e-05
3.67068e-05
4.24367e-05
5.04451e-05
6.2069e-05
7.26573e-05
8.01489e-05
8.54427e-05
8.92261e-05
9.16415e-05
9.27787e-05
9.2743e-05
9.16244e-05
8.95324e-05
-6.77556e-05
9.02284e-05
8.68476e-05
8.35554e-05
8.10609e-05
7.97915e-05
7.80786e-05
7.78088e-05
8.16561e-05
8.80196e-05
9.28645e-05
9.49991e-05
9.45865e-05
9.21108e-05
8.80544e-05
8.27883e-05
7.64897e-05
6.90746e-05
6.01841e-05
4.9509e-05
3.71911e-05
2.3438e-05
7.97163e-06
-7.96802e-06
)
;
    }
    procBoundary0to2
    {
        type            processor;
        value           nonuniform List<scalar> 
46
(
-6.40091e-05
-6.17474e-05
-5.92605e-05
-5.65757e-05
-5.37317e-05
-5.07783e-05
-4.77758e-05
-4.47939e-05
-4.19103e-05
-3.92098e-05
-3.67821e-05
-3.47213e-05
-3.31242e-05
-3.2089e-05
-3.17147e-05
-3.2099e-05
-3.33333e-05
-3.54891e-05
-3.85852e-05
-4.2521e-05
-4.69547e-05
-5.10964e-05
-5.34161e-05
-5.13902e-05
-4.1709e-05
-8.0641e-05
-8.23796e-05
-8.15575e-05
-8.05451e-05
-7.95612e-05
-7.86529e-05
-7.78293e-05
-7.70844e-05
-7.64028e-05
-7.57625e-05
-7.51362e-05
-7.44928e-05
-7.37986e-05
-7.30189e-05
-7.21192e-05
-7.10673e-05
-6.98344e-05
-6.83967e-05
-6.67369e-05
-4.51115e-06
-6.48455e-05
)
;
    }
}


// ************************************************************************* //
