/*--------------------------------*- C++ -*----------------------------------*\
  =========                 |
  \\      /  F ield         | OpenFOAM: The Open Source CFD Toolbox
   \\    /   O peration     | Website:  https://openfoam.org
    \\  /    A nd           | Version:  9
     \\/     M anipulation  |
\*---------------------------------------------------------------------------*/
FoamFile
{
    format      ascii;
    class       volScalarField;
    location    "180";
    object      nut;
}
// * * * * * * * * * * * * * * * * * * * * * * * * * * * * * * * * * * * * * //

dimensions      [0 2 -1 0 0 0 0];

internalField   nonuniform List<scalar> 
10720
(
0.0716214
0.0740889
0.0759432
0.0769509
0.0772604
0.0761132
0.0728908
0.0667689
0.0565714
0.0416253
0.0229442
0.0127824
0.0168698
0.0209468
0.0220518
0.0213473
0.0200951
0.0185155
0.0176574
0.0178499
0.0203262
0.0243717
0.028905
0.033184
0.0371534
0.0410902
0.045127
0.0488354
0.0523096
0.0556296
0.0588395
0.0618796
0.0645114
0.0663045
0.0663792
0.0634961
0.0567056
0.0454103
0.0466772
0.0692099
0.0666554
0.0639086
0.0607791
0.0573977
0.0537051
0.0496897
0.0453869
0.0408847
0.0362725
0.0315614
0.0267883
0.0218993
0.0168021
0.0120812
0.0109474
0.0101837
0.0116224
0.0142971
0.0165401
0.018466
0.0202994
0.0221585
0.0240706
0.0260001
0.0278919
0.0297148
0.0314507
0.033088
0.0346164
0.036037
0.0373527
0.0385728
0.0397453
0.0409275
0.0421267
0.0434265
0.0446884
0.0474112
0.0664032
0.0655146
0.0651489
0.0654012
0.0677723
0.0717378
0.076639
0.081633
0.0855325
0.086686
0.0835664
0.0781141
0.0808118
0.0879831
0.0771477
0.0620192
0.0568589
0.0529047
0.054642
0.0536493
0.0546319
0.056584
0.0580378
0.0580545
0.0569348
0.0561297
0.0589584
0.0611362
0.0626786
0.0636273
0.0641448
0.0646221
0.0650513
0.0658827
0.0678237
0.0701964
0.0713149
0.0744977
0.101849
0.0671581
0.0675591
0.0681104
0.0681457
0.0678633
0.06719
0.0659698
0.064154
0.0618431
0.0592277
0.0563223
0.0532844
0.0502871
0.0474115
0.0446669
0.0419642
0.0393518
0.0368677
0.0346141
0.0326039
0.0308117
0.0292235
0.0278135
0.0265166
0.0253085
0.0242253
0.0232819
0.0224907
0.0218549
0.0213728
0.0210376
0.0208398
0.0207608
0.0210755
0.0219536
0.0231565
0.0245956
0.0256958
0.0267256
0.0951442
0.0940392
0.0923576
0.0899099
0.087837
0.0857513
0.0842312
0.0821183
0.083312
0.0873715
0.0931525
0.099045
0.107543
0.12385
0.137616
0.140376
0.121935
0.092592
0.0785075
0.0754895
0.0782771
0.0853795
0.0941176
0.103024
0.111518
0.119789
0.127395
0.133275
0.137564
0.140292
0.141423
0.141034
0.139628
0.138566
0.140212
0.144
0.145813
0.149164
0.193594
0.0960826
0.0966068
0.0972427
0.0974223
0.097292
0.09678
0.0957545
0.0941472
0.0920174
0.0894786
0.0865328
0.0833008
0.0799187
0.0764764
0.073049
0.0697201
0.0664535
0.0633325
0.0604202
0.0576908
0.0551263
0.0527066
0.0504123
0.0481511
0.0458772
0.0436299
0.0414297
0.0392972
0.037247
0.0352916
0.0334427
0.0317139
0.0301111
0.0286712
0.027349
0.0269205
0.0273666
0.028756
0.0249975
0.111279
0.110457
0.109196
0.107459
0.10524
0.102239
0.0995556
0.096415
0.0931342
0.0907524
0.091071
0.0958513
0.105758
0.124811
0.154479
0.183533
0.18688
0.165089
0.133035
0.122808
0.131458
0.148703
0.165576
0.181135
0.194541
0.205631
0.214229
0.219965
0.222941
0.223514
0.222325
0.220212
0.218175
0.217327
0.218621
0.221054
0.222544
0.229105
0.291026
0.111934
0.112332
0.112738
0.112879
0.112785
0.112434
0.111736
0.110635
0.109148
0.107306
0.1051
0.102587
0.0998381
0.0969132
0.0938739
0.0907997
0.0876911
0.0846081
0.0816123
0.0787093
0.0759058
0.0731947
0.0705601
0.0679118
0.0651902
0.0624457
0.0597056
0.0569927
0.0543271
0.0517249
0.049202
0.0467745
0.0444556
0.0422684
0.0402148
0.0384047
0.036694
0.0365644
0.0303987
0.120429
0.119834
0.118926
0.117692
0.11615
0.114089
0.111492
0.108249
0.105121
0.101564
0.0979604
0.0948484
0.0979456
0.110528
0.138995
0.184298
0.223108
0.225206
0.203226
0.189764
0.196053
0.213409
0.233231
0.252365
0.269328
0.283596
0.294653
0.30193
0.305452
0.305858
0.30435
0.302253
0.300488
0.299288
0.298847
0.299083
0.300473
0.313128
0.389765
0.120874
0.121153
0.121418
0.121524
0.121467
0.121239
0.120783
0.120062
0.119077
0.117835
0.116324
0.11456
0.112576
0.110396
0.108058
0.105612
0.103066
0.100451
0.097816
0.0951772
0.0925538
0.0899478
0.0873516
0.0846871
0.0818977
0.0790249
0.0760963
0.07314
0.0701818
0.0672448
0.0643475
0.0615116
0.0587562
0.0561097
0.0535897
0.0512819
0.048951
0.0482474
0.0417416
0.126144
0.125747
0.125116
0.124253
0.123172
0.121745
0.119907
0.117518
0.114555
0.111351
0.107733
0.103164
0.0994443
0.101186
0.116635
0.15613
0.216163
0.260625
0.260771
0.2495
0.253393
0.271106
0.29387
0.316977
0.338272
0.356767
0.371548
0.381755
0.387286
0.388932
0.38827
0.386945
0.385669
0.383785
0.380838
0.377859
0.378931
0.399504
0.487008
0.12642
0.126585
0.126731
0.126779
0.126714
0.126535
0.126209
0.125712
0.125042
0.124201
0.123175
0.121969
0.120594
0.119058
0.117381
0.115587
0.113673
0.111649
0.109546
0.107378
0.105161
0.1029
0.100591
0.0981702
0.095586
0.0928695
0.0900449
0.0871374
0.0841696
0.0811642
0.0781454
0.0751398
0.0721719
0.0692767
0.0664833
0.063883
0.0612369
0.0601628
0.0538524
0.12986
0.129587
0.129132
0.128507
0.127721
0.1267
0.125411
0.123784
0.12166
0.118946
0.115559
0.111963
0.107447
0.103121
0.104866
0.125628
0.179132
0.252862
0.298375
0.301591
0.305433
0.32349
0.349292
0.376788
0.402968
0.426371
0.445737
0.459909
0.468582
0.472532
0.473539
0.473518
0.47311
0.470862
0.465375
0.458425
0.458524
0.486201
0.58119
0.130031
0.130121
0.130188
0.130191
0.130108
0.129946
0.129688
0.12932
0.128841
0.128249
0.127535
0.1267
0.125747
0.124677
0.123506
0.122234
0.120852
0.11936
0.117774
0.116099
0.114347
0.112518
0.110605
0.108558
0.106332
0.103946
0.101415
0.098759
0.0959946
0.0931418
0.0902233
0.0872669
0.0842997
0.081359
0.0784747
0.0757453
0.0729588
0.0716109
0.0656515
0.132439
0.132256
0.13193
0.131481
0.130912
0.130161
0.129216
0.128042
0.126544
0.124616
0.122039
0.118802
0.115285
0.110673
0.105944
0.109364
0.139602
0.210806
0.295603
0.340407
0.352538
0.371704
0.400387
0.432405
0.463787
0.492562
0.517163
0.53615
0.54894
0.556151
0.559593
0.561389
0.562262
0.56024
0.552844
0.541699
0.539283
0.570872
0.671031
0.132535
0.13257
0.132581
0.132545
0.132442
0.132281
0.132055
0.131761
0.131398
0.130964
0.130451
0.129858
0.129187
0.128438
0.127621
0.126726
0.12574
0.124662
0.123497
0.122244
0.12091
0.11949
0.117977
0.116329
0.114507
0.112519
0.110373
0.108079
0.105647
0.103091
0.100427
0.0976817
0.0948799
0.0920577
0.0892467
0.0865455
0.0837667
0.0822783
0.0767396
0.134288
0.134167
0.133932
0.133606
0.133191
0.132636
0.131941
0.131081
0.129991
0.128614
0.126814
0.124372
0.121291
0.11781
0.11291
0.108062
0.116048
0.161612
0.253373
0.345657
0.391075
0.415724
0.447473
0.483984
0.520734
0.555202
0.585541
0.610051
0.627842
0.639249
0.645939
0.650065
0.652422
0.650827
0.642192
0.627273
0.619479
0.650973
0.754993
0.134334
0.134333
0.134305
0.134241
0.13412
0.133953
0.133741
0.133489
0.1332
0.132868
0.132489
0.132058
0.131579
0.13105
0.130477
0.129844
0.12914
0.128362
0.127511
0.126586
0.125587
0.124509
0.123342
0.122053
0.120608
0.119011
0.11726
0.115358
0.113309
0.111119
0.108798
0.106365
0.10384
0.101257
0.0986428
0.096093
0.0934426
0.0919185
0.0868684
0.135657
0.135585
0.135425
0.135199
0.134904
0.134495
0.133979
0.13334
0.132533
0.131519
0.130228
0.128507
0.126173
0.123203
0.119624
0.114218
0.110117
0.127423
0.195399
0.308404
0.404547
0.453462
0.49037
0.531496
0.573699
0.614071
0.650519
0.681136
0.704723
0.721265
0.7321
0.739134
0.74292
0.741016
0.730475
0.712234
0.696737
0.723677
0.83099
0.135666
0.135639
0.135586
0.135504
0.135368
0.135194
0.134986
0.134758
0.134515
0.134254
0.133965
0.133648
0.133302
0.132929
0.132525
0.132072
0.131566
0.131003
0.130382
0.129699
0.128955
0.128142
0.127252
0.126258
0.125133
0.123875
0.12248
0.120947
0.119273
0.117457
0.115506
0.113429
0.111241
0.108967
0.106633
0.104321
0.101891
0.100417
0.095899
0.136697
0.13667
0.136574
0.136428
0.136222
0.135921
0.135531
0.135048
0.134444
0.133691
0.13274
0.131504
0.129845
0.12758
0.124646
0.120774
0.114661
0.114053
0.1477
0.244557
0.376468
0.473651
0.527807
0.574668
0.622496
0.66892
0.711735
0.74891
0.778996
0.801595
0.817577
0.828275
0.833457
0.829757
0.814332
0.790598
0.768599
0.785877
0.896177
0.136674
0.136629
0.13656
0.136465
0.13632
0.136139
0.135931
0.135715
0.135504
0.135292
0.135069
0.134832
0.134584
0.13432
0.134033
0.133708
0.133342
0.132933
0.132478
0.131975
0.13142
0.130808
0.130132
0.12937
0.128499
0.127519
0.126423
0.125206
0.123864
0.122394
0.120795
0.119072
0.117233
0.115297
0.113281
0.111259
0.109106
0.107751
0.103778
0.137508
0.137524
0.137479
0.137388
0.137238
0.137005
0.136698
0.136324
0.135864
0.135302
0.134599
0.133698
0.132516
0.130902
0.128667
0.125705
0.121207
0.114978
0.122436
0.181738
0.311656
0.457006
0.552979
0.612536
0.666774
0.719458
0.768827
0.812887
0.850053
0.879588
0.901803
0.917196
0.92417
0.917365
0.89278
0.857208
0.828407
0.834343
0.946881
0.137454
0.137391
0.137311
0.137211
0.13706
0.136874
0.136664
0.136454
0.136264
0.136088
0.135913
0.135737
0.135561
0.135375
0.13517
0.134936
0.134672
0.134374
0.134041
0.133669
0.133256
0.132797
0.132283
0.131699
0.131028
0.130267
0.12941
0.128454
0.127391
0.126218
0.124931
0.123531
0.122021
0.120414
0.118722
0.117006
0.115158
0.113964
0.110533
0.138155
0.138204
0.138189
0.138122
0.137996
0.137802
0.13755
0.13725
0.136893
0.136467
0.135947
0.135291
0.134445
0.13331
0.131714
0.129483
0.126444
0.120995
0.116311
0.139649
0.234624
0.396899
0.54799
0.641233
0.705699
0.765275
0.82141
0.872587
0.917281
0.954532
0.984106
1.00552
1.01539
1.00532
0.96807
0.911934
0.865995
0.865793
0.978662
0.13807
0.137988
0.137898
0.137797
0.137643
0.137454
0.137241
0.137034
0.136858
0.136711
0.136572
0.136444
0.13632
0.136189
0.136043
0.135876
0.135686
0.135471
0.135228
0.134954
0.134647
0.134303
0.133914
0.133467
0.13295
0.132361
0.131694
0.130946
0.130111
0.129183
0.12816
0.127039
0.125822
0.124516
0.123129
0.121709
0.120169
0.119155
0.11626
0.138676
0.13874
0.13873
0.138662
0.138543
0.138371
0.138158
0.137911
0.137626
0.137298
0.136909
0.13643
0.135824
0.135026
0.133905
0.132315
0.130104
0.12663
0.120236
0.121819
0.171802
0.309606
0.497508
0.646409
0.736788
0.805598
0.86901
0.92752
0.980056
1.02566
1.06368
1.09267
1.10732
1.0955
1.04454
0.96022
0.883027
0.874415
0.98659
0.138566
0.138465
0.138361
0.138262
0.138108
0.137917
0.137702
0.137495
0.13733
0.137205
0.137097
0.137005
0.136919
0.136828
0.136725
0.136607
0.136472
0.136317
0.136142
0.135942
0.135716
0.135459
0.135166
0.134826
0.134429
0.133974
0.133458
0.132876
0.132223
0.131497
0.130692
0.129807
0.12884
0.127797
0.126683
0.125537
0.124291
0.123453
0.121129
0.139091
0.139152
0.139126
0.139047
0.13893
0.138774
0.138592
0.138386
0.138155
0.137896
0.1376
0.137245
0.136804
0.136235
0.135453
0.134331
0.132802
0.130531
0.126138
0.120221
0.135864
0.224433
0.406323
0.60828
0.749664
0.838523
0.910866
0.977117
1.03774
1.09217
1.13958
1.17774
1.19963
1.18933
1.12706
1.01116
0.887799
0.847818
0.96583
0.138968
0.138852
0.13873
0.138634
0.138483
0.138291
0.138073
0.137865
0.137709
0.137602
0.137519
0.137455
0.137397
0.137334
0.137264
0.137182
0.137088
0.13698
0.136856
0.136712
0.136548
0.136359
0.13614
0.135883
0.135581
0.135232
0.134834
0.134385
0.133882
0.133319
0.132694
0.132004
0.131248
0.130431
0.129556
0.128656
0.127684
0.127005
0.125317
0.139415
0.139455
0.139407
0.139318
0.139205
0.139066
0.13891
0.138735
0.138545
0.138339
0.13811
0.137841
0.13751
0.137093
0.136549
0.135775
0.134725
0.133282
0.130721
0.12513
0.123606
0.16425
0.300823
0.519817
0.723863
0.856725
0.945359
1.02058
1.08961
1.15318
1.2107
1.25951
1.29132
1.28691
1.21901
1.07425
0.895311
0.797744
0.91212
0.139292
0.139168
0.139028
0.138933
0.138786
0.138594
0.138374
0.138165
0.138017
0.137926
0.137864
0.137821
0.137782
0.137741
0.137694
0.13764
0.137577
0.137503
0.137418
0.137318
0.137201
0.137065
0.136905
0.136713
0.136486
0.136222
0.13592
0.135579
0.135197
0.134769
0.134292
0.133765
0.133187
0.132563
0.131896
0.131215
0.130494
0.129965
0.12891
0.13966
0.13967
0.139604
0.139511
0.139404
0.139281
0.139148
0.139001
0.138842
0.138676
0.138496
0.138286
0.138032
0.137722
0.137345
0.136839
0.136131
0.13524
0.133748
0.130367
0.12451
0.134411
0.212276
0.399209
0.643076
0.841511
0.967171
1.05643
1.13476
1.20773
1.27582
1.33643
1.38061
1.3867
1.32053
1.15515
0.922039
0.743972
0.823554
0.139545
0.139425
0.139269
0.139174
0.139033
0.138841
0.138619
0.138408
0.138269
0.138192
0.138146
0.138118
0.138094
0.138069
0.13804
0.138007
0.137967
0.13792
0.137864
0.137798
0.137719
0.137624
0.13751
0.137371
0.137203
0.137008
0.136785
0.136534
0.136252
0.135935
0.135582
0.135192
0.134766
0.134309
0.133825
0.133342
0.132847
0.132469
0.131942
0.139834
0.139817
0.139741
0.139649
0.139551
0.139443
0.13933
0.139206
0.139072
0.138937
0.138793
0.138625
0.138426
0.1382
0.13795
0.137645
0.137212
0.136648
0.135856
0.134007
0.129468
0.126471
0.157561
0.281634
0.514135
0.771064
0.960249
1.08053
1.17173
1.2547
1.3336
1.40669
1.46508
1.48569
1.42832
1.25236
0.97665
0.711463
0.699522
0.139733
0.139623
0.139465
0.139369
0.139234
0.139043
0.13882
0.138607
0.138477
0.138412
0.138379
0.138362
0.138349
0.138335
0.138321
0.138302
0.138281
0.138254
0.138221
0.13818
0.138131
0.138069
0.137992
0.137895
0.137777
0.137639
0.137482
0.137305
0.137106
0.136884
0.136635
0.136363
0.136068
0.135758
0.135437
0.135133
0.134835
0.134603
0.134447
0.139945
0.139916
0.139839
0.13975
0.139662
0.139568
0.13947
0.139365
0.139252
0.13914
0.139022
0.138884
0.13873
0.138578
0.138433
0.138276
0.138054
0.137729
0.137293
0.136402
0.133871
0.128726
0.134259
0.196335
0.370432
0.640499
0.900647
1.07942
1.19697
1.29246
1.38249
1.46829
1.54189
1.57991
1.53699
1.3585
1.05376
0.718221
0.574597
0.139862
0.139766
0.139622
0.139527
0.1394
0.13921
0.138984
0.138769
0.138649
0.138594
0.138571
0.138562
0.138557
0.138553
0.138548
0.138541
0.138533
0.138521
0.138507
0.138487
0.13846
0.138425
0.138378
0.138316
0.138238
0.138148
0.138047
0.137933
0.137806
0.137662
0.137504
0.137333
0.137153
0.136972
0.136794
0.136644
0.136502
0.136391
0.136432
0.140015
0.139983
0.139908
0.139825
0.139746
0.139664
0.139579
0.139489
0.139392
0.1393
0.1392
0.139086
0.138974
0.138889
0.138835
0.138789
0.138712
0.138561
0.138317
0.1379
0.136707
0.133193
0.129844
0.15086
0.251571
0.476114
0.773569
1.02925
1.19907
1.31762
1.42048
1.51899
1.60791
1.66487
1.64056
1.46479
1.13921
0.758194
0.491367
0.139946
0.139866
0.139745
0.139654
0.139534
0.139348
0.139119
0.138901
0.138793
0.138746
0.13873
0.138727
0.138728
0.13873
0.138733
0.138735
0.138736
0.138737
0.138735
0.138732
0.138724
0.13871
0.138687
0.138654
0.138611
0.138563
0.138509
0.138449
0.138382
0.138306
0.138225
0.138141
0.138059
0.137985
0.13792
0.137882
0.13784
0.137816
0.137904
0.140058
0.140031
0.139958
0.13988
0.13981
0.139737
0.139663
0.139585
0.139504
0.139426
0.139341
0.139246
0.139173
0.139149
0.139164
0.139185
0.13919
0.139154
0.139049
0.138852
0.138398
0.136626
0.132606
0.134801
0.177984
0.323568
0.594893
0.90816
1.15544
1.3201
1.44385
1.55603
1.65972
1.73563
1.73289
1.56362
1.21994
0.808564
0.471347
0.140001
0.139934
0.139834
0.139752
0.139642
0.139461
0.13923
0.13901
0.138913
0.138872
0.138861
0.138862
0.138867
0.138874
0.138883
0.138891
0.1389
0.138909
0.138918
0.138927
0.138935
0.138938
0.138936
0.138927
0.138915
0.138902
0.13889
0.138875
0.138857
0.138837
0.138819
0.138804
0.138794
0.138792
0.138792
0.138811
0.138816
0.138846
0.138915
0.140084
0.140064
0.139992
0.139921
0.139859
0.139793
0.139727
0.13966
0.139591
0.139525
0.139451
0.139374
0.139335
0.139359
0.139412
0.139471
0.139524
0.139557
0.139551
0.139483
0.139335
0.138694
0.136265
0.133348
0.14501
0.217167
0.41101
0.7207
1.03998
1.27891
1.44321
1.5749
1.69326
1.7868
1.80709
1.64776
1.28792
0.850329
0.490107
0.140036
0.13998
0.139898
0.139826
0.139726
0.139554
0.139321
0.1391
0.139013
0.138977
0.138969
0.138973
0.138981
0.138991
0.139004
0.139016
0.139031
0.139046
0.139064
0.139083
0.139102
0.13912
0.139135
0.139148
0.139162
0.139181
0.139202
0.139223
0.139244
0.139265
0.139289
0.139314
0.139341
0.13937
0.139398
0.139438
0.139462
0.139518
0.139567
0.140098
0.140085
0.140014
0.13995
0.139894
0.139835
0.139776
0.139717
0.139659
0.139602
0.139537
0.139476
0.13947
0.13952
0.139591
0.139671
0.13975
0.139823
0.139879
0.139901
0.139884
0.139737
0.138762
0.136174
0.136069
0.16179
0.268917
0.509346
0.846956
1.16583
1.39888
1.5663
1.70303
1.81231
1.85467
1.70854
1.33685
0.87583
0.508971
0.140058
0.14001
0.139941
0.139879
0.139788
0.139627
0.139395
0.139175
0.139095
0.139063
0.139057
0.139063
0.139073
0.139086
0.139101
0.139117
0.139135
0.139155
0.139179
0.139205
0.139234
0.139264
0.139294
0.139326
0.139363
0.139408
0.139454
0.139499
0.139543
0.139586
0.139627
0.139668
0.139708
0.139749
0.139788
0.139836
0.139871
0.13994
0.139981
0.140104
0.140095
0.140028
0.13997
0.139919
0.139864
0.139811
0.139761
0.139711
0.139661
0.139603
0.139559
0.13958
0.139642
0.139721
0.139809
0.139901
0.139995
0.140086
0.140164
0.140222
0.140253
0.140023
0.138789
0.136595
0.141546
0.186158
0.330994
0.612125
0.96712
1.28188
1.51119
1.67924
1.80587
1.86713
1.73574
1.35965
0.883767
0.512704
0.14007
0.140029
0.139971
0.139916
0.139834
0.139685
0.139454
0.139238
0.139163
0.139133
0.139128
0.139135
0.139146
0.139161
0.139177
0.139196
0.139216
0.13924
0.139268
0.1393
0.139337
0.139377
0.13942
0.139468
0.139524
0.139586
0.139646
0.139702
0.139755
0.139804
0.139852
0.139898
0.139943
0.139989
0.140034
0.140087
0.14013
0.140206
0.140244
0.140104
0.140097
0.140034
0.139982
0.139935
0.139884
0.139836
0.139792
0.13975
0.139706
0.139657
0.139626
0.139663
0.139732
0.139814
0.139904
0.140001
0.140104
0.140211
0.14032
0.140425
0.140526
0.140578
0.140246
0.138879
0.137878
0.150575
0.217456
0.398857
0.711163
1.07315
1.38051
1.60275
1.75652
1.83668
1.72214
1.34924
0.870216
0.500403
0.140075
0.140041
0.139991
0.139943
0.139868
0.139729
0.139501
0.139291
0.139218
0.13919
0.139185
0.139192
0.139204
0.139219
0.139237
0.139257
0.139279
0.139305
0.139336
0.139372
0.139415
0.139464
0.139518
0.13958
0.139648
0.139717
0.139781
0.13984
0.139894
0.139946
0.139995
0.140043
0.140092
0.140141
0.140191
0.140247
0.140296
0.140377
0.140415
0.1401
0.140093
0.140035
0.139988
0.139944
0.139896
0.139853
0.139815
0.139778
0.139742
0.139699
0.139679
0.139723
0.139793
0.139875
0.139965
0.140063
0.140168
0.140282
0.140406
0.140536
0.140673
0.140815
0.14087
0.140442
0.139137
0.140457
0.163161
0.253261
0.465385
0.79563
1.15298
1.44494
1.64452
1.75062
1.65687
1.29637
0.830112
0.473906
0.140076
0.140047
0.140005
0.139962
0.139893
0.139762
0.139537
0.139335
0.139264
0.139235
0.13923
0.139236
0.139249
0.139264
0.139283
0.139304
0.139327
0.139355
0.139387
0.139426
0.139474
0.139529
0.139592
0.139662
0.139735
0.139806
0.139871
0.139929
0.139984
0.140036
0.140087
0.140137
0.140188
0.140239
0.140292
0.140352
0.140405
0.140488
0.140528
0.140092
0.140085
0.140032
0.139988
0.139946
0.139902
0.139864
0.13983
0.139798
0.139769
0.139732
0.139719
0.139765
0.139834
0.139914
0.140001
0.140096
0.140201
0.140316
0.140444
0.140585
0.140741
0.140913
0.141092
0.14114
0.140631
0.139744
0.144497
0.178329
0.288996
0.520351
0.850497
1.18616
1.44294
1.58879
1.52466
1.19014
0.758387
0.434784
0.140073
0.140049
0.140013
0.139975
0.139911
0.139787
0.139566
0.139372
0.1393
0.139271
0.139264
0.13927
0.139282
0.139298
0.139317
0.139339
0.139363
0.139391
0.139424
0.139465
0.139517
0.139577
0.139646
0.139721
0.139795
0.139865
0.139929
0.139987
0.140042
0.140095
0.140147
0.140198
0.14025
0.140304
0.14036
0.140421
0.140477
0.140562
0.140604
0.140081
0.140073
0.140025
0.139984
0.139944
0.139903
0.139869
0.139839
0.139813
0.139788
0.139757
0.139752
0.139799
0.139864
0.139938
0.14002
0.140111
0.140212
0.140324
0.140451
0.140595
0.140758
0.140941
0.14115
0.141358
0.141386
0.140872
0.140832
0.14973
0.193829
0.317612
0.550024
0.854812
1.14025
1.3297
1.30957
1.02265
0.65326
0.384167
0.140066
0.140047
0.140017
0.139984
0.139924
0.139806
0.139587
0.139402
0.139329
0.139298
0.139289
0.139294
0.139306
0.139322
0.139342
0.139364
0.139389
0.139417
0.139451
0.139493
0.139546
0.13961
0.139684
0.13976
0.139835
0.139904
0.139967
0.140025
0.140081
0.140134
0.140187
0.140239
0.140293
0.140348
0.140405
0.140468
0.140527
0.140612
0.140657
0.140068
0.140059
0.140014
0.139976
0.139939
0.139901
0.13987
0.139844
0.139822
0.139803
0.139778
0.13978
0.139826
0.139886
0.139954
0.14003
0.140114
0.140209
0.140316
0.140438
0.140579
0.140741
0.140926
0.141139
0.141381
0.141612
0.141625
0.141233
0.142385
0.155319
0.206042
0.330096
0.53842
0.783097
0.981536
1.01091
0.799886
0.522591
0.325743
0.140057
0.140042
0.140018
0.139989
0.139934
0.139819
0.139602
0.139427
0.139353
0.139319
0.139308
0.139312
0.139323
0.13934
0.13936
0.139383
0.139408
0.139437
0.13947
0.139512
0.139567
0.139633
0.139709
0.139786
0.13986
0.139929
0.139992
0.140051
0.140107
0.140161
0.140214
0.140268
0.140323
0.140379
0.140437
0.140501
0.140561
0.140647
0.140693
0.140053
0.140042
0.140001
0.139966
0.13993
0.139895
0.139868
0.139847
0.139828
0.139813
0.139795
0.139802
0.139846
0.139901
0.139963
0.140033
0.14011
0.140198
0.140298
0.140413
0.140548
0.140704
0.140885
0.141094
0.141334
0.141608
0.141859
0.141883
0.141748
0.144184
0.159845
0.21058
0.317809
0.472852
0.623195
0.67551
0.555404
0.386773
0.267213
0.140045
0.140034
0.140015
0.139992
0.13994
0.139829
0.139612
0.139449
0.139372
0.139336
0.139323
0.139325
0.139336
0.139353
0.139374
0.139397
0.139423
0.139452
0.139485
0.139527
0.139581
0.139649
0.139726
0.139804
0.139879
0.139948
0.140011
0.14007
0.140126
0.140181
0.140236
0.14029
0.140345
0.140403
0.140462
0.140526
0.140587
0.140673
0.14072
0.140036
0.140025
0.139986
0.139952
0.139919
0.139888
0.139865
0.139847
0.139833
0.139823
0.139811
0.139819
0.139859
0.139909
0.139966
0.140029
0.1401
0.14018
0.140273
0.140381
0.140508
0.140655
0.140828
0.141028
0.141259
0.141527
0.141834
0.142108
0.142183
0.142388
0.145803
0.161677
0.204117
0.278043
0.360722
0.396221
0.349648
0.274226
0.218072
0.140032
0.140024
0.14001
0.139991
0.139944
0.139835
0.139619
0.139467
0.13939
0.139352
0.139336
0.139337
0.139348
0.139365
0.139386
0.13941
0.139437
0.139466
0.139499
0.13954
0.139593
0.139661
0.139739
0.139818
0.139893
0.139963
0.140026
0.140086
0.140143
0.140199
0.140253
0.140308
0.140364
0.140422
0.140482
0.140546
0.140608
0.140694
0.140742
0.140019
0.140006
0.139969
0.139937
0.139907
0.139879
0.13986
0.139846
0.139836
0.139831
0.139825
0.139833
0.139869
0.139913
0.139964
0.140021
0.140085
0.140159
0.140245
0.140345
0.140463
0.140601
0.140763
0.140952
0.141169
0.141422
0.141721
0.142061
0.142366
0.142531
0.143062
0.14677
0.159843
0.187386
0.222534
0.240694
0.229223
0.204418
0.184746
0.140017
0.140012
0.140003
0.139989
0.139946
0.139839
0.139623
0.139483
0.139407
0.139367
0.139351
0.13935
0.13936
0.139377
0.1394
0.139425
0.139452
0.139482
0.139514
0.139554
0.139605
0.139674
0.139752
0.139832
0.139908
0.139977
0.140042
0.140102
0.140159
0.140215
0.140271
0.140326
0.140382
0.14044
0.1405
0.140565
0.140627
0.140712
0.140761
0.14
0.139986
0.139951
0.139921
0.139894
0.139869
0.139854
0.139844
0.139838
0.139838
0.139836
0.139846
0.139878
0.139917
0.139962
0.140012
0.14007
0.140137
0.140215
0.140307
0.140416
0.140545
0.140696
0.140872
0.141074
0.141309
0.141587
0.141918
0.142292
0.142639
0.142919
0.143665
0.146844
0.155109
0.167468
0.175927
0.175522
0.169977
0.165899
0.14
0.139999
0.139993
0.139985
0.139946
0.139842
0.139625
0.139499
0.139425
0.139385
0.139368
0.139367
0.139377
0.139394
0.139417
0.139443
0.139471
0.139501
0.139534
0.139571
0.139621
0.139689
0.139768
0.139848
0.139924
0.139994
0.140059
0.14012
0.140177
0.140234
0.140289
0.140345
0.140401
0.140459
0.140519
0.140583
0.140646
0.140729
0.140779
0.139981
0.139967
0.139932
0.139904
0.13988
0.13986
0.139848
0.139842
0.139841
0.139845
0.139848
0.13986
0.139887
0.13992
0.139959
0.140004
0.140055
0.140115
0.140186
0.14027
0.14037
0.140489
0.140628
0.140791
0.140978
0.141195
0.141452
0.141757
0.14212
0.142529
0.142931
0.143329
0.144131
0.146292
0.15014
0.153832
0.155211
0.15524
0.156377
0.139982
0.139983
0.139982
0.139979
0.139946
0.139844
0.139627
0.139514
0.139445
0.139407
0.13939
0.139388
0.139398
0.139416
0.13944
0.139466
0.139495
0.139526
0.139559
0.139595
0.139643
0.139709
0.139788
0.139869
0.139945
0.140016
0.14008
0.140141
0.140198
0.140255
0.14031
0.140366
0.140422
0.14048
0.140539
0.140603
0.140665
0.140748
0.140798
0.139961
0.139947
0.139913
0.139887
0.139867
0.139851
0.139843
0.139841
0.139845
0.139853
0.139862
0.139874
0.139896
0.139924
0.139957
0.139996
0.140041
0.140095
0.140159
0.140235
0.140326
0.140435
0.140563
0.140713
0.140885
0.141084
0.141319
0.141598
0.141931
0.142326
0.142773
0.143238
0.14374
0.144496
0.145803
0.147474
0.148768
0.149751
0.15195
0.139964
0.139967
0.13997
0.139972
0.139944
0.139846
0.13963
0.13953
0.139468
0.139433
0.139417
0.139416
0.139427
0.139445
0.139469
0.139497
0.139527
0.139558
0.139591
0.139627
0.139673
0.139737
0.139816
0.139896
0.139972
0.140042
0.140106
0.140166
0.140224
0.140279
0.140334
0.14039
0.140446
0.140503
0.140562
0.140625
0.140687
0.140768
0.140818
0.139941
0.139927
0.139895
0.139871
0.139855
0.139843
0.139839
0.139842
0.139849
0.139861
0.139872
0.139885
0.139902
0.139926
0.139955
0.139989
0.140029
0.140077
0.140134
0.140203
0.140286
0.140385
0.140502
0.140638
0.140796
0.140978
0.141193
0.141447
0.14175
0.142111
0.142538
0.143027
0.143557
0.144138
0.144881
0.14588
0.14688
0.147868
0.149952
0.139944
0.139949
0.139956
0.139963
0.139941
0.139848
0.139635
0.139547
0.139494
0.139463
0.13945
0.13945
0.139462
0.139481
0.139506
0.139535
0.139565
0.139597
0.13963
0.139666
0.139711
0.139773
0.139851
0.139931
0.140006
0.140075
0.140138
0.140197
0.140253
0.140308
0.140363
0.140417
0.140473
0.140529
0.140588
0.14065
0.140711
0.14079
0.14084
0.139921
0.139908
0.139878
0.139857
0.139844
0.139836
0.139837
0.139843
0.139853
0.139866
0.13988
0.139892
0.139908
0.139928
0.139953
0.139983
0.140019
0.140062
0.140113
0.140175
0.140249
0.140338
0.140445
0.140569
0.140713
0.140879
0.141075
0.141306
0.14158
0.141907
0.142297
0.142758
0.143291
0.143876
0.144546
0.145382
0.146245
0.147129
0.148978
0.139924
0.13993
0.13994
0.139953
0.139938
0.139851
0.139644
0.139567
0.139522
0.139497
0.139487
0.13949
0.139502
0.139523
0.139549
0.139579
0.139611
0.139644
0.139678
0.139713
0.139757
0.139818
0.139895
0.139973
0.140046
0.140113
0.140175
0.140232
0.140288
0.140342
0.140395
0.140449
0.140503
0.140559
0.140616
0.140678
0.140738
0.140815
0.140865
0.139901
0.139891
0.139863
0.139845
0.139837
0.139832
0.139836
0.139845
0.139858
0.139872
0.139887
0.1399
0.139914
0.139932
0.139954
0.139981
0.140012
0.14005
0.140095
0.14015
0.140216
0.140297
0.140393
0.140505
0.140636
0.140787
0.140965
0.141175
0.141424
0.14172
0.142072
0.142492
0.14299
0.143558
0.144214
0.145016
0.145843
0.146665
0.148315
0.139903
0.13991
0.139923
0.139942
0.139934
0.139855
0.139658
0.13959
0.139553
0.139534
0.139528
0.139533
0.139548
0.13957
0.139598
0.13963
0.139663
0.139697
0.139732
0.139767
0.13981
0.139871
0.139947
0.140022
0.140093
0.140157
0.140217
0.140272
0.140326
0.140379
0.140431
0.140484
0.140537
0.140592
0.140648
0.140708
0.140767
0.140843
0.140892
0.139884
0.139876
0.139852
0.139838
0.139833
0.139831
0.139836
0.139847
0.139861
0.139877
0.139893
0.139906
0.13992
0.139937
0.139957
0.139981
0.140009
0.140042
0.140082
0.14013
0.140189
0.14026
0.140346
0.140447
0.140565
0.140701
0.140863
0.141053
0.141279
0.141548
0.141866
0.142247
0.142701
0.14323
0.143854
0.14463
0.145437
0.146231
0.147759
0.139883
0.139889
0.139904
0.13993
0.139928
0.139858
0.139676
0.139615
0.139586
0.139572
0.13957
0.139578
0.139596
0.139621
0.139652
0.139685
0.139721
0.139756
0.139791
0.139828
0.139871
0.139932
0.140005
0.140078
0.140145
0.140206
0.140263
0.140316
0.140368
0.140419
0.14047
0.140522
0.140574
0.140627
0.140683
0.140741
0.140799
0.140872
0.14092
0.13987
0.139866
0.139848
0.139838
0.139835
0.139835
0.13984
0.13985
0.139865
0.139881
0.139897
0.139912
0.139926
0.139941
0.13996
0.139982
0.140008
0.140037
0.140072
0.140115
0.140167
0.14023
0.140305
0.140396
0.140501
0.140624
0.140769
0.140941
0.141146
0.141389
0.141678
0.142024
0.142437
0.142921
0.143503
0.144237
0.145015
0.14579
0.147252
0.139865
0.139868
0.139885
0.139916
0.139922
0.139862
0.139697
0.139643
0.13962
0.139611
0.139613
0.139625
0.139646
0.139675
0.139709
0.139745
0.139782
0.13982
0.139856
0.139893
0.139937
0.139999
0.140069
0.140137
0.1402
0.140258
0.140312
0.140363
0.140413
0.140463
0.140513
0.140563
0.140613
0.140666
0.140719
0.140776
0.140832
0.140903
0.14095
0.139862
0.139861
0.139851
0.139845
0.139844
0.139845
0.139848
0.139857
0.13987
0.139886
0.139901
0.139916
0.13993
0.139945
0.139963
0.139984
0.140007
0.140034
0.140066
0.140104
0.140149
0.140205
0.140271
0.140351
0.140444
0.140553
0.140684
0.140839
0.141024
0.141244
0.141506
0.14182
0.142195
0.142638
0.143176
0.143861
0.1446
0.145347
0.146788
0.139852
0.139849
0.139866
0.139901
0.139915
0.139865
0.139719
0.139672
0.139655
0.13965
0.139656
0.139672
0.139697
0.13973
0.139768
0.139808
0.139848
0.139887
0.139924
0.139962
0.140009
0.140071
0.140137
0.1402
0.140258
0.140312
0.140363
0.140413
0.140461
0.140509
0.140557
0.140606
0.140655
0.140706
0.140758
0.140813
0.140867
0.140935
0.140981
0.139861
0.139865
0.139865
0.139864
0.139865
0.139865
0.139865
0.139869
0.139879
0.139893
0.139907
0.139921
0.139935
0.139949
0.139965
0.139985
0.140007
0.140032
0.140061
0.140096
0.140136
0.140185
0.140243
0.140313
0.140395
0.140491
0.140607
0.140746
0.140912
0.14111
0.141347
0.141632
0.141975
0.142379
0.142875
0.143512
0.144204
0.144913
0.146367
0.139846
0.139837
0.13985
0.139886
0.139907
0.139867
0.139742
0.139702
0.13969
0.13969
0.139699
0.139719
0.139749
0.139788
0.13983
0.139874
0.139916
0.139957
0.139996
0.140036
0.140084
0.140145
0.140205
0.140263
0.140317
0.140368
0.140416
0.140464
0.14051
0.140557
0.140603
0.140651
0.140698
0.140747
0.140798
0.14085
0.140903
0.140968
0.141012
0.139872
0.139883
0.139891
0.139895
0.139897
0.139896
0.139894
0.139893
0.139896
0.139906
0.139919
0.139931
0.139942
0.139954
0.139969
0.139987
0.140007
0.14003
0.140057
0.140088
0.140125
0.140168
0.14022
0.140281
0.140352
0.140437
0.140539
0.140663
0.140811
0.140989
0.141203
0.141461
0.141772
0.142141
0.142598
0.14319
0.143829
0.144499
0.145968
0.139853
0.139837
0.139843
0.139873
0.139899
0.139869
0.139764
0.139733
0.139726
0.139729
0.139742
0.139767
0.139803
0.139848
0.139896
0.139943
0.139988
0.14003
0.14007
0.140112
0.140164
0.14022
0.140273
0.140325
0.140375
0.140424
0.14047
0.140516
0.140561
0.140606
0.140651
0.140697
0.140743
0.14079
0.140838
0.140889
0.140939
0.141
0.141043
0.139897
0.139914
0.139928
0.139936
0.139939
0.13994
0.139937
0.139933
0.139929
0.139931
0.139939
0.139948
0.139958
0.139967
0.139978
0.139992
0.14001
0.14003
0.140054
0.140083
0.140116
0.140154
0.1402
0.140253
0.140316
0.14039
0.140479
0.140588
0.140719
0.140879
0.14107
0.141303
0.141586
0.141922
0.142342
0.142892
0.143478
0.144101
0.145586
0.139876
0.139854
0.139848
0.139864
0.139891
0.139871
0.139785
0.139764
0.139762
0.139768
0.139785
0.139815
0.139859
0.139911
0.139965
0.140016
0.140063
0.140105
0.140147
0.140191
0.140242
0.140291
0.140339
0.140387
0.140434
0.140479
0.140524
0.140568
0.140612
0.140656
0.140699
0.140743
0.140788
0.140833
0.140879
0.140927
0.140974
0.141033
0.141073
0.139937
0.139956
0.139972
0.139983
0.139989
0.139992
0.139992
0.139987
0.139979
0.139973
0.139973
0.139977
0.139983
0.139989
0.139996
0.140006
0.140019
0.140035
0.140055
0.140079
0.140108
0.140143
0.140183
0.14023
0.140284
0.140349
0.140427
0.140521
0.140637
0.140778
0.14095
0.141159
0.141414
0.14172
0.142104
0.142616
0.143151
0.143727
0.145197
0.139914
0.139889
0.139869
0.139863
0.139884
0.139872
0.139804
0.139794
0.139798
0.139806
0.139827
0.139866
0.139918
0.139978
0.140037
0.140091
0.14014
0.140183
0.140226
0.140271
0.140316
0.140359
0.140402
0.140446
0.140491
0.140535
0.140579
0.140622
0.140664
0.140706
0.140748
0.14079
0.140833
0.140876
0.140919
0.140965
0.14101
0.141065
0.141103
0.139984
0.140003
0.14002
0.140033
0.140043
0.14005
0.140053
0.140052
0.140046
0.140035
0.140024
0.14002
0.140021
0.140022
0.140026
0.140031
0.140038
0.140049
0.140063
0.140082
0.140105
0.140134
0.140169
0.14021
0.140257
0.140313
0.14038
0.140463
0.140564
0.140688
0.140839
0.141027
0.141257
0.141533
0.141883
0.142357
0.142844
0.143382
0.144779
0.139961
0.139932
0.1399
0.139873
0.139879
0.139873
0.139821
0.139824
0.139832
0.139842
0.13987
0.139918
0.139981
0.140049
0.140113
0.140169
0.140218
0.140262
0.140305
0.140346
0.140384
0.140423
0.140463
0.140505
0.140549
0.140592
0.140634
0.140675
0.140716
0.140757
0.140797
0.140837
0.140877
0.140918
0.140959
0.141002
0.141044
0.141096
0.141132
0.14003
0.140049
0.140067
0.140084
0.140098
0.14011
0.140117
0.14012
0.140117
0.140109
0.140096
0.14008
0.140071
0.140067
0.140066
0.140066
0.140068
0.140073
0.14008
0.140092
0.140109
0.140132
0.140161
0.140195
0.140235
0.140283
0.140341
0.140411
0.140499
0.140607
0.14074
0.140905
0.141111
0.141359
0.141676
0.142115
0.142559
0.143055
0.144357
0.140007
0.139975
0.139935
0.139894
0.139879
0.139874
0.139839
0.139854
0.139864
0.139877
0.139913
0.139974
0.140049
0.140125
0.140191
0.140248
0.140296
0.140338
0.140376
0.140412
0.140448
0.140484
0.140523
0.140564
0.140606
0.140648
0.140689
0.140729
0.140768
0.140807
0.140845
0.140883
0.140921
0.140959
0.140998
0.141038
0.141078
0.141127
0.141161
0.140072
0.140092
0.140115
0.140137
0.140156
0.140172
0.140183
0.140189
0.140189
0.140183
0.140173
0.140157
0.140137
0.140122
0.140116
0.140112
0.140109
0.140108
0.140109
0.140113
0.140123
0.140138
0.140159
0.140186
0.140218
0.140258
0.140307
0.140367
0.140442
0.140535
0.14065
0.140795
0.140978
0.141199
0.141484
0.141886
0.142297
0.142737
0.143934
0.140049
0.140017
0.139971
0.139919
0.139884
0.139875
0.139856
0.139884
0.139894
0.139911
0.139958
0.140033
0.14012
0.140202
0.140267
0.14032
0.140364
0.140404
0.14044
0.140474
0.140509
0.140544
0.140582
0.140622
0.140663
0.140704
0.140743
0.140782
0.14082
0.140856
0.140893
0.140929
0.140964
0.141
0.141037
0.141074
0.141112
0.141158
0.14119
0.140112
0.140134
0.140162
0.140191
0.140214
0.140235
0.14025
0.140258
0.140261
0.140257
0.140248
0.140235
0.140217
0.140193
0.140177
0.140167
0.140159
0.140152
0.140147
0.140145
0.140147
0.140153
0.140166
0.140184
0.140209
0.140241
0.140281
0.140331
0.140394
0.140473
0.140572
0.140697
0.140857
0.141053
0.141306
0.141669
0.142057
0.142434
0.143487
0.140089
0.140057
0.140009
0.139947
0.139896
0.139877
0.139873
0.139912
0.139921
0.139944
0.140007
0.140098
0.140193
0.140271
0.140332
0.140383
0.140427
0.140465
0.140501
0.140536
0.140569
0.140604
0.140641
0.14068
0.14072
0.14076
0.140798
0.140834
0.14087
0.140905
0.140939
0.140973
0.141007
0.141041
0.141075
0.141111
0.141146
0.141189
0.14122
0.14015
0.140176
0.140209
0.140244
0.140271
0.140294
0.140312
0.140324
0.14033
0.140328
0.140321
0.14031
0.140294
0.140274
0.140248
0.14023
0.140217
0.140205
0.140194
0.140186
0.14018
0.140179
0.140183
0.140193
0.140209
0.140231
0.140262
0.140302
0.140353
0.140419
0.140503
0.14061
0.140748
0.14092
0.141141
0.141467
0.141834
0.142157
0.143013
0.140127
0.140096
0.140045
0.139976
0.139914
0.139881
0.139892
0.13994
0.139946
0.139977
0.14006
0.140165
0.140257
0.140332
0.140393
0.140444
0.140488
0.140527
0.140563
0.140597
0.14063
0.140664
0.1407
0.140738
0.140776
0.140814
0.140851
0.140886
0.14092
0.140953
0.140985
0.141017
0.141049
0.141081
0.141113
0.141147
0.141181
0.141222
0.141251
0.140186
0.140215
0.14025
0.140282
0.140307
0.140329
0.140348
0.140363
0.140374
0.140382
0.140385
0.14038
0.140366
0.140349
0.140327
0.1403
0.14028
0.140263
0.140248
0.140234
0.140222
0.140214
0.14021
0.140211
0.140218
0.140231
0.140252
0.140282
0.140322
0.140375
0.140444
0.140534
0.140652
0.1408
0.140991
0.141278
0.141625
0.141913
0.142541
0.14016
0.140131
0.14008
0.140007
0.139933
0.139887
0.139912
0.139966
0.139968
0.140014
0.140116
0.140225
0.140317
0.140392
0.140453
0.140505
0.14055
0.140589
0.140624
0.140658
0.14069
0.140723
0.140758
0.140794
0.140832
0.140868
0.140903
0.140936
0.140968
0.141
0.141031
0.141061
0.141091
0.141122
0.141153
0.141185
0.141217
0.141256
0.141285
0.140217
0.140245
0.140276
0.140306
0.140331
0.140354
0.140374
0.140391
0.140404
0.140413
0.14042
0.140424
0.140426
0.14042
0.140403
0.140378
0.140348
0.140325
0.140306
0.140288
0.140271
0.140256
0.140245
0.140238
0.140237
0.140241
0.140252
0.140271
0.1403
0.140341
0.140396
0.140469
0.140567
0.140694
0.140856
0.141104
0.141427
0.141702
0.142112
0.140189
0.140161
0.140112
0.140037
0.139954
0.139896
0.139932
0.139983
0.139988
0.140054
0.140172
0.140282
0.140375
0.140452
0.140515
0.140567
0.140612
0.140651
0.140686
0.140718
0.14075
0.140781
0.140815
0.14085
0.140886
0.14092
0.140954
0.140986
0.141016
0.141047
0.141076
0.141105
0.141134
0.141163
0.141193
0.141224
0.141255
0.141293
0.14132
0.140235
0.140264
0.140296
0.140327
0.140355
0.14038
0.140402
0.14042
0.140435
0.140446
0.140454
0.140459
0.140461
0.140461
0.140459
0.140449
0.140425
0.140393
0.140367
0.140345
0.140324
0.140304
0.140287
0.140274
0.140264
0.14026
0.140262
0.140271
0.140289
0.140317
0.140359
0.140416
0.140496
0.140602
0.140737
0.140945
0.14124
0.141518
0.141771
0.140208
0.14018
0.140138
0.140066
0.139974
0.139908
0.139952
0.139994
0.140009
0.140099
0.140225
0.140338
0.140433
0.140512
0.140576
0.140629
0.140674
0.140712
0.140746
0.140778
0.140808
0.140839
0.14087
0.140904
0.140939
0.140972
0.141004
0.141035
0.141065
0.141094
0.141122
0.14115
0.141178
0.141206
0.141235
0.141264
0.141294
0.14133
0.141357
0.14025
0.140281
0.140316
0.140349
0.140378
0.140405
0.140428
0.140448
0.140464
0.140477
0.140487
0.140494
0.140498
0.1405
0.140498
0.140494
0.140487
0.140464
0.140433
0.140404
0.140379
0.140356
0.140334
0.140315
0.140299
0.140288
0.140281
0.140281
0.140288
0.140305
0.140333
0.140375
0.140436
0.140523
0.140634
0.140803
0.141063
0.141347
0.141533
0.140221
0.140192
0.140153
0.140092
0.139997
0.139921
0.139972
0.140004
0.140032
0.140147
0.140277
0.140394
0.140492
0.140572
0.140637
0.14069
0.140735
0.140772
0.140806
0.140836
0.140865
0.140895
0.140925
0.140958
0.140991
0.141024
0.141055
0.141084
0.141113
0.141141
0.141169
0.141196
0.141223
0.14125
0.141277
0.141305
0.141334
0.141368
0.141393
0.140266
0.140299
0.140335
0.14037
0.1404
0.140428
0.140453
0.140473
0.140491
0.140505
0.140517
0.140526
0.140532
0.140536
0.140537
0.140535
0.14053
0.140521
0.140505
0.140474
0.140437
0.140408
0.140383
0.14036
0.14034
0.140323
0.140309
0.1403
0.140297
0.140302
0.140318
0.140346
0.14039
0.140457
0.140547
0.14068
0.140899
0.141179
0.141367
0.140234
0.140203
0.140164
0.14011
0.14002
0.139936
0.139985
0.140012
0.14006
0.14019
0.140328
0.14045
0.140551
0.140632
0.140698
0.140751
0.140794
0.140831
0.140864
0.140893
0.140922
0.14095
0.14098
0.141011
0.141044
0.141075
0.141105
0.141134
0.141162
0.141189
0.141216
0.141242
0.141267
0.141293
0.141319
0.141346
0.141373
0.141405
0.141429
0.140281
0.140316
0.140353
0.140389
0.14042
0.140449
0.140475
0.140497
0.140516
0.140532
0.140545
0.140556
0.140564
0.140569
0.140572
0.140573
0.14057
0.140564
0.140555
0.14054
0.140513
0.140476
0.140437
0.140406
0.140381
0.140359
0.140341
0.140326
0.140315
0.140311
0.140314
0.140329
0.140358
0.140406
0.140475
0.140577
0.140752
0.14101
0.141223
0.140247
0.140213
0.140174
0.140122
0.140042
0.139951
0.139993
0.14002
0.140092
0.140234
0.14038
0.140506
0.140608
0.140691
0.140757
0.140809
0.140852
0.140889
0.140921
0.140949
0.140977
0.141005
0.141034
0.141065
0.141096
0.141127
0.141156
0.141184
0.141211
0.141237
0.141262
0.141287
0.141311
0.141335
0.141359
0.141384
0.141409
0.141438
0.141461
0.140295
0.140331
0.14037
0.140407
0.140439
0.140469
0.140496
0.14052
0.14054
0.140558
0.140573
0.140585
0.140594
0.140601
0.140606
0.140609
0.140608
0.140605
0.140598
0.140589
0.140574
0.140551
0.140519
0.140479
0.140439
0.140406
0.140379
0.140356
0.140339
0.140326
0.140321
0.140324
0.140338
0.140368
0.140418
0.140494
0.140626
0.140848
0.141071
0.140259
0.140223
0.140183
0.140133
0.140062
0.139966
0.140001
0.140028
0.140125
0.140278
0.140431
0.140561
0.140665
0.140748
0.140814
0.140866
0.140909
0.140945
0.140976
0.141005
0.141032
0.141059
0.141087
0.141117
0.141148
0.141178
0.141206
0.141233
0.141258
0.141283
0.141306
0.141329
0.141351
0.141373
0.141395
0.141417
0.141439
0.141466
0.141486
0.140308
0.140346
0.140386
0.140424
0.140457
0.140488
0.140516
0.140541
0.140563
0.140582
0.140598
0.140612
0.140623
0.140632
0.140639
0.140643
0.140645
0.140644
0.140639
0.140632
0.140621
0.140607
0.140588
0.140562
0.140529
0.140488
0.140443
0.140406
0.140375
0.140352
0.140336
0.140328
0.14033
0.140344
0.140377
0.14043
0.140524
0.140701
0.140907
0.14027
0.140233
0.14019
0.14014
0.140077
0.139979
0.140007
0.140037
0.140156
0.140322
0.140482
0.140615
0.14072
0.140803
0.140869
0.140921
0.140964
0.141
0.141031
0.141059
0.141085
0.141112
0.14114
0.141169
0.141199
0.141227
0.141254
0.141279
0.141302
0.141324
0.141346
0.141366
0.141385
0.141404
0.141423
0.141443
0.141462
0.141484
0.141501
0.14032
0.140359
0.1404
0.140438
0.140472
0.140505
0.140534
0.14056
0.140584
0.140604
0.140622
0.140637
0.14065
0.140661
0.140669
0.140676
0.140679
0.140681
0.140679
0.140674
0.140666
0.140655
0.140641
0.140624
0.140603
0.140576
0.140538
0.140492
0.140441
0.140399
0.140367
0.140346
0.140334
0.140334
0.14035
0.140383
0.140446
0.140577
0.140748
0.140281
0.140242
0.140197
0.140146
0.140085
0.139993
0.140011
0.140048
0.140188
0.140367
0.140533
0.140667
0.140773
0.140857
0.140922
0.140974
0.141017
0.141053
0.141084
0.141112
0.141138
0.141163
0.14119
0.141218
0.141246
0.141273
0.141297
0.141319
0.14134
0.141359
0.141377
0.141394
0.141411
0.141426
0.141441
0.141456
0.14147
0.141487
0.141499
0.140332
0.140371
0.140412
0.140451
0.140486
0.140519
0.14055
0.140577
0.140602
0.140624
0.140643
0.14066
0.140675
0.140687
0.140698
0.140706
0.140712
0.140715
0.140716
0.140714
0.140708
0.1407
0.140689
0.140675
0.140661
0.140643
0.140619
0.140586
0.140541
0.140487
0.140433
0.140388
0.140358
0.14034
0.140338
0.140353
0.140389
0.140478
0.140607
0.140291
0.14025
0.140203
0.14015
0.14009
0.140005
0.140014
0.140061
0.140223
0.140413
0.140583
0.140718
0.140825
0.140908
0.140973
0.141026
0.141068
0.141104
0.141134
0.141161
0.141186
0.141211
0.141236
0.141262
0.141288
0.141311
0.141332
0.141351
0.141368
0.141384
0.141398
0.14141
0.141421
0.141432
0.141441
0.141449
0.141457
0.141465
0.14147
0.140341
0.140381
0.140423
0.140463
0.140498
0.140532
0.140563
0.140592
0.140618
0.140641
0.140662
0.14068
0.140697
0.140711
0.140723
0.140734
0.140742
0.140748
0.140751
0.140751
0.140748
0.140743
0.140734
0.140724
0.140711
0.140697
0.140681
0.140659
0.14063
0.140588
0.140534
0.140472
0.140416
0.140374
0.140349
0.140343
0.140356
0.140407
0.140495
0.1403
0.140258
0.140208
0.140153
0.140094
0.140015
0.140015
0.140079
0.14026
0.140458
0.140631
0.140768
0.140874
0.140957
0.141022
0.141074
0.141116
0.141151
0.14118
0.141206
0.14123
0.141252
0.141275
0.141298
0.14132
0.141339
0.141356
0.14137
0.141382
0.141392
0.1414
0.141405
0.14141
0.141412
0.141413
0.141412
0.141409
0.141404
0.141399
0.140349
0.140389
0.140431
0.140471
0.140507
0.140542
0.140574
0.140603
0.14063
0.140655
0.140677
0.140697
0.140715
0.140731
0.140746
0.140758
0.140769
0.140777
0.140782
0.140785
0.140786
0.140783
0.140778
0.14077
0.14076
0.140748
0.140734
0.140718
0.140698
0.140671
0.140632
0.140579
0.140517
0.140448
0.140394
0.14036
0.140347
0.140365
0.140413
0.140308
0.140264
0.140212
0.140155
0.140096
0.140023
0.140016
0.140103
0.140298
0.140504
0.140679
0.140816
0.140922
0.141004
0.141068
0.141119
0.141159
0.141192
0.14122
0.141243
0.141264
0.141284
0.141303
0.141321
0.141338
0.141352
0.141362
0.141369
0.141373
0.141374
0.141373
0.141369
0.141363
0.141354
0.141342
0.141328
0.141311
0.14129
0.14127
0.140355
0.140395
0.140437
0.140477
0.140513
0.140548
0.140581
0.140611
0.140639
0.140665
0.140688
0.14071
0.140729
0.140747
0.140764
0.140778
0.140791
0.140802
0.14081
0.140816
0.14082
0.14082
0.140818
0.140813
0.140806
0.140797
0.140785
0.140771
0.140755
0.140736
0.14071
0.140674
0.140624
0.140559
0.140487
0.140419
0.140371
0.140353
0.140364
0.140313
0.140269
0.140215
0.140156
0.140097
0.140029
0.140015
0.140127
0.140337
0.140549
0.140726
0.140862
0.140967
0.141048
0.14111
0.141158
0.141195
0.141225
0.141249
0.141269
0.141286
0.141301
0.141315
0.141327
0.141336
0.141341
0.141341
0.141338
0.14133
0.14132
0.141305
0.141287
0.141267
0.141243
0.141216
0.141186
0.141152
0.141114
0.141081
0.140359
0.140399
0.14044
0.14048
0.140516
0.140552
0.140585
0.140615
0.140643
0.14067
0.140694
0.140717
0.140738
0.140758
0.140776
0.140793
0.140809
0.140822
0.140834
0.140843
0.140849
0.140853
0.140854
0.140852
0.140849
0.140842
0.140833
0.140821
0.140807
0.140791
0.140773
0.140749
0.140714
0.140665
0.140601
0.140524
0.140443
0.140383
0.140352
0.140317
0.140272
0.140217
0.140157
0.140096
0.140029
0.140014
0.140151
0.140377
0.140594
0.140771
0.140907
0.14101
0.141087
0.141144
0.141188
0.14122
0.141245
0.141264
0.141279
0.14129
0.141298
0.141304
0.141306
0.141303
0.141295
0.141282
0.141263
0.14124
0.141213
0.141182
0.141147
0.14111
0.141071
0.141029
0.140986
0.14094
0.140892
0.140852
0.14036
0.1404
0.140441
0.14048
0.140516
0.140551
0.140584
0.140614
0.140642
0.140669
0.140694
0.140718
0.14074
0.140761
0.140781
0.140801
0.140819
0.140836
0.14085
0.140863
0.140873
0.140881
0.140885
0.140887
0.140886
0.140883
0.140877
0.140869
0.140857
0.140843
0.140828
0.140809
0.140786
0.140753
0.140705
0.140639
0.140557
0.14047
0.140398
0.140318
0.140273
0.140218
0.140156
0.140095
0.140028
0.140015
0.140177
0.140416
0.140637
0.140815
0.140948
0.141047
0.141118
0.141169
0.141205
0.14123
0.141247
0.141259
0.141266
0.141268
0.141267
0.141261
0.141248
0.141229
0.141203
0.14117
0.141133
0.141091
0.141046
0.140999
0.140951
0.140902
0.140854
0.140808
0.140764
0.140723
0.140686
0.140659
0.140359
0.140398
0.140438
0.140477
0.140512
0.140546
0.140578
0.140608
0.140635
0.140662
0.140687
0.140711
0.140734
0.140756
0.140778
0.1408
0.14082
0.14084
0.140858
0.140874
0.140889
0.1409
0.140909
0.140914
0.140917
0.140917
0.140916
0.140911
0.140903
0.140893
0.140879
0.140864
0.140846
0.140823
0.14079
0.140742
0.140674
0.140589
0.140497
0.140318
0.140273
0.140217
0.140154
0.140093
0.140027
0.140016
0.140205
0.140455
0.140679
0.140855
0.140985
0.141076
0.141139
0.141179
0.141205
0.141219
0.141226
0.141226
0.141221
0.141211
0.141196
0.141173
0.141141
0.141101
0.141053
0.141001
0.140946
0.14089
0.140835
0.140782
0.140734
0.140693
0.140657
0.14063
0.140613
0.140608
0.140616
0.140634
0.140355
0.140393
0.140432
0.14047
0.140504
0.140536
0.140567
0.140596
0.140622
0.140648
0.140673
0.140697
0.14072
0.140744
0.140767
0.14079
0.140812
0.140835
0.140856
0.140876
0.140894
0.14091
0.140923
0.140933
0.140939
0.140944
0.140946
0.140945
0.140942
0.140936
0.140926
0.140913
0.140898
0.14088
0.140857
0.140824
0.140774
0.140705
0.140616
0.140314
0.14027
0.140215
0.140152
0.14009
0.140024
0.140019
0.140234
0.140492
0.140718
0.140892
0.141014
0.141095
0.141144
0.141171
0.141181
0.14118
0.141171
0.141155
0.141134
0.141108
0.141074
0.141031
0.140978
0.140917
0.140852
0.140788
0.140729
0.140677
0.140635
0.140606
0.14059
0.140589
0.140598
0.140626
0.140671
0.140733
0.140814
0.140893
0.140349
0.140386
0.140424
0.140461
0.140493
0.140523
0.140552
0.140578
0.140602
0.140626
0.140649
0.140674
0.140699
0.140724
0.14075
0.140776
0.140801
0.140825
0.140849
0.140871
0.140892
0.14091
0.140926
0.140939
0.140949
0.140957
0.140962
0.140965
0.140966
0.140963
0.140957
0.140948
0.140935
0.14092
0.140902
0.140878
0.140841
0.140789
0.14071
0.14031
0.140267
0.140212
0.140149
0.140087
0.140022
0.140025
0.140267
0.140526
0.140753
0.140922
0.141033
0.1411
0.141133
0.141142
0.141134
0.141116
0.141089
0.141057
0.141019
0.140976
0.140927
0.140869
0.140802
0.140732
0.140668
0.140616
0.140579
0.140561
0.140562
0.140586
0.14063
0.140691
0.140765
0.140851
0.140947
0.141053
0.141175
0.141284
0.140343
0.140379
0.140415
0.14045
0.14048
0.140507
0.140532
0.140555
0.140574
0.140592
0.140614
0.14064
0.140669
0.140697
0.140726
0.140755
0.140784
0.140812
0.140839
0.140865
0.140888
0.140908
0.140926
0.14094
0.140952
0.140961
0.140969
0.140975
0.140979
0.140981
0.140979
0.140973
0.140963
0.140951
0.140936
0.140917
0.140889
0.14085
0.140786
0.140305
0.140263
0.140209
0.140146
0.140085
0.14002
0.140032
0.140294
0.14056
0.140786
0.140942
0.141039
0.141087
0.141101
0.14109
0.141063
0.141026
0.140983
0.140936
0.140886
0.140832
0.140776
0.140715
0.140653
0.1406
0.140565
0.140553
0.140568
0.140608
0.140671
0.140751
0.140842
0.140942
0.141047
0.141157
0.141272
0.141392
0.141524
0.141642
0.140335
0.14037
0.140404
0.140436
0.140463
0.140487
0.140507
0.140524
0.140538
0.140546
0.140568
0.140596
0.140628
0.14066
0.140692
0.140724
0.140756
0.140788
0.14082
0.14085
0.140878
0.140902
0.140923
0.14094
0.140953
0.140964
0.140973
0.140981
0.140988
0.140993
0.140995
0.140994
0.140989
0.140981
0.140969
0.140954
0.140933
0.140906
0.140856
0.140298
0.140258
0.140206
0.140143
0.140082
0.140018
0.140044
0.140322
0.140592
0.140812
0.140954
0.14103
0.141055
0.141043
0.141007
0.140957
0.140901
0.140843
0.140785
0.140729
0.140675
0.140625
0.14058
0.140549
0.140542
0.140568
0.140623
0.140702
0.140799
0.140906
0.141019
0.141136
0.141253
0.141371
0.141488
0.141606
0.141728
0.141857
0.141973
0.140325
0.140358
0.14039
0.140419
0.140442
0.140461
0.140476
0.140486
0.140494
0.14049
0.140511
0.140542
0.140577
0.140612
0.140648
0.140683
0.140719
0.140754
0.140789
0.140824
0.140857
0.140887
0.140913
0.140934
0.140951
0.140964
0.140976
0.140986
0.140993
0.141001
0.141006
0.141009
0.141009
0.141006
0.140999
0.14099
0.140975
0.140958
0.140921
0.14029
0.140251
0.140201
0.140139
0.140078
0.140016
0.140062
0.140347
0.140618
0.140828
0.14095
0.140999
0.140992
0.140949
0.140886
0.140815
0.140745
0.140682
0.140627
0.140582
0.140548
0.14053
0.140529
0.140562
0.140631
0.140726
0.140838
0.140959
0.141086
0.141213
0.141338
0.14146
0.141578
0.141692
0.141803
0.141913
0.142023
0.142138
0.142241
0.140312
0.140343
0.140372
0.140397
0.140416
0.140429
0.140438
0.14044
0.140442
0.140425
0.140444
0.140477
0.140516
0.140556
0.140595
0.140633
0.140672
0.140711
0.140749
0.140788
0.140825
0.14086
0.140891
0.140918
0.140939
0.140957
0.140973
0.140986
0.140997
0.141006
0.141013
0.141019
0.141023
0.141024
0.141022
0.141018
0.141011
0.141003
0.140978
0.140279
0.140242
0.140194
0.140134
0.140074
0.140014
0.140074
0.140367
0.140636
0.140832
0.140926
0.140937
0.140892
0.140815
0.14073
0.140651
0.140587
0.140541
0.140516
0.14051
0.140527
0.140569
0.140638
0.140739
0.140862
0.140996
0.141133
0.141268
0.141398
0.141522
0.14164
0.141751
0.141855
0.141953
0.142046
0.142136
0.142224
0.142311
0.14239
0.140297
0.140324
0.14035
0.14037
0.140383
0.140391
0.140393
0.140387
0.140383
0.140352
0.14037
0.140405
0.140448
0.14049
0.140532
0.140574
0.140616
0.140658
0.1407
0.140742
0.140782
0.140821
0.140857
0.140888
0.140915
0.140938
0.140958
0.140977
0.140992
0.141006
0.141017
0.141025
0.141032
0.141036
0.141038
0.141038
0.141036
0.141036
0.141023
0.140266
0.140231
0.140186
0.140128
0.14007
0.140013
0.140086
0.14038
0.140644
0.140817
0.14087
0.140835
0.14075
0.140651
0.140567
0.140512
0.14049
0.140499
0.140537
0.140596
0.140674
0.140768
0.140881
0.141013
0.141155
0.141294
0.141426
0.141549
0.141663
0.141768
0.141864
0.141951
0.14203
0.142101
0.142166
0.142225
0.142279
0.142326
0.142368
0.140277
0.140301
0.140322
0.140337
0.140345
0.140346
0.140342
0.140329
0.140318
0.140276
0.140292
0.140328
0.140373
0.140418
0.140462
0.140506
0.140551
0.140596
0.140641
0.140685
0.140729
0.140772
0.140811
0.140846
0.140876
0.140903
0.140929
0.140953
0.140973
0.140993
0.141009
0.141023
0.141034
0.141043
0.141049
0.141053
0.141054
0.14106
0.141054
0.140249
0.140217
0.140175
0.14012
0.140064
0.140013
0.140096
0.140386
0.140636
0.140775
0.140775
0.14069
0.140583
0.140498
0.140463
0.140481
0.140542
0.140627
0.140723
0.140825
0.140931
0.141043
0.141162
0.141289
0.141416
0.141534
0.14164
0.141734
0.141818
0.141891
0.141954
0.142007
0.142051
0.142087
0.142114
0.142132
0.142143
0.14214
0.142136
0.140253
0.140273
0.140289
0.140299
0.140301
0.140296
0.140286
0.140267
0.140249
0.140202
0.140214
0.14025
0.140295
0.14034
0.140386
0.140432
0.140478
0.140525
0.140572
0.140619
0.140666
0.140711
0.140754
0.140792
0.140825
0.140855
0.140884
0.140912
0.140938
0.140962
0.140984
0.141004
0.141021
0.141036
0.141048
0.141057
0.141064
0.141074
0.141072
0.140228
0.1402
0.140161
0.14011
0.140057
0.140015
0.140103
0.140379
0.140608
0.140695
0.140634
0.140521
0.140442
0.140435
0.140506
0.140619
0.140744
0.140865
0.140979
0.141084
0.141183
0.14128
0.141376
0.141473
0.141564
0.141644
0.141711
0.141766
0.14181
0.141843
0.141866
0.141878
0.14188
0.141874
0.141858
0.141834
0.1418
0.141752
0.141707
0.140223
0.140239
0.14025
0.140254
0.140251
0.140241
0.140226
0.140204
0.140182
0.140133
0.140142
0.140175
0.140217
0.140261
0.140306
0.140352
0.140398
0.140446
0.140494
0.140543
0.140592
0.140639
0.140684
0.140725
0.140761
0.140794
0.140825
0.140856
0.140886
0.140914
0.140941
0.140966
0.14099
0.141011
0.141031
0.141049
0.141064
0.141082
0.141088
0.140202
0.140177
0.140143
0.140099
0.14005
0.140019
0.140105
0.140358
0.140551
0.140569
0.140464
0.140384
0.140412
0.140534
0.140689
0.140839
0.14097
0.141079
0.141171
0.14125
0.141319
0.141382
0.141441
0.141496
0.141543
0.141578
0.141602
0.141613
0.141612
0.141601
0.14158
0.14155
0.141512
0.141469
0.141419
0.141364
0.141303
0.141231
0.141167
0.140186
0.140198
0.140204
0.140204
0.140197
0.140184
0.140166
0.140143
0.14012
0.140075
0.140081
0.140108
0.140145
0.140185
0.140227
0.140271
0.140316
0.140363
0.140411
0.140461
0.140511
0.14056
0.140606
0.140648
0.140685
0.14072
0.140753
0.140785
0.140816
0.140847
0.140875
0.140903
0.14093
0.140955
0.140979
0.141003
0.141027
0.141053
0.141067
0.14017
0.14015
0.140122
0.140084
0.140041
0.140018
0.1401
0.140317
0.140456
0.140404
0.140318
0.140365
0.140524
0.140706
0.140863
0.140986
0.141077
0.141146
0.141198
0.141239
0.141271
0.141297
0.141318
0.141331
0.141334
0.141324
0.141302
0.14127
0.141229
0.141181
0.141128
0.141072
0.141014
0.140955
0.140897
0.140837
0.140776
0.140711
0.140655
0.140143
0.14015
0.140152
0.140149
0.14014
0.140126
0.140109
0.140088
0.140067
0.140034
0.140036
0.140055
0.140083
0.140116
0.140151
0.140189
0.14023
0.140273
0.140318
0.140365
0.140414
0.140464
0.140511
0.140556
0.140596
0.140634
0.14067
0.140708
0.140745
0.140778
0.140811
0.140844
0.140876
0.140907
0.140937
0.140968
0.140999
0.141035
0.141062
0.140132
0.140117
0.140095
0.140066
0.140031
0.140017
0.140087
0.140253
0.140318
0.140237
0.140275
0.14045
0.140638
0.140783
0.14088
0.140943
0.140982
0.141007
0.141022
0.141029
0.141031
0.141027
0.141015
0.140991
0.140954
0.140908
0.140855
0.140798
0.14074
0.140683
0.140627
0.140575
0.140526
0.140481
0.140438
0.140397
0.140357
0.140314
0.140277
0.140092
0.140095
0.140095
0.14009
0.140083
0.140072
0.140058
0.140043
0.140028
0.14001
0.140009
0.14002
0.140039
0.140064
0.140093
0.140127
0.140164
0.140204
0.140247
0.140291
0.140335
0.140379
0.140421
0.140459
0.140492
0.140523
0.140552
0.140582
0.140619
0.140645
0.140678
0.140714
0.14075
0.140787
0.140824
0.140862
0.140901
0.140943
0.140992
0.140086
0.140076
0.140062
0.140043
0.14002
0.140012
0.140063
0.140163
0.140152
0.140138
0.140304
0.140471
0.140579
0.140639
0.140669
0.140681
0.140684
0.140681
0.140672
0.140659
0.140641
0.140615
0.140581
0.140537
0.140485
0.140433
0.140385
0.14034
0.140301
0.140267
0.140237
0.14021
0.140187
0.140165
0.140144
0.140123
0.140103
0.140083
0.140066
0.140032
0.140033
0.140032
0.14003
0.140026
0.140022
0.140016
0.140011
0.140005
0.140001
0.14
0.140003
0.140008
0.140018
0.140031
0.140048
0.140068
0.14009
0.140116
0.140146
0.14018
0.140217
0.140255
0.140291
0.140325
0.140357
0.140391
0.140426
0.140458
0.140496
0.140533
0.140571
0.140611
0.140652
0.140696
0.140743
0.140794
0.140854
0.140899
0.140031
0.140027
0.140022
0.140015
0.140007
0.140005
0.140025
0.140051
0.140014
0.140106
0.140199
0.140244
0.140259
0.140262
0.14026
0.140255
0.140247
0.140236
0.140223
0.140207
0.140188
0.140166
0.140142
0.140116
0.140094
0.140077
0.140065
0.140055
0.140048
0.140042
0.140036
0.14003
0.140023
0.140016
0.140008
0.140005
0.140005
0.140007
0.140008
0.0956702
0.232227
0.391856
0.54044
0.671829
0.78729
0.889088
0.979248
1.05917
1.12952
1.1902
1.24036
1.27818
1.30065
1.30377
1.28284
1.23284
1.15171
1.02976
0.860318
0.646482
0.436955
0.306443
0.280041
0.295497
0.297706
0.280956
0.254586
0.226073
0.200137
0.179674
0.165936
0.158155
0.154321
0.152643
0.151937
0.151519
0.151048
0.150501
0.149945
0.149434
0.148941
0.148453
0.147987
0.147492
0.146991
0.146522
0.146077
0.145635
0.145125
0.144477
0.143664
0.142782
0.142023
0.141532
0.141291
0.141169
0.14105
0.140895
0.140729
0.14058
0.140465
0.140388
0.140347
0.140363
0.140442
0.140556
0.140652
0.140734
0.140813
0.140886
0.140951
0.141003
0.14104
0.141061
0.14108
0.141065
0.141067
0.141019
0.140924
0.0405549
0.0432861
0.0506697
0.0588758
0.0684606
0.0776374
0.0862852
0.0942852
0.101544
0.108029
0.113749
0.118757
0.123127
0.126936
0.130231
0.133005
0.135251
0.136989
0.138268
0.139162
0.139758
0.140145
0.140395
0.140558
0.140665
0.140735
0.140782
0.140813
0.140835
0.140851
0.140863
0.140875
0.140887
0.140901
0.140917
0.140935
0.140955
0.140978
0.141002
0.141027
0.141053
0.14108
0.141106
0.141131
0.141156
0.141181
0.141206
0.141232
0.141259
0.141288
0.14132
0.141353
0.141388
0.141422
0.141455
0.141483
0.141505
0.141515
0.141505
0.141465
0.141378
0.141233
0.141029
0.1408
0.140636
0.140673
0.14099
0.141399
0.141754
0.142074
0.14232
0.142439
0.142379
0.14211
0.141655
0.141111
0.140611
0.140251
0.140055
0.140008
0.138459
0.279839
0.440399
0.594145
0.735829
0.865968
0.986131
1.09777
1.20179
1.29835
1.38679
1.46563
1.53257
1.58448
1.61715
1.62555
1.60401
1.54669
1.44894
1.3141
1.13457
0.90113
0.635095
0.386017
0.218778
0.164395
0.178209
0.197238
0.200238
0.191006
0.177264
0.164755
0.156058
0.151259
0.149371
0.149207
0.14974
0.150203
0.150215
0.14977
0.149011
0.148109
0.147179
0.146322
0.145657
0.145232
0.144955
0.144792
0.144725
0.144969
0.145341
0.145492
0.145102
0.144103
0.142842
0.141814
0.141251
0.141035
0.140934
0.140812
0.140662
0.140522
0.140417
0.140354
0.140347
0.140409
0.140513
0.140608
0.140692
0.140776
0.140854
0.140926
0.140984
0.141025
0.141049
0.14107
0.141059
0.141065
0.141035
0.140941
0.0671843
0.0675329
0.0766276
0.0840639
0.0912635
0.09795
0.104114
0.109745
0.114832
0.119385
0.123431
0.127001
0.130117
0.132786
0.135001
0.136761
0.138092
0.139054
0.139722
0.140172
0.140468
0.14066
0.140784
0.140863
0.140913
0.140943
0.140961
0.14097
0.140975
0.140978
0.140981
0.140984
0.14099
0.140998
0.141008
0.141021
0.141037
0.141054
0.141074
0.141095
0.141116
0.141137
0.141159
0.14118
0.141201
0.141222
0.141243
0.141266
0.141291
0.141319
0.141349
0.14138
0.141413
0.141445
0.141475
0.141501
0.141518
0.141523
0.141505
0.141453
0.141352
0.141191
0.140976
0.140754
0.140625
0.140722
0.141083
0.141502
0.141849
0.142154
0.14238
0.14247
0.142378
0.14208
0.141608
0.141065
0.140579
0.140233
0.140047
0.140008
0.122698
0.215633
0.347483
0.491256
0.635069
0.775585
0.911984
1.04383
1.17049
1.291
1.40406
1.5082
1.60179
1.68295
1.74908
1.79682
1.82222
1.82075
1.78761
1.71757
1.60518
1.45314
1.25225
1.00449
0.728005
0.460552
0.25161
0.138844
0.117385
0.139685
0.162912
0.173066
0.172032
0.165382
0.157808
0.151829
0.148125
0.146264
0.14519
0.144181
0.143156
0.14219
0.141947
0.141653
0.14136
0.141036
0.139997
0.138946
0.139055
0.139157
0.139218
0.140158
0.14206
0.143854
0.144499
0.143818
0.142553
0.141529
0.141016
0.140822
0.140708
0.140582
0.140462
0.140375
0.140338
0.14038
0.140472
0.140561
0.140647
0.140734
0.140817
0.140895
0.140959
0.141006
0.141035
0.141058
0.141051
0.141061
0.14105
0.140962
0.088231
0.0894321
0.0960675
0.102076
0.107563
0.11257
0.117113
0.121207
0.124867
0.128108
0.130945
0.133385
0.135432
0.137087
0.138364
0.1393
0.139956
0.140399
0.140691
0.14088
0.140999
0.141072
0.141113
0.141133
0.141139
0.141137
0.141131
0.141121
0.141111
0.141103
0.141096
0.141091
0.14109
0.141092
0.141097
0.141105
0.141116
0.141129
0.141143
0.141159
0.141175
0.141192
0.141208
0.141225
0.141242
0.14126
0.141278
0.141299
0.141322
0.141348
0.141377
0.141407
0.141438
0.141468
0.141495
0.141517
0.14153
0.141528
0.141501
0.141436
0.141318
0.141141
0.140918
0.140709
0.140624
0.140789
0.141188
0.141612
0.141949
0.142237
0.142437
0.142495
0.142369
0.142042
0.141556
0.141017
0.140546
0.140214
0.14004
0.14001
0.107446
0.127832
0.177365
0.257451
0.36046
0.477711
0.603331
0.733988
0.867642
1.00267
1.13741
1.26987
1.3976
1.51752
1.62622
1.72117
1.79983
1.8589
1.89442
1.9019
1.87648
1.81334
1.70726
1.55435
1.35994
1.12078
0.850706
0.578239
0.34297
0.181708
0.109598
0.107088
0.133263
0.157532
0.169758
0.171445
0.167498
0.162552
0.159508
0.158362
0.158294
0.159202
0.158802
0.158319
0.158316
0.157396
0.157522
0.157826
0.154673
0.149785
0.146061
0.14223
0.138381
0.137101
0.139042
0.141821
0.143196
0.142864
0.141876
0.141127
0.140774
0.140618
0.140505
0.140407
0.140345
0.140359
0.140433
0.140515
0.140599
0.140689
0.140776
0.140859
0.14093
0.140984
0.141017
0.141044
0.141042
0.141057
0.141064
0.140986
0.104777
0.108362
0.112865
0.117115
0.120969
0.124442
0.127547
0.130296
0.1327
0.134768
0.136506
0.137924
0.139034
0.139861
0.140442
0.140829
0.141074
0.141225
0.141312
0.141359
0.141379
0.14138
0.14137
0.141352
0.141329
0.141305
0.141281
0.141258
0.141237
0.141218
0.141204
0.141193
0.141186
0.141182
0.141183
0.141186
0.141192
0.1412
0.141209
0.14122
0.141232
0.141244
0.141256
0.141268
0.141282
0.141296
0.141313
0.141332
0.141353
0.141378
0.141405
0.141433
0.141462
0.14149
0.141514
0.141533
0.141541
0.141531
0.141493
0.141412
0.141277
0.141084
0.140859
0.140672
0.140642
0.140872
0.141304
0.141726
0.14205
0.142318
0.14249
0.142514
0.142352
0.141997
0.141499
0.140967
0.140512
0.140194
0.140034
0.140014
0.119749
0.117809
0.120067
0.131767
0.157589
0.200284
0.260113
0.335731
0.425138
0.526328
0.637531
0.757141
0.883494
1.01472
1.14864
1.28279
1.41406
1.53846
1.65072
1.74413
1.81353
1.85413
1.86058
1.82734
1.74915
1.62149
1.44324
1.22044
0.966897
0.701834
0.455385
0.260941
0.142412
0.10059
0.110106
0.137191
0.160023
0.171872
0.177606
0.180932
0.182969
0.183588
0.182413
0.181238
0.179442
0.178106
0.173243
0.17171
0.175948
0.178506
0.174309
0.169204
0.162481
0.153325
0.143005
0.137973
0.138683
0.141063
0.142148
0.141838
0.141181
0.140754
0.140552
0.140439
0.140363
0.14035
0.140401
0.140472
0.140553
0.140643
0.140733
0.140819
0.140897
0.140958
0.140997
0.141028
0.141031
0.141052
0.141076
0.141014
0.122403
0.125055
0.127523
0.129834
0.131949
0.133852
0.135539
0.137004
0.138248
0.139272
0.140085
0.140698
0.141133
0.141419
0.14159
0.14168
0.141717
0.141723
0.141708
0.14168
0.141644
0.141604
0.141562
0.141519
0.141478
0.14144
0.141404
0.141372
0.141345
0.141321
0.141302
0.141286
0.141275
0.141267
0.141263
0.141262
0.141263
0.141267
0.141272
0.141278
0.141285
0.141293
0.141301
0.14131
0.14132
0.141332
0.141347
0.141364
0.141385
0.141408
0.141434
0.141461
0.141487
0.141512
0.141534
0.141548
0.141549
0.141531
0.141479
0.141382
0.141228
0.141022
0.1408
0.140645
0.14068
0.140972
0.141427
0.141844
0.142152
0.142396
0.142537
0.142525
0.142327
0.141945
0.141439
0.140916
0.140477
0.140175
0.14003
0.14002
0.134979
0.133527
0.131189
0.128411
0.126468
0.127277
0.133019
0.145896
0.167678
0.199648
0.242646
0.297121
0.363246
0.440954
0.530034
0.630055
0.740302
0.8596
0.986066
1.11689
1.24832
1.37553
1.49235
1.591
1.66202
1.69459
1.67773
1.60655
1.4779
1.29434
1.06531
0.810932
0.5631
0.349541
0.196065
0.112406
0.0878023
0.0909107
0.0951147
0.0962505
0.0930819
0.0844503
0.0775398
0.0718197
0.0651062
0.0591792
0.074247
0.0848869
0.0742751
0.0815954
0.112021
0.139165
0.154588
0.168639
0.169904
0.159223
0.145783
0.139705
0.139773
0.141092
0.141422
0.141072
0.140703
0.140496
0.140389
0.14035
0.140378
0.140435
0.140509
0.140598
0.140689
0.140778
0.140861
0.140928
0.140975
0.141011
0.141019
0.141046
0.141087
0.141044
0.135739
0.136434
0.137142
0.137863
0.138583
0.139274
0.139901
0.140453
0.140918
0.14129
0.14157
0.141765
0.141888
0.141953
0.141978
0.141977
0.141958
0.141926
0.141885
0.141838
0.141788
0.141736
0.141685
0.141634
0.141586
0.141541
0.1415
0.141464
0.141432
0.141406
0.141384
0.141366
0.141353
0.141343
0.141336
0.141331
0.141329
0.141329
0.14133
0.141332
0.141334
0.141338
0.141343
0.141349
0.141357
0.141367
0.141381
0.141397
0.141417
0.141439
0.141463
0.141488
0.141513
0.141535
0.141553
0.141562
0.141556
0.141526
0.14146
0.141344
0.141172
0.140955
0.140744
0.140634
0.14074
0.141086
0.141557
0.141964
0.142253
0.142471
0.142578
0.142528
0.142294
0.141887
0.141375
0.140863
0.140442
0.140156
0.140029
0.140029
0.14342
0.14362
0.14348
0.142801
0.141408
0.139257
0.136527
0.13367
0.131392
0.130605
0.132376
0.137871
0.148312
0.164942
0.18899
0.221627
0.263924
0.316761
0.380754
0.456172
0.542874
0.640081
0.746239
0.858743
0.973666
1.08542
1.18671
1.26893
1.3221
1.33594
1.30076
1.21029
1.0649
0.873873
0.65867
0.450681
0.282089
0.167248
0.0967475
0.0564061
0.0346246
0.0234534
0.0233472
0.0295781
0.0364511
0.04125
0.051117
0.047297
0.0223523
0.0723302
0.0594969
0.0532634
0.0432684
0.0809221
0.126584
0.162085
0.167894
0.155928
0.14448
0.140557
0.140623
0.140996
0.140873
0.140614
0.14044
0.140361
0.140365
0.140405
0.140471
0.140556
0.140646
0.140737
0.140823
0.140896
0.14095
0.140991
0.141005
0.141038
0.141095
0.141076
0.14301
0.142644
0.142353
0.142142
0.142002
0.14192
0.141875
0.141857
0.141851
0.141851
0.141852
0.141856
0.14186
0.141859
0.141854
0.141849
0.141843
0.141826
0.141804
0.141781
0.141754
0.141723
0.14169
0.141657
0.141624
0.14159
0.141558
0.141527
0.141498
0.141473
0.14145
0.141432
0.141417
0.141406
0.141398
0.141392
0.141387
0.141383
0.141381
0.14138
0.141379
0.14138
0.141382
0.141386
0.141393
0.141402
0.141415
0.14143
0.141449
0.14147
0.141493
0.141517
0.141539
0.141558
0.141571
0.141574
0.141559
0.141516
0.141433
0.141297
0.141107
0.140886
0.140696
0.140638
0.140822
0.141215
0.141694
0.142085
0.142352
0.142541
0.142612
0.142521
0.142251
0.141822
0.141308
0.140809
0.140406
0.140138
0.14003
0.14004
0.146355
0.146804
0.147181
0.147471
0.147621
0.147538
0.147115
0.146258
0.14492
0.143124
0.140965
0.138576
0.136105
0.13369
0.131413
0.129405
0.127976
0.127723
0.12963
0.135031
0.145561
0.162991
0.189058
0.225237
0.272524
0.33114
0.400385
0.47835
0.561686
0.645412
0.723027
0.786876
0.829159
0.843304
0.826389
0.781865
0.720901
0.659957
0.614949
0.596356
0.606854
0.642291
0.694756
0.753971
0.807858
0.844764
0.854483
0.828386
0.758581
0.643492
0.492683
0.321697
0.167526
0.0457094
0.0607011
0.0400992
0.114957
0.156415
0.158646
0.148401
0.142185
0.14077
0.140766
0.140691
0.140518
0.14039
0.140363
0.140386
0.140441
0.140519
0.140607
0.140697
0.140784
0.140862
0.140922
0.140969
0.140989
0.141029
0.141101
0.141111
0.14582
0.14527
0.144753
0.144282
0.143863
0.143493
0.143172
0.142895
0.142658
0.142458
0.14229
0.142152
0.142039
0.141948
0.141875
0.141817
0.141769
0.141727
0.14169
0.141658
0.141629
0.141606
0.141595
0.141578
0.141563
0.141553
0.141542
0.141529
0.141518
0.141507
0.141494
0.141482
0.141469
0.141458
0.141448
0.14144
0.141434
0.141429
0.141425
0.141421
0.141419
0.141418
0.141419
0.141422
0.141427
0.141436
0.141449
0.141464
0.141482
0.141502
0.141524
0.141545
0.141564
0.14158
0.141588
0.141583
0.141557
0.141499
0.141396
0.14124
0.141036
0.140818
0.14066
0.140671
0.140928
0.141357
0.141834
0.142206
0.142448
0.142605
0.142636
0.142504
0.142198
0.14175
0.141237
0.140754
0.14037
0.140121
0.140034
0.140054
0.147082
0.147402
0.147663
0.147896
0.148134
0.148409
0.14874
0.149071
0.149188
0.148627
0.146673
0.14254
0.135735
0.12651
0.116123
0.106744
0.100939
0.101036
0.108649
0.124363
0.147912
0.178484
0.21511
0.256886
0.303179
0.353683
0.408677
0.468499
0.533602
0.604308
0.680473
0.761428
0.845777
0.931715
1.01733
1.10131
1.18377
1.26697
1.35506
1.45244
1.56177
1.68241
1.81008
1.93722
2.05358
2.14705
2.20443
2.2118
2.15467
2.02047
1.80123
1.49723
1.12075
0.708731
0.320608
0.0618514
0.0039083
0.0702805
0.134167
0.153326
0.148946
0.14313
0.141034
0.140675
0.140562
0.140435
0.140377
0.140378
0.140419
0.140488
0.140571
0.140659
0.140746
0.140828
0.140893
0.140946
0.140972
0.141018
0.141105
0.141146
0.146694
0.146251
0.145801
0.14536
0.144935
0.144532
0.144155
0.143806
0.143487
0.1432
0.142943
0.142717
0.14252
0.142349
0.142203
0.142077
0.14197
0.141879
0.141801
0.141736
0.141681
0.141636
0.1416
0.14157
0.141545
0.141527
0.141512
0.141498
0.141488
0.14149
0.141488
0.14149
0.141492
0.14149
0.141485
0.141479
0.141471
0.141464
0.14146
0.141456
0.141453
0.141451
0.141452
0.141455
0.141461
0.14147
0.141483
0.141498
0.141515
0.141535
0.141554
0.141573
0.141589
0.141601
0.141602
0.141588
0.141549
0.141473
0.141349
0.141173
0.140959
0.140754
0.140644
0.140734
0.141055
0.141509
0.141977
0.142325
0.142539
0.14266
0.142648
0.142474
0.142135
0.141672
0.141164
0.140698
0.140333
0.140105
0.140044
0.140069
0.147129
0.147343
0.147535
0.147741
0.147947
0.14802
0.147609
0.146151
0.14323
0.139537
0.138096
0.144535
0.165364
0.205202
0.265231
0.343556
0.43652
0.539868
0.649531
0.761668
0.873074
0.981054
1.08342
1.17868
1.26594
1.34494
1.41598
1.48013
1.53886
1.5938
1.64697
1.70068
1.7572
1.81928
1.88941
1.96868
2.05816
2.15974
2.27381
2.40009
2.53787
2.68519
2.83833
2.99116
3.13691
3.26643
3.36798
3.42868
3.43162
3.3584
3.19102
2.91302
2.51428
1.99468
1.37539
0.731929
0.235228
0.0340433
0.0544122
0.118566
0.146411
0.147282
0.143109
0.141113
0.140618
0.140469
0.1404
0.140383
0.140409
0.140465
0.14054
0.140624
0.14071
0.140793
0.140863
0.140921
0.140952
0.141005
0.141106
0.141181
0.14688
0.146571
0.146232
0.145881
0.145526
0.145172
0.144825
0.144487
0.144164
0.143859
0.143573
0.143309
0.143068
0.142849
0.142651
0.142475
0.14232
0.142182
0.142063
0.141958
0.141869
0.141792
0.141727
0.141673
0.141628
0.141591
0.141561
0.141537
0.141518
0.141505
0.141495
0.141489
0.141484
0.141482
0.14149
0.141494
0.141495
0.141493
0.141487
0.141483
0.141481
0.141481
0.141483
0.141487
0.141494
0.141504
0.141517
0.141532
0.141549
0.141567
0.141585
0.141601
0.141614
0.141619
0.141613
0.141588
0.141533
0.141436
0.14129
0.141096
0.140879
0.140699
0.140649
0.140826
0.141203
0.14167
0.142122
0.142441
0.142623
0.142704
0.142648
0.142431
0.142062
0.141589
0.141089
0.140642
0.140298
0.140093
0.140058
0.140086
0.146894
0.147075
0.14721
0.147159
0.146614
0.145233
0.143369
0.143678
0.152677
0.179649
0.232392
0.313582
0.420726
0.548378
0.69017
0.840455
0.994776
1.14985
1.30335
1.45349
1.59788
1.73438
1.86134
1.97767
2.08276
2.17647
2.25912
2.33147
2.39469
2.45025
2.50001
2.54603
2.59337
2.64427
2.70231
2.77058
2.85186
2.94846
3.06177
3.19205
3.33833
3.49821
3.66769
3.841
4.01087
4.16823
4.30215
4.40002
4.44693
4.42612
4.31953
4.10835
3.77496
3.30587
2.68329
1.90982
1.06825
0.390914
0.083483
0.0618052
0.114543
0.142075
0.145225
0.142566
0.141013
0.140546
0.140429
0.140399
0.14041
0.140452
0.140517
0.140594
0.140677
0.140759
0.140832
0.140894
0.14093
0.140989
0.141103
0.141216
0.146721
0.146516
0.146284
0.146028
0.145753
0.145469
0.145179
0.144888
0.144598
0.144314
0.14404
0.143777
0.143527
0.143293
0.143075
0.142873
0.142689
0.142522
0.142371
0.142237
0.142117
0.142012
0.14192
0.141841
0.141773
0.141715
0.141666
0.141624
0.141591
0.141564
0.141541
0.141524
0.141511
0.141502
0.141497
0.141495
0.141492
0.141499
0.141505
0.141506
0.141505
0.141507
0.141511
0.141517
0.141526
0.141537
0.14155
0.141566
0.141582
0.141599
0.141614
0.141628
0.141636
0.141635
0.141619
0.141579
0.141505
0.141386
0.141218
0.141011
0.140802
0.140663
0.140691
0.14095
0.141368
0.141838
0.142265
0.14255
0.142696
0.142734
0.142632
0.142375
0.14198
0.1415
0.141012
0.140585
0.140263
0.140084
0.140078
0.140104
0.146429
0.146441
0.146133
0.145287
0.144103
0.144348
0.151004
0.172569
0.218034
0.292341
0.394564
0.519396
0.660318
0.811459
0.96832
1.1278
1.28795
1.44766
1.60623
1.76138
1.91048
2.05148
2.18289
2.30373
2.41351
2.51213
2.5999
2.67748
2.74587
2.80643
2.86086
2.91125
2.96028
3.01112
3.06743
3.13342
3.21606
3.3193
3.4451
3.59375
3.764
3.95294
4.15601
4.36693
4.57777
4.77899
4.95942
5.10631
5.20538
5.24087
5.1958
5.05237
4.79256
4.39885
3.85118
3.12588
2.2148
1.22576
0.455414
0.115274
0.0779434
0.11838
0.140585
0.143613
0.141922
0.140828
0.140497
0.140425
0.140422
0.14045
0.140502
0.14057
0.140648
0.140727
0.140801
0.140867
0.140907
0.140971
0.141098
0.14125
0.146327
0.146184
0.146039
0.145879
0.145691
0.145483
0.14526
0.145029
0.144791
0.14455
0.144309
0.144071
0.143838
0.143614
0.143398
0.143194
0.143002
0.142823
0.142657
0.142505
0.142366
0.142241
0.142129
0.14203
0.141942
0.141864
0.141797
0.141739
0.14169
0.141648
0.141612
0.141583
0.14156
0.141541
0.141527
0.141516
0.141509
0.141507
0.141506
0.141513
0.141525
0.141531
0.141537
0.141546
0.141557
0.14157
0.141584
0.141599
0.141615
0.14163
0.141643
0.141652
0.141655
0.141645
0.141617
0.14156
0.141464
0.141321
0.141133
0.140921
0.140733
0.140653
0.140772
0.141101
0.141548
0.142009
0.142405
0.142652
0.142757
0.142749
0.1426
0.142304
0.141888
0.141407
0.140934
0.140528
0.14023
0.140079
0.140104
0.140122
0.145579
0.14518
0.144394
0.143718
0.145038
0.152557
0.172843
0.212946
0.277398
0.366219
0.476054
0.6021
0.739674
0.88499
1.03535
1.18902
1.34501
1.50286
1.66174
1.81805
1.96879
2.11168
2.2451
2.36795
2.47968
2.58016
2.66965
2.74881
2.81863
2.88046
2.93603
2.98742
3.0372
3.08839
3.14459
3.21013
3.29024
3.39074
3.51968
3.68055
3.87124
4.08787
4.32498
4.57547
4.83078
5.08094
5.31452
5.5186
5.67882
5.77936
5.80325
5.7327
5.54979
5.23697
4.77619
4.14452
3.30886
2.26707
1.19012
0.426215
0.123915
0.0945767
0.125129
0.140608
0.142514
0.141371
0.140682
0.140484
0.140449
0.140459
0.140496
0.140553
0.140623
0.140699
0.140772
0.140839
0.140882
0.14095
0.141089
0.141283
0.145694
0.145642
0.145561
0.145486
0.14539
0.145265
0.145116
0.144951
0.144774
0.144586
0.144391
0.144193
0.143992
0.143793
0.143597
0.143407
0.143223
0.143047
0.14288
0.142724
0.142578
0.142444
0.14232
0.142208
0.142106
0.142015
0.141934
0.141862
0.141798
0.141743
0.141696
0.141655
0.141621
0.141592
0.14157
0.141552
0.141539
0.141531
0.141527
0.141529
0.141534
0.141549
0.141563
0.141574
0.141588
0.141602
0.141617
0.141632
0.141647
0.14166
0.14167
0.141674
0.141669
0.141648
0.141604
0.141526
0.141406
0.14124
0.141038
0.140832
0.140683
0.140681
0.140893
0.141278
0.141739
0.14218
0.142538
0.142741
0.142802
0.142746
0.142551
0.14222
0.141787
0.141311
0.140856
0.140472
0.140199
0.140081
0.140136
0.140141
0.144343
0.143685
0.143233
0.144404
0.149886
0.163593
0.190039
0.233097
0.294902
0.375564
0.47351
0.586189
0.710784
0.844734
0.98601
1.1332
1.28541
1.44222
1.60235
1.76143
1.91591
2.06308
2.20096
2.32821
2.44404
2.54812
2.64056
2.72189
2.79298
2.85514
2.91007
2.9599
3.00723
3.0552
3.10752
3.16857
3.24342
3.33796
3.4591
3.61477
3.81039
4.0409
4.29963
4.5785
4.86826
5.15848
5.43764
5.69292
5.91015
6.07359
6.16613
6.16951
6.06508
5.83464
5.46071
4.92441
4.19661
3.23853
2.08693
1.00675
0.342934
0.12135
0.109196
0.131531
0.140972
0.141762
0.141002
0.140618
0.140506
0.140483
0.140501
0.140544
0.140604
0.140674
0.140745
0.140812
0.140857
0.140927
0.141078
0.141313
0.144768
0.144899
0.144899
0.144892
0.144883
0.144847
0.144779
0.144686
0.144575
0.144448
0.144307
0.144156
0.143998
0.143836
0.14367
0.143505
0.143341
0.14318
0.143025
0.142875
0.142733
0.142599
0.142473
0.142356
0.142248
0.142149
0.142058
0.141977
0.141904
0.141839
0.141781
0.141731
0.141689
0.141652
0.141622
0.141598
0.14158
0.141567
0.14156
0.141558
0.141561
0.141569
0.141582
0.141603
0.141618
0.141634
0.141649
0.141664
0.141677
0.141687
0.141693
0.141691
0.141675
0.14164
0.141576
0.141475
0.141331
0.141145
0.140937
0.140752
0.140663
0.140757
0.141051
0.141477
0.141936
0.142349
0.142661
0.142815
0.142828
0.142722
0.142483
0.142123
0.14168
0.141212
0.140777
0.140417
0.140173
0.140092
0.140174
0.14016
0.143143
0.142754
0.143499
0.147112
0.15583
0.172043
0.197801
0.234826
0.284561
0.348159
0.426318
0.519051
0.6256
0.744613
0.874502
1.0138
1.16135
1.31632
1.4779
1.6411
1.80151
1.95576
2.10134
2.23647
2.35998
2.47124
2.57005
2.6567
2.73184
2.7966
2.85254
2.9017
2.94664
2.99052
3.03715
3.09103
3.15744
3.24242
3.35279
3.49611
3.68023
3.90894
4.17462
4.468
4.77883
5.09614
5.40821
5.70247
5.96516
6.18112
6.33358
6.40427
6.37394
6.22327
5.93388
5.48814
4.86386
4.02325
2.9388
1.73276
0.753894
0.252907
0.119419
0.121157
0.136198
0.14116
0.141282
0.140836
0.14061
0.14053
0.140519
0.140543
0.140592
0.140654
0.14072
0.140786
0.140832
0.140903
0.141064
0.14134
0.143701
0.144019
0.144116
0.14416
0.144213
0.144256
0.144271
0.144255
0.144214
0.144152
0.144072
0.143976
0.143868
0.143749
0.143622
0.143491
0.143356
0.143219
0.143084
0.14295
0.14282
0.142695
0.142575
0.142461
0.142353
0.142253
0.14216
0.142074
0.141996
0.141925
0.141862
0.141806
0.141757
0.141715
0.14168
0.141651
0.141628
0.141611
0.1416
0.141595
0.141595
0.1416
0.14161
0.141626
0.141649
0.141665
0.14168
0.141694
0.141705
0.141712
0.141712
0.1417
0.141671
0.141618
0.141531
0.141405
0.141237
0.141037
0.140837
0.140693
0.140688
0.140881
0.141243
0.14169
0.142136
0.142511
0.14277
0.142869
0.142832
0.142676
0.142397
0.142013
0.141567
0.141112
0.140698
0.140364
0.140151
0.140114
0.140217
0.140178
0.142686
0.143094
0.145407
0.151154
0.161705
0.178026
0.200659
0.22997
0.266544
0.311524
0.366717
0.43429
0.516134
0.613211
0.72533
0.851422
0.990083
1.14002
1.30019
1.46686
1.63424
1.79783
1.95422
2.10093
2.23624
2.35901
2.46865
2.56504
2.64855
2.71998
2.78065
2.83238
2.87756
2.91923
2.96114
3.00783
3.0647
3.13797
3.2346
3.36203
3.52804
3.74173
4.00201
4.29794
4.61809
4.95068
5.28366
5.60455
5.90013
6.15597
6.35614
6.48296
6.51725
6.43907
6.22884
5.86825
5.33835
4.6102
3.64197
2.45617
1.29435
0.510476
0.186068
0.121891
0.129858
0.138905
0.141142
0.141056
0.140766
0.14061
0.140555
0.140555
0.140587
0.140639
0.140699
0.140761
0.140808
0.140878
0.141048
0.141364
0.142984
0.14331
0.14343
0.143463
0.143514
0.143587
0.143654
0.1437
0.143723
0.143725
0.143706
0.143669
0.143614
0.143545
0.143464
0.143372
0.143273
0.143169
0.14306
0.14295
0.142839
0.14273
0.142622
0.142518
0.142418
0.142322
0.142232
0.142148
0.142069
0.141997
0.141932
0.141874
0.141822
0.141777
0.141739
0.141706
0.141681
0.141661
0.141647
0.141638
0.141635
0.141638
0.141646
0.141658
0.141675
0.141696
0.141711
0.141722
0.14173
0.141731
0.141722
0.141698
0.141652
0.141577
0.141465
0.141313
0.141125
0.140922
0.140748
0.14067
0.14077
0.141053
0.141462
0.141914
0.142333
0.142662
0.14286
0.142899
0.142811
0.142608
0.142294
0.141893
0.141448
0.14101
0.14062
0.140314
0.140138
0.140149
0.140266
0.140194
0.143571
0.144994
0.148683
0.155722
0.166823
0.182204
0.201677
0.224879
0.251606
0.28216
0.317702
0.360479
0.413728
0.481053
0.565373
0.668053
0.788786
0.926199
1.07861
1.24416
1.41679
1.59017
1.75941
1.92088
2.07191
2.21065
2.33588
2.44697
2.54382
2.62684
2.69698
2.75573
2.80522
2.84824
2.88834
2.92996
2.97846
3.04015
3.12223
3.23253
3.37928
3.57095
3.81443
4.1022
4.42132
4.7589
5.10228
5.43891
5.75596
6.03977
6.27536
6.44605
6.53336
6.51747
6.37813
6.09593
5.65239
5.02479
4.1762
3.0838
1.87241
0.874637
0.329747
0.151052
0.127878
0.135616
0.140254
0.141088
0.140924
0.140719
0.140612
0.140578
0.140589
0.140629
0.140681
0.140739
0.140786
0.140853
0.14103
0.141384
0.143263
0.143316
0.143285
0.143174
0.143096
0.143085
0.143115
0.143158
0.1432
0.143234
0.143256
0.143265
0.143259
0.143237
0.143202
0.143154
0.143095
0.143026
0.142951
0.14287
0.142785
0.142698
0.142609
0.142521
0.142434
0.142349
0.142267
0.142189
0.142116
0.142048
0.141985
0.141928
0.141876
0.141831
0.141792
0.141758
0.141731
0.141709
0.141694
0.141683
0.141679
0.141679
0.141684
0.141694
0.141707
0.141728
0.14174
0.141748
0.14175
0.141743
0.141722
0.141681
0.141613
0.141513
0.141375
0.141201
0.141003
0.140814
0.140691
0.140709
0.140911
0.141266
0.141702
0.142142
0.142522
0.142795
0.142926
0.142901
0.142763
0.142517
0.142174
0.141763
0.141327
0.140907
0.140543
0.140268
0.140134
0.140196
0.140317
0.140209
0.145642
0.148038
0.15274
0.160391
0.171245
0.185169
0.201736
0.220387
0.240609
0.262123
0.285108
0.310482
0.340238
0.377694
0.427369
0.494133
0.581805
0.692058
0.824407
0.97699
1.14718
1.3273
1.50979
1.68882
1.86005
2.02033
2.16741
2.29979
2.41664
2.51776
2.60362
2.67527
2.7345
2.78384
2.8266
2.86704
2.91038
2.96287
3.03176
3.12504
3.25121
3.41881
3.63585
3.90529
4.21327
4.5458
4.88954
5.2318
5.55997
5.86108
6.12103
6.3242
6.45309
6.4885
6.41016
6.19792
5.83271
5.29454
4.55407
3.57569
2.40249
1.28428
0.537383
0.214675
0.135341
0.132723
0.138624
0.140782
0.141024
0.140852
0.140697
0.140621
0.140606
0.140629
0.140671
0.140722
0.140767
0.14083
0.141013
0.141401
0.144621
0.14429
0.144032
0.143702
0.143384
0.143153
0.143011
0.142933
0.142895
0.142882
0.142884
0.142892
0.142899
0.142901
0.142895
0.142881
0.142856
0.142823
0.14278
0.14273
0.142674
0.142612
0.142547
0.142479
0.142409
0.14234
0.142271
0.142205
0.14214
0.14208
0.142023
0.14197
0.141922
0.141879
0.141842
0.141809
0.141783
0.141761
0.141745
0.141734
0.141728
0.141726
0.141729
0.141735
0.141744
0.141755
0.141768
0.14177
0.141763
0.141744
0.141706
0.141645
0.141552
0.141425
0.141261
0.14107
0.140875
0.140724
0.140685
0.140813
0.141107
0.141511
0.141953
0.142365
0.142696
0.142905
0.142963
0.142873
0.142686
0.142403
0.142039
0.141626
0.141202
0.140805
0.140468
0.140228
0.140143
0.140256
0.140371
0.140222
0.148934
0.151943
0.156706
0.163475
0.172273
0.182928
0.195127
0.208489
0.222637
0.237259
0.252169
0.267401
0.283352
0.301017
0.322329
0.350469
0.389957
0.446164
0.524143
0.627263
0.756504
0.911026
1.08704
1.27544
1.468
1.65815
1.84078
2.01204
2.16909
2.31003
2.4338
2.54013
2.62966
2.70392
2.76543
2.81771
2.86541
2.91429
2.97126
3.04431
3.1422
3.27416
3.44936
3.67673
3.95509
4.26834
4.60152
4.94101
5.27405
5.58807
5.86984
6.10487
6.27692
6.36776
6.35757
6.22573
5.95198
5.5165
4.8956
4.05697
2.9955
1.84807
0.911037
0.379336
0.180132
0.137106
0.136603
0.139636
0.140808
0.140956
0.140821
0.140701
0.140647
0.140644
0.140672
0.140712
0.140754
0.140811
0.140998
0.141414
0.14715
0.146259
0.145685
0.145155
0.144638
0.144173
0.14378
0.143459
0.143202
0.143006
0.142865
0.142766
0.1427
0.142656
0.142627
0.142606
0.142589
0.142571
0.142552
0.142528
0.1425
0.142468
0.14243
0.142389
0.142345
0.142298
0.14225
0.142201
0.142152
0.142105
0.142059
0.142016
0.141975
0.141938
0.141905
0.141876
0.141851
0.14183
0.141813
0.141801
0.141792
0.141787
0.141784
0.141784
0.141785
0.141785
0.141783
0.141776
0.141752
0.141711
0.141646
0.141553
0.141426
0.141267
0.141082
0.140896
0.140749
0.140702
0.140798
0.141048
0.141418
0.141845
0.142265
0.142625
0.142881
0.143003
0.142968
0.142803
0.142566
0.142249
0.141871
0.141464
0.141061
0.140693
0.140391
0.140197
0.140179
0.140336
0.140428
0.140234
0.154737
0.157754
0.1615
0.16602
0.171297
0.177272
0.183861
0.190968
0.198495
0.206352
0.214452
0.222727
0.231133
0.239679
0.248548
0.25828
0.270116
0.286377
0.310802
0.348638
0.406124
0.488961
0.600646
0.742491
0.913079
1.10394
1.306
1.51131
1.71328
1.90662
2.08725
2.25203
2.39888
2.52673
2.63565
2.72696
2.80339
2.86913
2.92992
2.99312
3.06756
3.1633
3.29121
3.46232
3.68721
3.96315
4.27155
4.59632
4.92348
5.24028
5.53418
5.79191
5.99868
6.13774
6.19038
6.13631
5.95473
5.62519
5.12652
4.43138
3.51349
2.42155
1.37446
0.639892
0.280103
0.161229
0.13851
0.138443
0.14021
0.14091
0.140943
0.140814
0.140717
0.140679
0.140684
0.14071
0.140747
0.140796
0.140986
0.141424
0.152237
0.150446
0.149128
0.148078
0.147188
0.146418
0.145752
0.145178
0.144682
0.144253
0.143884
0.143568
0.143299
0.143071
0.142883
0.142731
0.142613
0.142523
0.142454
0.1424
0.142357
0.142321
0.14229
0.142261
0.142233
0.142206
0.142177
0.142148
0.142119
0.142089
0.14206
0.142031
0.142004
0.141978
0.141953
0.141931
0.14191
0.141892
0.141876
0.141863
0.141851
0.141841
0.141833
0.141824
0.141814
0.141801
0.141781
0.141748
0.141696
0.141619
0.141516
0.141382
0.141221
0.141043
0.140872
0.14075
0.140727
0.14083
0.14107
0.141421
0.141831
0.142244
0.142608
0.142884
0.14304
0.143053
0.142911
0.142669
0.142389
0.142049
0.14167
0.141279
0.140905
0.140574
0.140315
0.140183
0.140248
0.140433
0.140486
0.140242
0.160869
0.162953
0.164988
0.167012
0.169055
0.171149
0.173333
0.175655
0.178163
0.180908
0.183934
0.187278
0.19096
0.194962
0.199241
0.203721
0.208366
0.213333
0.219246
0.227625
0.241318
0.264813
0.304278
0.366456
0.456603
0.577789
0.732131
0.914366
1.11642
1.33008
1.54786
1.76317
1.97045
2.16499
2.343
2.50178
2.63993
2.75766
2.85713
2.94275
3.02137
3.10226
3.19692
3.31857
3.48105
3.69739
3.96578
4.26445
4.57563
4.88484
5.17937
5.44676
5.67362
5.84483
5.94324
5.94968
5.8437
5.60459
5.21161
4.64063
3.86191
2.87765
1.82063
0.9503
0.432179
0.213214
0.149771
0.13927
0.139711
0.140704
0.140998
0.140927
0.140803
0.140729
0.140708
0.140717
0.140748
0.140785
0.140978
0.14143
0.158576
0.15643
0.154508
0.152827
0.151364
0.150093
0.148991
0.148036
0.147209
0.146489
0.145862
0.145314
0.144835
0.144416
0.14405
0.143731
0.143455
0.143217
0.143014
0.14284
0.142692
0.142567
0.142461
0.142373
0.1423
0.142241
0.142193
0.142153
0.142118
0.142088
0.142062
0.14204
0.142019
0.141999
0.141981
0.141964
0.141948
0.141933
0.141919
0.141905
0.141892
0.141879
0.141864
0.141844
0.141822
0.141788
0.14174
0.141672
0.141581
0.141465
0.141323
0.14116
0.140991
0.140842
0.140751
0.140756
0.140878
0.14112
0.14146
0.141856
0.142257
0.142619
0.142902
0.143078
0.143123
0.143025
0.142787
0.142484
0.142177
0.141829
0.14146
0.141095
0.140755
0.140462
0.140256
0.140202
0.140349
0.140538
0.140539
0.140246
0.163027
0.163576
0.163844
0.163902
0.163811
0.163627
0.163407
0.163215
0.163109
0.16315
0.163397
0.163903
0.16472
0.165884
0.167417
0.169303
0.171477
0.173815
0.176158
0.178406
0.180729
0.183954
0.190042
0.20241
0.226093
0.267535
0.333126
0.427102
0.553131
0.71148
0.897437
1.10465
1.32632
1.5558
1.78662
2.01269
2.22828
2.42822
2.6083
2.76588
2.90077
3.016
3.11856
3.21976
3.33493
3.48219
3.67959
3.93633
4.22427
4.52143
4.81161
5.0817
5.31937
5.51135
5.64246
5.6952
5.65021
5.48709
5.18507
4.72175
4.06947
3.21055
2.21052
1.27696
0.626774
0.296702
0.175295
0.144881
0.140396
0.140607
0.141016
0.141036
0.140903
0.140792
0.140745
0.140738
0.140761
0.140782
0.140979
0.141433
0.162072
0.160784
0.159296
0.157731
0.15617
0.154667
0.153258
0.151961
0.150784
0.149727
0.148784
0.147945
0.147201
0.146542
0.145958
0.145443
0.144987
0.144586
0.144233
0.143922
0.14365
0.143412
0.143204
0.143023
0.142867
0.142732
0.142615
0.142515
0.14243
0.142357
0.142295
0.142242
0.142196
0.142157
0.142123
0.142093
0.142065
0.142041
0.142017
0.141993
0.141968
0.14194
0.141905
0.141862
0.141807
0.141737
0.141649
0.141539
0.141407
0.141256
0.141094
0.140938
0.140813
0.140756
0.140797
0.140946
0.141199
0.141535
0.141919
0.142307
0.142658
0.142938
0.143121
0.143184
0.143116
0.142915
0.142597
0.142254
0.141938
0.141597
0.14125
0.140916
0.140612
0.140365
0.140226
0.14027
0.140477
0.140644
0.140584
0.140247
0.158971
0.158366
0.157649
0.156874
0.156088
0.155325
0.154612
0.153972
0.153426
0.152993
0.15269
0.152536
0.152543
0.152731
0.153114
0.153698
0.154479
0.155427
0.156471
0.157478
0.158254
0.158584
0.158372
0.157918
0.158315
0.161846
0.172167
0.194182
0.233894
0.296723
0.386378
0.506856
0.658255
0.838192
1.04279
1.26741
1.50674
1.75486
2.00515
2.25032
2.48274
2.69522
2.88235
3.04263
3.18063
3.30847
3.44581
3.61693
3.84868
4.12547
4.41326
4.68935
4.9382
5.14728
5.30387
5.39327
5.39828
5.2996
5.07674
4.70811
4.16866
3.4343
2.52736
1.59216
0.849516
0.410963
0.218672
0.15812
0.143668
0.141064
0.141062
0.141138
0.141028
0.140889
0.140808
0.140776
0.140792
0.140789
0.14099
0.141437
0.159478
0.159619
0.159405
0.158894
0.158146
0.157224
0.156187
0.155089
0.153976
0.152883
0.151834
0.150846
0.149928
0.149082
0.14831
0.147609
0.146975
0.146404
0.145892
0.145433
0.145023
0.144658
0.144333
0.144045
0.14379
0.143564
0.143364
0.143189
0.143035
0.142899
0.142781
0.142676
0.142584
0.142503
0.142431
0.142365
0.142305
0.142248
0.142193
0.142137
0.142078
0.142013
0.141939
0.141854
0.141754
0.141638
0.141504
0.141354
0.141194
0.141034
0.140892
0.140795
0.140774
0.140854
0.141036
0.141307
0.141645
0.142018
0.14239
0.142725
0.142993
0.143171
0.14324
0.143188
0.143012
0.142725
0.142354
0.141993
0.141683
0.141361
0.141043
0.140743
0.14048
0.14029
0.14024
0.14039
0.140625
0.140746
0.140619
0.140246
0.151924
0.151192
0.150576
0.150082
0.14972
0.149486
0.149374
0.149372
0.149473
0.149663
0.149913
0.150204
0.150524
0.150866
0.151229
0.151613
0.152023
0.152465
0.152935
0.15341
0.153821
0.154027
0.153785
0.152768
0.150859
0.148046
0.144737
0.1421
0.142345
0.148794
0.165673
0.198058
0.250679
0.327336
0.432201
0.567037
0.732124
0.926643
1.14868
1.39509
1.66112
1.93993
2.22232
2.49696
2.75186
2.9773
3.17023
3.33897
3.50443
3.6957
3.95117
4.23547
4.50856
4.74606
4.93283
5.05678
5.10494
5.0616
4.90831
4.62446
4.18674
3.56993
2.77182
1.88023
1.08798
0.554133
0.283221
0.182441
0.151709
0.143026
0.141382
0.14122
0.141133
0.141007
0.14091
0.140852
0.140848
0.14081
0.141012
0.141444
0.152914
0.153821
0.15456
0.155086
0.155379
0.155438
0.15528
0.154934
0.154436
0.153822
0.153129
0.15239
0.151631
0.150874
0.150134
0.149423
0.148748
0.148114
0.147524
0.146977
0.146474
0.146014
0.145594
0.145213
0.144867
0.144555
0.144274
0.144021
0.143794
0.14359
0.143407
0.143242
0.143093
0.142958
0.142834
0.142719
0.14261
0.142505
0.142402
0.142296
0.142186
0.142069
0.141942
0.141803
0.141652
0.14149
0.14132
0.14115
0.140992
0.140867
0.140799
0.140812
0.140931
0.141149
0.141443
0.141785
0.142148
0.142502
0.142816
0.143064
0.143228
0.143291
0.143242
0.143081
0.142816
0.142469
0.142072
0.141715
0.141424
0.141129
0.140844
0.140581
0.140368
0.140258
0.140326
0.140555
0.140781
0.140837
0.140645
0.140245
0.147074
0.147013
0.147136
0.147391
0.14773
0.148124
0.148556
0.149009
0.149475
0.149946
0.150414
0.150875
0.151325
0.151761
0.152181
0.152587
0.152978
0.153359
0.153736
0.154115
0.154497
0.154864
0.155161
0.155262
0.154972
0.154016
0.15207
0.148844
0.14438
0.139103
0.13399
0.130801
0.132158
0.141426
0.162762
0.200497
0.258757
0.342293
0.454865
0.599566
0.778829
0.994119
1.24522
1.52928
1.83969
2.16483
2.4883
2.79136
3.05874
3.28789
3.49421
3.70611
3.97522
4.25469
4.4977
4.67725
4.77833
4.78979
4.69923
4.49073
4.14415
3.63545
2.94964
2.13104
1.32897
0.720443
0.369249
0.219777
0.166183
0.147498
0.142452
0.141441
0.141229
0.141112
0.141028
0.140966
0.140944
0.140858
0.141057
0.141446
0.147465
0.148043
0.148739
0.149472
0.150171
0.150784
0.151271
0.151611
0.151796
0.151831
0.15173
0.151512
0.151199
0.150813
0.150374
0.1499
0.149407
0.148907
0.14841
0.147923
0.147452
0.147002
0.146574
0.146171
0.145794
0.145442
0.145116
0.144814
0.144535
0.144278
0.144041
0.143822
0.143617
0.143427
0.143247
0.143075
0.142908
0.142744
0.14258
0.142414
0.142243
0.142065
0.141881
0.141691
0.141498
0.141308
0.141131
0.140981
0.140875
0.140837
0.140886
0.141037
0.14129
0.141608
0.141956
0.142307
0.142639
0.142926
0.143149
0.143289
0.143336
0.14328
0.143122
0.14287
0.142541
0.142164
0.141767
0.141431
0.141166
0.140903
0.140652
0.140435
0.140295
0.140299
0.140484
0.140749
0.140933
0.140913
0.140661
0.140244
0.146285
0.146714
0.14716
0.14761
0.148058
0.148501
0.148935
0.149359
0.149772
0.150173
0.150564
0.150943
0.151313
0.151672
0.152023
0.152365
0.152699
0.153027
0.153352
0.153676
0.154007
0.154355
0.154727
0.155124
0.155521
0.155849
0.155977
0.155691
0.154709
0.152721
0.149449
0.144752
0.138861
0.13244
0.126672
0.123414
0.125213
0.135456
0.158177
0.197816
0.259879
0.350045
0.474215
0.638353
0.847863
1.10619
1.41298
1.76141
2.13591
2.51204
2.86111
3.16355
3.42323
3.66122
3.93589
4.19044
4.37667
4.46764
4.45048
4.31642
4.0539
3.64514
3.07135
2.3465
1.57184
0.914838
0.485718
0.278214
0.192446
0.157231
0.145436
0.142274
0.141532
0.141292
0.141168
0.141087
0.141053
0.140942
0.141118
0.141483
0.145912
0.145677
0.14563
0.145796
0.146124
0.146565
0.147064
0.147569
0.148039
0.148442
0.148757
0.148975
0.149093
0.149116
0.149054
0.148919
0.148724
0.148481
0.148201
0.147897
0.147575
0.147243
0.146908
0.146574
0.146245
0.145924
0.145614
0.145315
0.145027
0.144753
0.144489
0.144237
0.143994
0.14376
0.143531
0.143307
0.143086
0.142865
0.142644
0.142421
0.142196
0.141971
0.141748
0.141533
0.141333
0.141159
0.141023
0.140942
0.140935
0.141015
0.14119
0.141459
0.141792
0.14214
0.142473
0.142775
0.143027
0.143215
0.143325
0.143347
0.143277
0.143116
0.142871
0.142559
0.142202
0.141827
0.141457
0.141155
0.140923
0.140696
0.14049
0.140342
0.140308
0.140449
0.140709
0.140961
0.141074
0.140974
0.140675
0.140247
0.146918
0.147327
0.14771
0.148075
0.148424
0.148759
0.14908
0.14939
0.149689
0.149977
0.150257
0.150528
0.150793
0.151051
0.151303
0.151552
0.151796
0.152038
0.152279
0.152518
0.152759
0.153005
0.153263
0.153542
0.153855
0.154213
0.15462
0.155059
0.155474
0.155755
0.155725
0.155141
0.153712
0.151157
0.147252
0.141938
0.135438
0.128469
0.122207
0.118486
0.120029
0.13054
0.154763
0.199027
0.270951
0.379507
0.534827
0.747151
1.02472
1.37036
1.77706
2.2244
2.67704
3.09391
3.44848
3.72897
3.982
4.1734
4.2558
4.20431
4.01097
3.67033
3.17328
2.52306
1.78373
1.09875
0.604703
0.341902
0.222735
0.168966
0.148995
0.143098
0.141771
0.141505
0.141385
0.141269
0.141202
0.14104
0.141225
0.141461
0.146462
0.146021
0.145628
0.145309
0.145075
0.144941
0.144916
0.145008
0.145214
0.145496
0.145821
0.146153
0.146465
0.146737
0.146954
0.14711
0.147203
0.147234
0.14721
0.147137
0.147021
0.146869
0.146687
0.146483
0.14626
0.146023
0.145775
0.14552
0.14526
0.144997
0.144732
0.144465
0.144196
0.143927
0.143656
0.143384
0.14311
0.142836
0.142562
0.142291
0.142026
0.141772
0.141537
0.141329
0.14116
0.141043
0.140991
0.141019
0.141137
0.141346
0.141638
0.141988
0.142342
0.142666
0.142944
0.143167
0.143323
0.143403
0.143399
0.14331
0.143138
0.142891
0.142585
0.142239
0.141876
0.141515
0.14117
0.140891
0.140678
0.140479
0.140328
0.14028
0.14039
0.140643
0.140935
0.141146
0.141181
0.14101
0.140676
0.140247
0.146366
0.146639
0.146888
0.147124
0.147349
0.147565
0.147773
0.147974
0.148167
0.148354
0.148535
0.14871
0.148879
0.149043
0.149202
0.149357
0.149507
0.149654
0.149797
0.149938
0.150075
0.150211
0.150344
0.150478
0.150615
0.150761
0.150925
0.151119
0.151358
0.151653
0.152005
0.152396
0.152774
0.153041
0.153048
0.152589
0.151415
0.14927
0.145919
0.141225
0.135251
0.12839
0.121458
0.115973
0.114401
0.120462
0.139589
0.179257
0.248994
0.360059
0.523947
0.749764
1.03978
1.38756
1.7767
2.18576
2.59371
2.9638
3.25944
3.4769
3.56133
3.4765
3.20507
2.74331
2.1228
1.4475
0.870295
0.507304
0.314041
0.211389
0.165569
0.148518
0.143327
0.142065
0.141799
0.141684
0.141577
0.141372
0.141447
0.141605
0.146055
0.145734
0.145416
0.145113
0.14483
0.144574
0.144352
0.144171
0.144034
0.143942
0.143895
0.143895
0.143941
0.144031
0.144152
0.144285
0.144415
0.14453
0.144622
0.144685
0.144718
0.144721
0.144693
0.144636
0.144553
0.144445
0.144315
0.144165
0.143998
0.143815
0.143619
0.143412
0.143197
0.142975
0.142749
0.142523
0.1423
0.142084
0.141879
0.141692
0.141528
0.141396
0.141302
0.141257
0.141268
0.141343
0.141485
0.141688
0.141935
0.142211
0.142492
0.142752
0.142967
0.143126
0.14323
0.143272
0.14325
0.143162
0.143011
0.142801
0.142542
0.142247
0.141932
0.141612
0.141301
0.141012
0.140752
0.140562
0.140452
0.1404
0.140445
0.140596
0.140843
0.141121
0.141337
0.141415
0.141318
0.141067
0.140714
0.140278
)
;

boundaryField
{
    inlet
    {
        type            freestream;
        freestreamValue uniform 0.14;
        value           nonuniform List<scalar> 
134
(
0.14
0.14
0.14
0.14
0.14
0.14
0.14
0.14
0.14
0.14
0.14
0.140003
0.140008
0.140018
0.140031
0.140048
0.140068
0.14009
0.140116
0.140146
0.14
0.14018
0.140217
0.140255
0.140291
0.140325
0.140357
0.140391
0.140426
0.140458
0.140496
0.140533
0.140571
0.140611
0.140652
0.140696
0.140743
0.140794
0.140854
0.140899
0.14
0.14
0.14
0.14
0.14
0.14
0.14
0.140924
0.140941
0.140962
0.140986
0.141014
0.141044
0.141076
0.141111
0.141146
0.141181
0.141216
0.14125
0.141283
0.141313
0.14134
0.141364
0.141384
0.141401
0.141414
0.141424
0.14143
0.141433
0.141437
0.141444
0.141446
0.141483
0.141461
0.141605
0.14
0.14
0.14
0.14
0.14
0.14
0.14
0.14
0.14
0.14
0.14
0.14
0.14
0.14
0.14
0.14
0.14
0.14
0.14
0.14
0.14
0.14
0.14
0.14
0.14
0.14
0.14
0.14
0.14
0.14
0.14
0.14
0.14
0.14
0.14
0.14
0.14
0.14
0.14
0.14
0.14
0.14
0.14
0.14
0.14
0.14
0.14
0.14
0.14
0.14
0.14
0.14
0.14
0.14
0.14
0.14
0.14
0.14
0.14
)
;
    }
    outlet
    {
        type            freestream;
        freestreamValue uniform 0.14;
        value           nonuniform List<scalar> 
160
(
0.146366
0.146055
0.146639
0.145734
0.146888
0.145416
0.147124
0.145113
0.147349
0.14483
0.147565
0.144574
0.147773
0.144352
0.147974
0.144171
0.148167
0.144034
0.148354
0.143942
0.148535
0.143895
0.14871
0.143895
0.148879
0.143941
0.149043
0.144031
0.149202
0.144152
0.149357
0.144285
0.149507
0.144415
0.149654
0.14453
0.149797
0.144622
0.149938
0.144685
0.150075
0.144718
0.150211
0.144721
0.150344
0.144693
0.150478
0.144636
0.150615
0.144553
0.150761
0.144445
0.150925
0.144315
0.151119
0.144165
0.151358
0.143998
0.151653
0.143815
0.152005
0.143619
0.152396
0.143412
0.152774
0.143197
0.153041
0.142975
0.153048
0.142749
0.152589
0.142523
0.151415
0.1423
0.14927
0.142084
0.145919
0.141879
0.141225
0.141692
0.135251
0.141528
0.12839
0.141396
0.121458
0.141302
0.115973
0.141257
0.114401
0.141268
0.120462
0.141343
0.139589
0.141485
0.179257
0.141688
0.248994
0.141935
0.360059
0.142211
0.523947
0.142492
0.749764
0.142752
1.03978
0.142967
1.38756
0.143126
1.7767
0.14323
2.18576
0.143272
2.59371
0.14325
2.9638
0.143162
3.25944
0.143011
3.4769
0.142801
3.56133
0.142542
3.4765
0.142247
3.20507
0.141932
2.74331
0.141612
2.1228
0.141301
1.4475
0.141012
0.870295
0.140752
0.507304
0.140562
0.314041
0.140452
0.211389
0.1404
0.165569
0.140445
0.148518
0.140596
0.143327
0.140843
0.142065
0.141121
0.141799
0.141337
0.141684
0.141415
0.141577
0.141318
0.141372
0.141067
0.141447
0.140714
0.141605
0.140278
)
;
    }
    walls
    {
        type            nutUSpaldingWallFunction;
        Cmu             0.09;
        kappa           0.41;
        E               9.8;
        value           nonuniform List<scalar> 
78
(
0.00240104
0.00240695
0.00238497
0.00229657
0.00216266
0.00196322
0.0016836
0.00132804
0.000896744
0.000406086
0.000155777
0.000364333
0.000468139
0.000508607
0.000513655
0.000489111
0.000432536
0.000363624
0.000307593
0.000297879
0.000362747
0.000483962
0.000628338
0.000772593
0.000907304
0.00103391
0.00115026
0.00125716
0.00135805
0.00145649
0.00155487
0.00165145
0.0017397
0.00180411
0.00181719
0.00175164
0.0015788
0.00125327
0.000714521
0.00237662
0.00232915
0.00227202
0.00216499
0.00203975
0.00188888
0.0017112
0.00151526
0.00131433
0.00111489
0.000920439
0.000735982
0.000561912
0.000396025
0.000236607
9.38884e-05
0.000149882
0.000276464
0.000387585
0.000485008
0.000573117
0.000654761
0.000731509
0.000803383
0.000868981
0.000928201
0.000981901
0.00103072
0.00107503
0.00111517
0.0011516
0.00118474
0.00121515
0.00124356
0.0012709
0.00129795
0.0013274
0.00135906
0.00142188
)
;
    }
    frontAndBack
    {
        type            empty;
    }
}


// ************************************************************************* //
