/*--------------------------------*- C++ -*----------------------------------*\
  =========                 |
  \\      /  F ield         | OpenFOAM: The Open Source CFD Toolbox
   \\    /   O peration     | Website:  https://openfoam.org
    \\  /    A nd           | Version:  9
     \\/     M anipulation  |
\*---------------------------------------------------------------------------*/
FoamFile
{
    format      ascii;
    class       volVectorField;
    location    "0.3";
    object      U;
}
// * * * * * * * * * * * * * * * * * * * * * * * * * * * * * * * * * * * * * //

dimensions      [0 1 -1 0 0 0 0];

internalField   nonuniform List<vector> 
2268
(
(-0.0482961 0.0157599 0)
(-0.0633744 -0.00257476 0)
(-0.0296437 -0.0159915 0)
(0.0199997 -0.0188922 0)
(0.0775221 -0.0198735 0)
(0.135868 -0.019538 0)
(0.193782 -0.0189909 0)
(0.250941 -0.0185666 0)
(0.307446 -0.018255 0)
(0.363317 -0.0179546 0)
(0.418234 -0.0175321 0)
(0.471438 -0.0168276 0)
(0.521614 -0.0156336 0)
(0.566685 -0.0136223 0)
(0.603093 -0.0102792 0)
(0.626416 -0.00392906 0)
(0.62424 0.00717926 0)
(0.579997 0.0241842 0)
(0.481909 0.0455973 0)
(0.319126 0.0645283 0)
(0.117968 0.0727815 0)
(-0.164953 0.0207144 0)
(-0.107984 -0.0849673 0)
(-0.0333614 0.0353012 0)
(-0.0210853 -0.00637672 0)
(0.0151122 -0.0306923 0)
(0.0649916 -0.0394674 0)
(0.121205 -0.0424654 0)
(0.178997 -0.0428018 0)
(0.236824 -0.0424133 0)
(0.294197 -0.0419718 0)
(0.350956 -0.0415384 0)
(0.406903 -0.0409477 0)
(0.461595 -0.0399367 0)
(0.514239 -0.0381641 0)
(0.563568 -0.035163 0)
(0.607647 -0.0302121 0)
(0.643609 -0.0221699 0)
(0.667043 -0.00875774 0)
(0.675223 0.0129394 0)
(0.661613 0.0451989 0)
(0.612517 0.0873959 0)
(0.504634 0.13136 0)
(0.334395 0.160508 0)
(0.0541919 0.11609 0)
(0.0276995 -0.0873631 0)
(-0.0103135 0.0412955 0)
(0.0075944 -0.0191325 0)
(0.0463421 -0.05052 0)
(0.0960734 -0.0633883 0)
(0.150934 -0.0677494 0)
(0.20737 -0.0684802 0)
(0.264032 -0.068068 0)
(0.320388 -0.0674302 0)
(0.376155 -0.0666837 0)
(0.431024 -0.0656085 0)
(0.484498 -0.0638264 0)
(0.535783 -0.0608289 0)
(0.583676 -0.0559129 0)
(0.626408 -0.0480342 0)
(0.661458 -0.0356038 0)
(0.68517 -0.0162629 0)
(0.693806 0.0133981 0)
(0.683003 0.0569694 0)
(0.646756 0.115996 0)
(0.572831 0.183783 0)
(0.453078 0.238007 0)
(0.233583 0.200594 0)
(0.127121 -0.0282929 0)
(0.00434958 0.0367939 0)
(0.0284034 -0.0334627 0)
(0.0706139 -0.0719078 0)
(0.120975 -0.0880596 0)
(0.174957 -0.0935853 0)
(0.230129 -0.094629 0)
(0.285502 -0.0941619 0)
(0.340615 -0.0932912 0)
(0.395151 -0.0921713 0)
(0.44875 -0.0905316 0)
(0.500894 -0.0878891 0)
(0.550807 -0.0835822 0)
(0.597368 -0.0766975 0)
(0.638983 -0.0659077 0)
(0.673453 -0.0492585 0)
(0.697741 -0.0240233 0)
(0.708376 0.0134263 0)
(0.701701 0.0669601 0)
(0.673861 0.138964 0)
(0.618034 0.224674 0)
(0.526614 0.302736 0)
(0.353701 0.287906 0)
(0.200551 0.075511 0)
(0.0111722 0.0264742 0)
(0.0427782 -0.0511916 0)
(0.0893884 -0.0946106 0)
(0.141107 -0.113015 0)
(0.194716 -0.119326 0)
(0.248878 -0.120571 0)
(0.303046 -0.120043 0)
(0.356911 -0.11895 0)
(0.41018 -0.117453 0)
(0.462486 -0.11523 0)
(0.513314 -0.111705 0)
(0.561929 -0.106084 0)
(0.607304 -0.097277 0)
(0.648044 -0.0837264 0)
(0.682286 -0.063187 0)
(0.707539 -0.0326274 0)
(0.720857 0.0117371 0)
(0.719257 0.0738727 0)
(0.699762 0.156472 0)
(0.65771 0.25631 0)
(0.583947 0.355783 0)
(0.44383 0.375575 0)
(0.260492 0.219225 0)
(0.014234 0.012748 0)
(0.0526245 -0.0720379 0)
(0.10371 -0.118671 0)
(0.157091 -0.138202 0)
(0.210633 -0.144771 0)
(0.263992 -0.146014 0)
(0.317073 -0.145366 0)
(0.369743 -0.14404 0)
(0.421768 -0.142162 0)
(0.472802 -0.139355 0)
(0.522354 -0.134959 0)
(0.56974 -0.128069 0)
(0.614046 -0.117455 0)
(0.65409 -0.101388 0)
(0.688365 -0.0774026 0)
(0.714904 -0.042228 0)
(0.731336 0.00803706 0)
(0.735349 0.0773781 0)
(0.724603 0.168715 0)
(0.695723 0.280438 0)
(0.637553 0.399722 0)
(0.526638 0.461942 0)
(0.31864 0.395889 0)
(0.0161268 -0.00318577 0)
(0.059758 -0.0954671 0)
(0.114672 -0.144043 0)
(0.16957 -0.163698 0)
(0.223098 -0.169992 0)
(0.275746 -0.170997 0)
(0.327815 -0.170137 0)
(0.379335 -0.168539 0)
(0.43014 -0.166266 0)
(0.479919 -0.162873 0)
(0.528216 -0.157625 0)
(0.574409 -0.149525 0)
(0.617699 -0.137244 0)
(0.657134 -0.118937 0)
(0.691584 -0.0919909 0)
(0.719605 -0.0529513 0)
(0.739415 0.0021646 0)
(0.749388 0.0773224 0)
(0.747948 0.175629 0)
(0.733107 0.29712 0)
(0.693128 0.434127 0)
(0.619015 0.545698 0)
(0.38754 0.60287 0)
(0.0179539 -0.0206834 0)
(0.0654499 -0.120916 0)
(0.123228 -0.170458 0)
(0.179218 -0.189418 0)
(0.2326 -0.194983 0)
(0.284523 -0.19553 0)
(0.335597 -0.194349 0)
(0.385981 -0.192426 0)
(0.43557 -0.189726 0)
(0.484095 -0.185736 0)
(0.531142 -0.179646 0)
(0.576145 -0.170389 0)
(0.618421 -0.156575 0)
(0.657248 -0.136315 0)
(0.691895 -0.106922 0)
(0.721445 -0.0648135 0)
(0.744707 -0.00597331 0)
(0.760757 0.073476 0)
(0.769026 0.176627 0)
(0.769398 0.304678 0)
(0.7531 0.454319 0)
(0.724923 0.612304 0)
(0.480689 0.880118 0)
(0.00783746 0.00244042 0)
(-0.0586297 0.0241168 0)
(-0.15261 0.0201997 0)
(-0.189099 0.00687455 0)
(-0.18815 -0.00284154 0)
(-0.163572 -0.00856161 0)
(-0.128173 -0.0107599 0)
(-0.0883664 -0.0112347 0)
(-0.049179 -0.0104447 0)
(-0.014094 -0.00877621 0)
(0.0144027 -0.00665634 0)
(0.0347793 -0.00442671 0)
(0.0468352 -0.002236 0)
(0.0512119 -0.00025602 0)
(0.0488078 0.00134307 0)
(0.0410204 0.00247231 0)
(0.0294922 0.00313441 0)
(0.0172127 0.00306644 0)
(0.00514476 0.00204959 0)
(-0.0331339 0.0211026 0)
(-0.120403 0.0548846 0)
(-0.192913 0.0392455 0)
(-0.211894 0.0102267 0)
(-0.201138 -0.00889244 0)
(-0.175142 -0.0202487 0)
(-0.139062 -0.0253703 0)
(-0.0991091 -0.0266441 0)
(-0.0597411 -0.0249807 0)
(-0.0240843 -0.0213114 0)
(0.00538603 -0.0164256 0)
(0.0272318 -0.0110011 0)
(0.0409866 -0.00564784 0)
(0.0470028 -0.00080919 0)
(0.0462997 0.00318324 0)
(0.0401814 0.00614063 0)
(0.0301044 0.00781592 0)
(0.0182157 0.00794583 0)
(0.0056366 0.00737318 0)
(-0.0727719 0.0659229 0)
(-0.160435 0.0856879 0)
(-0.210183 0.0529268 0)
(-0.220395 0.0102131 0)
(-0.205811 -0.0169183 0)
(-0.178322 -0.0330745 0)
(-0.141866 -0.0407624 0)
(-0.10213 -0.0426547 0)
(-0.063191 -0.0401262 0)
(-0.0278713 -0.0345433 0)
(0.00148354 -0.026961 0)
(0.0235893 -0.0184432 0)
(0.0379417 -0.00994617 0)
(0.0447421 -0.00219555 0)
(0.0448853 0.00431299 0)
(0.0396431 0.00918832 0)
(0.030396 0.0121835 0)
(0.0189334 0.0130961 0)
(0.00628948 0.0122699 0)
(-0.103834 0.122929 0)
(-0.194005 0.114506 0)
(-0.226299 0.0618172 0)
(-0.227753 0.00798852 0)
(-0.208751 -0.0261748 0)
(-0.179365 -0.0467962 0)
(-0.142017 -0.0567843 0)
(-0.101985 -0.0591484 0)
(-0.0631299 -0.055634 0)
(-0.0280876 -0.0480397 0)
(0.000983265 -0.0377497 0)
(0.022937 -0.0261279 0)
(0.0373523 -0.014468 0)
(0.0444072 -0.00376119 0)
(0.0449163 0.00528415 0)
(0.0400672 0.0121444 0)
(0.0311403 0.0165165 0)
(0.0197709 0.0182323 0)
(0.00696129 0.017845 0)
(-0.132762 0.19269 0)
(-0.22724 0.141359 0)
(-0.242165 0.0648548 0)
(-0.233529 0.00283015 0)
(-0.210174 -0.0369077 0)
(-0.178837 -0.0614213 0)
(-0.140215 -0.0734596 0)
(-0.0993857 -0.0760811 0)
(-0.0601951 -0.0714131 0)
(-0.0252303 -0.0616512 0)
(0.00353038 -0.0485697 0)
(0.0250858 -0.0338325 0)
(0.0391617 -0.0190213 0)
(0.046007 -0.00537846 0)
(0.0464093 0.00619654 0)
(0.0414814 0.0150646 0)
(0.0324123 0.020869 0)
(0.0207639 0.0234981 0)
(0.00754052 0.0237053 0)
(-0.164099 0.276549 0)
(-0.260174 0.164393 0)
(-0.254548 0.0601317 0)
(-0.234363 -0.00506726 0)
(-0.208335 -0.0485233 0)
(-0.175985 -0.0765666 0)
(-0.136213 -0.090559 0)
(-0.0943063 -0.0932766 0)
(-0.0544479 -0.087276 0)
(-0.0193608 -0.0751884 0)
(0.00909756 -0.0592104 0)
(0.0300723 -0.0413294 0)
(0.0434666 -0.0233846 0)
(0.0496645 -0.00684378 0)
(0.049487 0.00723311 0)
(0.0440035 0.0181075 0)
(0.0343346 0.0253747 0)
(0.0220128 0.0289813 0)
(0.00805433 0.0298793 0)
(-0.197419 0.367477 0)
(-0.28028 0.173616 0)
(-0.253385 0.0444535 0)
(-0.222849 -0.0142727 0)
(-0.199617 -0.059569 0)
(-0.169082 -0.0916032 0)
(-0.129176 -0.107939 0)
(-0.0863254 -0.110773 0)
(-0.045658 -0.103225 0)
(-0.0103301 -0.0885809 0)
(0.0178059 -0.0695445 0)
(0.0380289 -0.0484543 0)
(0.0504254 -0.0273726 0)
(0.0555495 -0.00795418 0)
(0.0543146 0.00860154 0)
(0.0477893 0.0214764 0)
(0.0370584 0.0302217 0)
(0.0236568 0.0348357 0)
(0.00860449 0.0364072 0)
(-0.249249 0.567 0)
(-0.220808 0.153299 0)
(-0.212126 0.0206516 0)
(-0.185351 -0.0221962 0)
(-0.177826 -0.0704129 0)
(-0.155244 -0.106998 0)
(-0.117802 -0.125945 0)
(-0.0748077 -0.129039 0)
(-0.0333266 -0.119848 0)
(0.00232565 -0.102329 0)
(0.0300286 -0.0798566 0)
(0.0492239 -0.0552581 0)
(0.0602408 -0.0308708 0)
(0.063843 -0.00849567 0)
(0.0610592 0.0105687 0)
(0.0529938 0.0254599 0)
(0.0407468 0.0357017 0)
(0.0258774 0.0413382 0)
(0.00935907 0.0434635 0)
(0.0212155 -0.0510967 0)
(0.0730699 -0.164125 0)
(0.133661 -0.213326 0)
(0.190517 -0.229934 0)
(0.243371 -0.233732 0)
(0.294102 -0.233221 0)
(0.343662 -0.231346 0)
(0.392342 -0.228792 0)
(0.440116 -0.225346 0)
(0.486775 -0.220378 0)
(0.531966 -0.212973 0)
(0.575202 -0.201975 0)
(0.615951 -0.185972 0)
(0.653843 -0.163123 0)
(0.688781 -0.130752 0)
(0.720668 -0.0851406 0)
(0.749205 -0.0222666 0)
(0.774462 0.0613069 0)
(0.797677 0.167977 0)
(0.822359 0.298867 0)
(0.852855 0.453343 0)
(0.916556 0.635966 0)
(0.997434 0.987066 0)
(0.0263726 -0.0979008 0)
(0.0828206 -0.22719 0)
(0.145239 -0.273078 0)
(0.201387 -0.284641 0)
(0.252356 -0.285152 0)
(0.300873 -0.28277 0)
(0.348158 -0.279718 0)
(0.394566 -0.27619 0)
(0.440098 -0.271698 0)
(0.484582 -0.265448 0)
(0.527708 -0.256386 0)
(0.569005 -0.243272 0)
(0.608003 -0.224821 0)
(0.644673 -0.199597 0)
(0.679761 -0.165291 0)
(0.714195 -0.118026 0)
(0.748492 -0.0537926 0)
(0.783407 0.0299693 0)
(0.821178 0.133676 0)
(0.86676 0.255367 0)
(0.927879 0.390541 0)
(1.01339 0.535187 0)
(1.15282 0.709276 0)
(0.0312395 -0.151966 0)
(0.0930499 -0.293033 0)
(0.15725 -0.331874 0)
(0.211244 -0.336731 0)
(0.258971 -0.333544 0)
(0.304342 -0.329406 0)
(0.348765 -0.32543 0)
(0.392546 -0.321174 0)
(0.435615 -0.315872 0)
(0.477785 -0.308599 0)
(0.518754 -0.298143 0)
(0.557978 -0.283136 0)
(0.594823 -0.262517 0)
(0.629353 -0.23568 0)
(0.663112 -0.201212 0)
(0.69801 -0.154818 0)
(0.735011 -0.0921406 0)
(0.774842 -0.011291 0)
(0.819253 0.0863083 0)
(0.871703 0.195871 0)
(0.936846 0.309553 0)
(1.01665 0.417518 0)
(1.12883 0.514916 0)
(0.0316497 -0.215368 0)
(0.108139 -0.365059 0)
(0.173213 -0.390249 0)
(0.221698 -0.3862 0)
(0.264118 -0.37949 0)
(0.305255 -0.374282 0)
(0.346173 -0.369947 0)
(0.386839 -0.365309 0)
(0.426961 -0.359383 0)
(0.466285 -0.351204 0)
(0.504523 -0.339401 0)
(0.541062 -0.322371 0)
(0.57504 -0.299234 0)
(0.606355 -0.270585 0)
(0.636961 -0.236835 0)
(0.669427 -0.192813 0)
(0.705243 -0.133575 0)
(0.745407 -0.0574811 0)
(0.791333 0.0331877 0)
(0.845096 0.132061 0)
(0.908749 0.231834 0)
(0.983779 0.324243 0)
(1.07706 0.405304 0)
(0.0390622 -0.292857 0)
(0.143183 -0.447315 0)
(0.194621 -0.446514 0)
(0.229112 -0.431303 0)
(0.26452 -0.421834 0)
(0.301491 -0.415995 0)
(0.339113 -0.411165 0)
(0.376687 -0.405674 0)
(0.413676 -0.398491 0)
(0.449692 -0.388779 0)
(0.48435 -0.375059 0)
(0.517111 -0.355469 0)
(0.547504 -0.329234 0)
(0.575895 -0.298242 0)
(0.603166 -0.265276 0)
(0.630598 -0.223845 0)
(0.661228 -0.168387 0)
(0.697892 -0.0976486 0)
(0.742837 -0.0138599 0)
(0.796846 0.0768633 0)
(0.859973 0.166379 0)
(0.933239 0.246052 0)
(1.01794 0.312107 0)
(0.107263 -0.384201 0)
(0.215552 -0.531968 0)
(0.214522 -0.482418 0)
(0.226978 -0.459174 0)
(0.257874 -0.449786 0)
(0.293086 -0.44392 0)
(0.328861 -0.438309 0)
(0.364217 -0.431542 0)
(0.398707 -0.422685 0)
(0.431743 -0.411006 0)
(0.46257 -0.394829 0)
(0.49082 -0.371775 0)
(0.516951 -0.340478 0)
(0.542582 -0.303205 0)
(0.565519 -0.27039 0)
(0.582823 -0.230859 0)
(0.602421 -0.179047 0)
(0.631136 -0.114862 0)
(0.673661 -0.039516 0)
(0.732506 0.0427011 0)
(0.807626 0.122621 0)
(0.894911 0.190466 0)
(0.986741 0.245033 0)
(0.303101 -0.599578 0)
(0.334642 -0.598664 0)
(0.202776 -0.44972 0)
(0.216433 -0.453065 0)
(0.250758 -0.451232 0)
(0.287641 -0.448281 0)
(0.323343 -0.444487 0)
(0.357477 -0.43932 0)
(0.389984 -0.432057 0)
(0.419998 -0.422045 0)
(0.446474 -0.408047 0)
(0.470372 -0.389331 0)
(0.49646 -0.368398 0)
(0.536937 -0.348811 0)
(0.559164 -0.30702 0)
(0.565273 -0.258784 0)
(0.569809 -0.208565 0)
(0.580571 -0.149578 0)
(0.608327 -0.0804427 0)
(0.660372 -0.00636322 0)
(0.738935 0.075169 0)
(0.847879 0.151892 0)
(0.956497 0.199989 0)
(0.240897 -0.935674 0)
(0.0679951 -0.421315 0)
(0.14353 -0.37193 0)
(0.214585 -0.513447 0)
(0.258903 -0.562813 0)
(0.307052 -0.566579 0)
(0.358147 -0.56137 0)
(0.40864 -0.553232 0)
(0.458175 -0.54086 0)
(0.50716 -0.522884 0)
(0.555933 -0.50033 0)
(0.603811 -0.476285 0)
(0.648946 -0.447477 0)
(0.691354 -0.400874 0)
(0.732084 -0.344432 0)
(0.773657 -0.29148 0)
(0.814686 -0.252024 0)
(0.85452 -0.226879 0)
(0.895391 -0.211905 0)
(0.939745 -0.199698 0)
(0.990227 -0.180634 0)
(1.05718 -0.138215 0)
(1.01612 0.0348277 0)
(-0.158911 -0.993989 0)
(-0.0313407 -0.555594 0)
(0.0970162 -0.514463 0)
(0.201651 -0.565336 0)
(0.270977 -0.588418 0)
(0.329692 -0.587125 0)
(0.386588 -0.578271 0)
(0.441685 -0.56735 0)
(0.495111 -0.554432 0)
(0.547759 -0.538436 0)
(0.600376 -0.518782 0)
(0.652725 -0.495353 0)
(0.703886 -0.46637 0)
(0.754413 -0.42775 0)
(0.807454 -0.379804 0)
(0.865227 -0.329669 0)
(0.926005 -0.282388 0)
(0.98741 -0.238401 0)
(1.04784 -0.195287 0)
(1.10511 -0.148214 0)
(1.15481 -0.0902136 0)
(1.1953 -0.015484 0)
(1.22539 0.0588043 0)
(-0.0610428 -0.758211 0)
(-0.00384504 -0.70629 0)
(0.108337 -0.655059 0)
(0.199236 -0.649173 0)
(0.268608 -0.648111 0)
(0.327731 -0.641207 0)
(0.383921 -0.631156 0)
(0.438547 -0.619745 0)
(0.491758 -0.606696 0)
(0.544004 -0.591011 0)
(0.595796 -0.571761 0)
(0.647327 -0.548118 0)
(0.698799 -0.518915 0)
(0.751502 -0.482775 0)
(0.807961 -0.440297 0)
(0.869718 -0.395191 0)
(0.936081 -0.350454 0)
(1.00534 -0.306756 0)
(1.07579 -0.262569 0)
(1.14603 -0.214069 0)
(1.21517 -0.154393 0)
(1.28726 -0.0740929 0)
(1.37148 0.027014 0)
(0.00771425 -0.789297 0)
(0.0417973 -0.783525 0)
(0.115923 -0.741844 0)
(0.185099 -0.722372 0)
(0.245768 -0.710953 0)
(0.300772 -0.69962 0)
(0.353377 -0.687458 0)
(0.404679 -0.674525 0)
(0.454854 -0.660237 0)
(0.504085 -0.643659 0)
(0.552676 -0.623878 0)
(0.601015 -0.600093 0)
(0.64978 -0.571581 0)
(0.700368 -0.538 0)
(0.754691 -0.500228 0)
(0.814059 -0.460453 0)
(0.87865 -0.420512 0)
(0.948008 -0.380805 0)
(1.02175 -0.340036 0)
(1.10008 -0.295062 0)
(1.1842 -0.240733 0)
(1.27836 -0.170964 0)
(1.38632 -0.0852351 0)
(0.0170068 -0.813947 0)
(0.0535982 -0.838069 0)
(0.105845 -0.802739 0)
(0.158843 -0.780512 0)
(0.209452 -0.764854 0)
(0.257688 -0.751026 0)
(0.304558 -0.737461 0)
(0.350511 -0.723447 0)
(0.395593 -0.708191 0)
(0.439857 -0.690826 0)
(0.483518 -0.670592 0)
(0.527017 -0.646934 0)
(0.571151 -0.619575 0)
(0.617188 -0.588697 0)
(0.666667 -0.555235 0)
(0.720875 -0.52068 0)
(0.780584 -0.486275 0)
(0.846338 -0.452321 0)
(0.918926 -0.417881 0)
(0.999856 -0.380625 0)
(1.0914 -0.336764 0)
(1.19774 -0.281454 0)
(1.32108 -0.210896 0)
(0.0180544 -0.845776 0)
(0.0492808 -0.878603 0)
(0.0857256 -0.848122 0)
(0.126182 -0.826568 0)
(0.166978 -0.809882 0)
(0.207243 -0.795098 0)
(0.246992 -0.780793 0)
(0.286222 -0.766058 0)
(0.324851 -0.750062 0)
(0.36287 -0.732059 0)
(0.400466 -0.711503 0)
(0.438085 -0.688133 0)
(0.476508 -0.66205 0)
(0.516856 -0.633784 0)
(0.560456 -0.604331 0)
(0.608586 -0.574933 0)
(0.662379 -0.546619 0)
(0.723002 -0.519812 0)
(0.791989 -0.494106 0)
(0.871611 -0.468027 0)
(0.964787 -0.438646 0)
(1.07591 -0.401057 0)
(1.20747 -0.348331 0)
(0.015258 -0.876823 0)
(0.0381557 -0.90633 0)
(0.0623595 -0.881364 0)
(0.0922281 -0.862093 0)
(0.123635 -0.845955 0)
(0.155516 -0.831183 0)
(0.187484 -0.816676 0)
(0.21931 -0.801569 0)
(0.250838 -0.78511 0)
(0.282045 -0.766717 0)
(0.313117 -0.746076 0)
(0.344498 -0.723216 0)
(0.376921 -0.69855 0)
(0.411393 -0.672876 0)
(0.449107 -0.647301 0)
(0.491316 -0.623051 0)
(0.539309 -0.601196 0)
(0.59455 -0.58244 0)
(0.658925 -0.566959 0)
(0.735048 -0.554106 0)
(0.826153 -0.541687 0)
(0.936829 -0.524568 0)
(1.07065 -0.492978 0)
(0.00950693 -0.89989 0)
(0.0244048 -0.922924 0)
(0.0393892 -0.904452 0)
(0.0600722 -0.888114 0)
(0.0826929 -0.873271 0)
(0.106322 -0.859093 0)
(0.13046 -0.844796 0)
(0.154801 -0.829654 0)
(0.179176 -0.813053 0)
(0.203584 -0.794599 0)
(0.228233 -0.774209 0)
(0.253564 -0.752176 0)
(0.280269 -0.729178 0)
(0.309263 -0.706234 0)
(0.341633 -0.684593 0)
(0.378569 -0.665566 0)
(0.421367 -0.650372 0)
(0.47153 -0.64004 0)
(0.530958 -0.635325 0)
(0.602199 -0.63638 0)
(0.688365 -0.641785 0)
(0.793884 -0.646428 0)
(0.923179 -0.638163 0)
(0.00343616 -0.913174 0)
(0.0109956 -0.931451 0)
(0.0188062 -0.919029 0)
(0.0313943 -0.905563 0)
(0.0459882 -0.89232 0)
(0.061876 -0.879086 0)
(0.0785743 -0.865332 0)
(0.0957882 -0.85049 0)
(0.113385 -0.83411 0)
(0.131407 -0.81599 0)
(0.150093 -0.796265 0)
(0.169889 -0.775458 0)
(0.191444 -0.754467 0)
(0.21559 -0.734498 0)
(0.243299 -0.716933 0)
(0.275648 -0.703196 0)
(0.31381 -0.694662 0)
(0.359116 -0.692641 0)
(0.413182 -0.698363 0)
(0.478095 -0.712652 0)
(0.556347 -0.73483 0)
(0.651659 -0.760071 0)
(0.768525 -0.774558 0)
(-0.00166616 -0.916585 0)
(-0.000566435 -0.934221 0)
(0.00135948 -0.926283 0)
(0.00689809 -0.915384 0)
(0.0143741 -0.90385 0)
(0.0232864 -0.891784 0)
(0.0332251 -0.878842 0)
(0.0439534 -0.864619 0)
(0.0554003 -0.848835 0)
(0.0676643 -0.83147 0)
(0.0810172 -0.81285 0)
(0.0959015 -0.793691 0)
(0.112917 -0.775066 0)
(0.132797 -0.758321 0)
(0.156376 -0.744945 0)
(0.184552 -0.736442 0)
(0.218264 -0.73428 0)
(0.258501 -0.739928 0)
(0.306361 -0.754894 0)
(0.363162 -0.780432 0)
(0.430403 -0.816477 0)
(0.51072 -0.858786 0)
(0.608107 -0.893141 0)
(-0.00545735 -0.91203 0)
(-0.00972372 -0.932228 0)
(-0.0127867 -0.92719 0)
(-0.0132647 -0.91859 0)
(-0.0119017 -0.908781 0)
(-0.00905725 -0.898012 0)
(-0.00504504 -0.886093 0)
(-2.11977e-05 -0.872774 0)
(0.00601556 -0.857935 0)
(0.0132177 -0.841719 0)
(0.0218809 -0.824613 0)
(0.0324296 -0.807478 0)
(0.0453959 -0.791512 0)
(0.0613927 -0.778151 0)
(0.0810799 -0.768933 0)
(0.10512 -0.76538 0)
(0.134133 -0.76895 0)
(0.168651 -0.781106 0)
(0.209136 -0.803396 0)
(0.256006 -0.837216 0)
(0.309626 -0.882983 0)
(0.371478 -0.937427 0)
(0.444825 -0.98762 0)
(-0.00777271 -0.902876 0)
(-0.0164504 -0.925074 0)
(-0.0238469 -0.922722 0)
(-0.0292129 -0.91624 0)
(-0.0329394 -0.9081 0)
(-0.0352157 -0.898679 0)
(-0.036252 -0.887929 0)
(-0.0361195 -0.875742 0)
(-0.034749 -0.862138 0)
(-0.0319441 -0.847394 0)
(-0.0274015 -0.832121 0)
(-0.0207351 -0.817278 0)
(-0.0115037 -0.804131 0)
(0.00076029 -0.794148 0)
(0.0165124 -0.788853 0)
(0.036143 -0.789703 0)
(0.0599109 -0.798037 0)
(0.087857 -0.815141 0)
(0.119828 -0.842406 0)
(0.155388 -0.881102 0)
(0.193849 -0.932038 0)
(0.235654 -0.993255 0)
(0.283218 -1.05457 0)
(-0.00916949 -0.89001 0)
(-0.0211518 -0.91411 0)
(-0.031996 -0.913988 0)
(-0.0412402 -0.909376 0)
(-0.04908 -0.902784 0)
(-0.0555545 -0.894702 0)
(-0.0607766 -0.885203 0)
(-0.0647427 -0.874301 0)
(-0.0673299 -0.862134 0)
(-0.0683187 -0.849083 0)
(-0.0674206 -0.835834 0)
(-0.0643105 -0.823399 0)
(-0.0586587 -0.813056 0)
(-0.0501622 -0.806242 0)
(-0.0385826 -0.804408 0)
(-0.0238001 -0.808878 0)
(-0.00589446 -0.820787 0)
(0.0147055 -0.841126 0)
(0.0373648 -0.870876 0)
(0.0609584 -0.911156 0)
(0.083925 -0.962951 0)
(0.105866 -1.02574 0)
(0.128099 -1.09288 0)
(-0.00987811 -0.874812 0)
(-0.0241493 -0.900283 0)
(-0.0375696 -0.901978 0)
(-0.0497746 -0.898961 0)
(-0.0608283 -0.893757 0)
(-0.0706432 -0.886951 0)
(-0.0792486 -0.878718 0)
(-0.0865821 -0.869174 0)
(-0.0924873 -0.858546 0)
(-0.0967426 -0.847281 0)
(-0.0990954 -0.836105 0)
(-0.0992993 -0.826029 0)
(-0.0971489 -0.818295 0)
(-0.0925107 -0.81426 0)
(-0.085359 -0.815248 0)
(-0.0758292 -0.822396 0)
(-0.0642962 -0.836577 0)
(-0.0514752 -0.85842 0)
(-0.0384506 -0.888429 0)
(-0.0267977 -0.92743 0)
(-0.0185846 -0.976414 0)
(-0.0149205 -1.03609 0)
(-0.015997 -1.10333 0)
(-0.0100743 -0.858296 0)
(-0.0257572 -0.884501 0)
(-0.0409596 -0.887584 0)
(-0.0553111 -0.885864 0)
(-0.0687746 -0.881857 0)
(-0.081159 -0.876219 0)
(-0.0924267 -0.869208 0)
(-0.102475 -0.861014 0)
(-0.111133 -0.851923 0)
(-0.118197 -0.842415 0)
(-0.123467 -0.833216 0)
(-0.126784 -0.8253 0)
(-0.12807 -0.819826 0)
(-0.127352 -0.818034 0)
(-0.124792 -0.821086 0)
(-0.120739 -0.829908 0)
(-0.115783 -0.845087 0)
(-0.110845 -0.866877 0)
(-0.107243 -0.895361 0)
(-0.10679 -0.93084 0)
(-0.11183 -0.974191 0)
(-0.123964 -1.02688 0)
(-0.144806 -1.08891 0)
(-0.00989942 -0.841271 0)
(-0.0262636 -0.867552 0)
(-0.0425677 -0.871581 0)
(-0.0583633 -0.87085 0)
(-0.0735363 -0.867824 0)
(-0.087815 -0.86321 0)
(-0.101111 -0.857319 0)
(-0.113299 -0.850392 0)
(-0.124213 -0.842743 0)
(-0.13368 -0.834855 0)
(-0.141561 -0.827423 0)
(-0.14779 -0.821345 0)
(-0.152404 -0.817675 0)
(-0.155574 -0.817504 0)
(-0.157617 -0.821816 0)
(-0.159037 -0.831326 0)
(-0.160571 -0.846353 0)
(-0.163247 -0.866805 0)
(-0.168457 -0.892336 0)
(-0.178067 -0.922739 0)
(-0.194467 -0.958553 0)
(-0.219549 -1.00152 0)
(-0.256081 -1.05401 0)
(-0.00947461 -0.824345 0)
(-0.0259343 -0.850086 0)
(-0.0427796 -0.854624 0)
(-0.0594305 -0.854568 0)
(-0.0757175 -0.852296 0)
(-0.0913107 -0.848532 0)
(-0.106087 -0.843617 0)
(-0.119912 -0.837813 0)
(-0.132637 -0.831436 0)
(-0.144132 -0.824948 0)
(-0.154321 -0.818982 0)
(-0.163223 -0.814345 0)
(-0.17098 -0.811957 0)
(-0.177878 -0.812754 0)
(-0.184352 -0.817539 0)
(-0.191014 -0.826829 0)
(-0.19868 -0.840713 0)
(-0.208407 -0.858805 0)
(-0.221552 -0.880373 0)
(-0.239897 -0.904722 0)
(-0.265706 -0.9319 0)
(-0.30098 -0.963494 0)
(-0.349281 -1.00321 0)
(-0.00890386 -0.807951 0)
(-0.0250118 -0.832615 0)
(-0.041951 -0.837245 0)
(-0.0589769 -0.837562 0)
(-0.0758824 -0.835813 0)
(-0.0922997 -0.832708 0)
(-0.108084 -0.828592 0)
(-0.123104 -0.823723 0)
(-0.137238 -0.818398 0)
(-0.150401 -0.813031 0)
(-0.162579 -0.808182 0)
(-0.173866 -0.804546 0)
(-0.184488 -0.802905 0)
(-0.194818 -0.804032 0)
(-0.205375 -0.808561 0)
(-0.216836 -0.816835 0)
(-0.230045 -0.828756 0)
(-0.246035 -0.843713 0)
(-0.266064 -0.860655 0)
(-0.291739 -0.878443 0)
(-0.325085 -0.896547 0)
(-0.368072 -0.916028 0)
(-0.424651 -0.940945 0)
(-0.00827236 -0.79237 0)
(-0.0237102 -0.815524 0)
(-0.0403981 -0.81987 0)
(-0.0574167 -0.820275 0)
(-0.0745357 -0.818823 0)
(-0.0913676 -0.816181 0)
(-0.107756 -0.812671 0)
(-0.123582 -0.808524 0)
(-0.138754 -0.804 0)
(-0.153232 -0.799451 0)
(-0.167059 -0.795349 0)
(-0.180388 -0.792273 0)
(-0.193511 -0.790863 0)
(-0.206857 -0.791737 0)
(-0.220997 -0.795371 0)
(-0.236638 -0.801962 0)
(-0.254621 -0.811272 0)
(-0.275921 -0.822529 0)
(-0.301662 -0.834453 0)
(-0.333226 -0.845525 0)
(-0.372333 -0.854626 0)
(-0.420787 -0.86205 0)
(-0.482493 -0.871393 0)
(-0.00764159 -0.777751 0)
(-0.0222075 -0.799085 0)
(-0.0383885 -0.802824 0)
(-0.0551034 -0.803061 0)
(-0.0721111 -0.801696 0)
(-0.0890179 -0.799325 0)
(-0.105665 -0.796225 0)
(-0.121951 -0.792581 0)
(-0.137815 -0.788599 0)
(-0.153261 -0.784561 0)
(-0.168378 -0.780846 0)
(-0.183365 -0.777915 0)
(-0.198554 -0.776274 0)
(-0.214409 -0.776392 0)
(-0.231521 -0.778607 0)
(-0.250599 -0.78299 0)
(-0.272457 -0.789205 0)
(-0.297995 -0.796384 0)
(-0.328195 -0.803102 0)
(-0.364196 -0.807557 0)
(-0.407379 -0.808099 0)
(-0.459255 -0.80417 0)
(-0.523313 -0.798385 0)
(-0.00704407 -0.764148 0)
(-0.0206365 -0.783468 0)
(-0.036135 -0.786346 0)
(-0.0523243 -0.786196 0)
(-0.0689638 -0.784731 0)
(-0.0856658 -0.782455 0)
(-0.102276 -0.779577 0)
(-0.118712 -0.776224 0)
(-0.134946 -0.772537 0)
(-0.151019 -0.76872 0)
(-0.167056 -0.76506 0)
(-0.183288 -0.761908 0)
(-0.200067 -0.759642 0)
(-0.217867 -0.7586 0)
(-0.237275 -0.758993 0)
(-0.258977 -0.760794 0)
(-0.28374 -0.763598 0)
(-0.312383 -0.766491 0)
(-0.345749 -0.767984 0)
(-0.384742 -0.766103 0)
(-0.430401 -0.758782 0)
(-0.483862 -0.744682 0)
(-0.547917 -0.725255 0)
(-0.00648169 -0.751554 0)
(-0.0190803 -0.768763 0)
(-0.0337929 -0.770597 0)
(-0.0492983 -0.76989 0)
(-0.0653702 -0.76817 0)
(-0.0816363 -0.765835 0)
(-0.0979541 -0.763012 0)
(-0.114263 -0.759756 0)
(-0.130567 -0.756138 0)
(-0.146937 -0.752284 0)
(-0.163524 -0.748392 0)
(-0.180579 -0.744712 0)
(-0.198455 -0.741506 0)
(-0.217617 -0.739 0)
(-0.238625 -0.737297 0)
(-0.262121 -0.736286 0)
(-0.288811 -0.735519 0)
(-0.319427 -0.734077 0)
(-0.35468 -0.730471 0)
(-0.395263 -0.722662 0)
(-0.441902 -0.708324 0)
(-0.495345 -0.685502 0)
(-0.557568 -0.654575 0)
(-0.00593248 -0.739944 0)
(-0.0175774 -0.75499 0)
(-0.0314651 -0.755675 0)
(-0.0461807 -0.754296 0)
(-0.0615312 -0.752207 0)
(-0.0771692 -0.74969 0)
(-0.092972 -0.746781 0)
(-0.108905 -0.743455 0)
(-0.124999 -0.73971 0)
(-0.141351 -0.735599 0)
(-0.158132 -0.731238 0)
(-0.175593 -0.726786 0)
(-0.194081 -0.72241 0)
(-0.214032 -0.718235 0)
(-0.235963 -0.714276 0)
(-0.260458 -0.710358 0)
(-0.288146 -0.706005 0)
(-0.319665 -0.700321 0)
(-0.355604 -0.691867 0)
(-0.396473 -0.678631 0)
(-0.442731 -0.658175 0)
(-0.494785 -0.628142 0)
(-0.553845 -0.588056 0)
(-0.00537052 -0.729302 0)
(-0.0161385 -0.742117 0)
(-0.0292161 -0.741623 0)
(-0.0430735 -0.739521 0)
(-0.0575814 -0.736998 0)
(-0.072427 -0.734214 0)
(-0.0875178 -0.731107 0)
(-0.102848 -0.727572 0)
(-0.118477 -0.723538 0)
(-0.13452 -0.718991 0)
(-0.151155 -0.713976 0)
(-0.168631 -0.708575 0)
(-0.187272 -0.702875 0)
(-0.207474 -0.696919 0)
(-0.229703 -0.690651 0)
(-0.25447 -0.683846 0)
(-0.282318 -0.676018 0)
(-0.313786 -0.666308 0)
(-0.349348 -0.653362 0)
(-0.389355 -0.635259 0)
(-0.434056 -0.60958 0)
(-0.48359 -0.573764 0)
(-0.538544 -0.526724 0)
(-0.0047983 -0.719604 0)
(-0.01477 -0.73007 0)
(-0.0270909 -0.728447 0)
(-0.0400393 -0.725645 0)
(-0.0536 -0.722678 0)
(-0.0675056 -0.719579 0)
(-0.081706 -0.716192 0)
(-0.0962301 -0.712339 0)
(-0.111161 -0.707886 0)
(-0.126628 -0.702764 0)
(-0.142811 -0.696958 0)
(-0.159943 -0.69049 0)
(-0.178318 -0.683381 0)
(-0.198289 -0.675611 0)
(-0.220257 -0.667068 0)
(-0.244659 -0.657494 0)
(-0.271948 -0.646402 0)
(-0.302562 -0.632982 0)
(-0.336864 -0.615982 0)
(-0.375073 -0.593617 0)
(-0.417268 -0.563571 0)
(-0.463403 -0.523241 0)
(-0.51361 -0.471132 0)
(-0.00427141 -0.7108 0)
(-0.013495 -0.718752 0)
(-0.0251326 -0.716141 0)
(-0.0371124 -0.712738 0)
(-0.0496207 -0.709368 0)
(-0.062445 -0.705944 0)
(-0.0755906 -0.702221 0)
(-0.0891241 -0.697964 0)
(-0.10315 -0.692991 0)
(-0.117805 -0.687189 0)
(-0.133262 -0.680499 0)
(-0.149732 -0.672896 0)
(-0.167475 -0.664351 0)
(-0.186792 -0.654797 0)
(-0.208023 -0.644081 0)
(-0.231528 -0.631924 0)
(-0.257671 -0.61785 0)
(-0.286791 -0.601104 0)
(-0.319148 -0.580544 0)
(-0.35485 -0.55454 0)
(-0.393847 -0.520934 0)
(-0.435965 -0.477182 0)
(-0.48103 -0.42154 0)
(-0.00386074 -0.702882 0)
(-0.0123398 -0.708074 0)
(-0.0233837 -0.704719 0)
(-0.034301 -0.700885 0)
(-0.0456381 -0.697197 0)
(-0.0572402 -0.693458 0)
(-0.0691786 -0.689363 0)
(-0.0815573 -0.684634 0)
(-0.0944968 -0.679062 0)
(-0.108134 -0.672505 0)
(-0.122627 -0.664875 0)
(-0.138162 -0.656111 0)
(-0.154956 -0.646149 0)
(-0.173264 -0.634885 0)
(-0.193363 -0.622144 0)
(-0.215541 -0.607633 0)
(-0.24008 -0.590897 0)
(-0.267228 -0.571241 0)
(-0.297153 -0.547634 0)
(-0.329867 -0.518607 0)
(-0.365224 -0.482185 0)
(-0.402963 -0.435946 0)
(-0.442726 -0.377996 0)
(-0.00354121 -0.695953 0)
(-0.0112452 -0.697955 0)
(-0.0218639 -0.694227 0)
(-0.0315791 -0.690198 0)
(-0.0416106 -0.686303 0)
(-0.0518517 -0.682271 0)
(-0.0624444 -0.67777 0)
(-0.0735261 -0.672512 0)
(-0.0852248 -0.666279 0)
(-0.0976683 -0.658919 0)
(-0.110994 -0.650323 0)
(-0.125357 -0.640407 0)
(-0.140937 -0.62908 0)
(-0.15794 -0.616215 0)
(-0.176588 -0.60162 0)
(-0.197105 -0.585004 0)
(-0.219699 -0.565937 0)
(-0.244543 -0.543786 0)
(-0.271723 -0.517632 0)
(-0.301174 -0.486165 0)
(-0.332675 -0.447595 0)
(-0.36591 -0.399654 0)
(-0.400415 -0.340366 0)
(-0.00329859 -0.689895 0)
(-0.0100182 -0.688159 0)
(-0.0205761 -0.684712 0)
(-0.0288958 -0.680824 0)
(-0.0374732 -0.676844 0)
(-0.046221 -0.672533 0)
(-0.0553484 -0.667587 0)
(-0.0650149 -0.661747 0)
(-0.0753436 -0.654808 0)
(-0.0864432 -0.646618 0)
(-0.0984248 -0.637059 0)
(-0.111413 -0.626028 0)
(-0.12555 -0.613414 0)
(-0.141001 -0.599074 0)
(-0.157938 -0.582807 0)
(-0.176534 -0.564333 0)
(-0.19694 -0.543251 0)
(-0.219266 -0.518993 0)
(-0.243535 -0.490749 0)
(-0.269624 -0.457362 0)
(-0.297254 -0.417228 0)
(-0.326061 -0.368234 0)
(-0.355529 -0.308366 0)
(-0.00400233 -0.683992 0)
(-0.00868655 -0.678178 0)
(-0.0196246 -0.676209 0)
(-0.0262165 -0.672907 0)
(-0.0331597 -0.668951 0)
(-0.0402916 -0.664349 0)
(-0.0478571 -0.658912 0)
(-0.056015 -0.652443 0)
(-0.0648664 -0.64477 0)
(-0.0744916 -0.63575 0)
(-0.0849718 -0.625257 0)
(-0.0964012 -0.613174 0)
(-0.108891 -0.599372 0)
(-0.12257 -0.583694 0)
(-0.137574 -0.565939 0)
(-0.154038 -0.545837 0)
(-0.172074 -0.523023 0)
(-0.19175 -0.496997 0)
(-0.213048 -0.467054 0)
(-0.235809 -0.432185 0)
(-0.259713 -0.390965 0)
(-0.284355 -0.341444 0)
(-0.309172 -0.281595 0)
(-0.00866102 -0.678014 0)
(-0.00801638 -0.667751 0)
(-0.0192937 -0.668861 0)
(-0.0235329 -0.666579 0)
(-0.0286117 -0.662663 0)
(-0.0340237 -0.657706 0)
(-0.0399606 -0.651718 0)
(-0.0465418 -0.644586 0)
(-0.053827 -0.636176 0)
(-0.0618598 -0.626353 0)
(-0.0706907 -0.614984 0)
(-0.0803865 -0.601936 0)
(-0.0910319 -0.587064 0)
(-0.102729 -0.570198 0)
(-0.115589 -0.551134 0)
(-0.129721 -0.529614 0)
(-0.145218 -0.50531 0)
(-0.162131 -0.477787 0)
(-0.180437 -0.446443 0)
(-0.199972 -0.41042 0)
(-0.220412 -0.368475 0)
(-0.241318 -0.318833 0)
(-0.262069 -0.25949 0)
(-0.0220976 -0.672996 0)
(-0.00854304 -0.658643 0)
(-0.0197702 -0.663586 0)
(-0.0208034 -0.662325 0)
(-0.0237657 -0.658219 0)
(-0.0273978 -0.652726 0)
(-0.0316819 -0.646088 0)
(-0.0366468 -0.638262 0)
(-0.0422942 -0.629131 0)
(-0.0486263 -0.618558 0)
(-0.0556648 -0.606394 0)
(-0.0634532 -0.592488 0)
(-0.0720555 -0.576676 0)
(-0.0815534 -0.558773 0)
(-0.0920404 -0.53857 0)
(-0.103613 -0.515817 0)
(-0.116361 -0.490212 0)
(-0.130346 -0.461377 0)
(-0.145574 -0.428806 0)
(-0.161937 -0.391788 0)
(-0.179167 -0.34928 0)
(-0.196864 -0.299726 0)
(-0.214368 -0.241212 0)
(-0.0494734 -0.664349 0)
(-0.00834288 -0.657348 0)
(-0.0206122 -0.66328 0)
(-0.0178684 -0.661712 0)
(-0.0185087 -0.656734 0)
(-0.0203792 -0.65036 0)
(-0.0230554 -0.642935 0)
(-0.0264092 -0.634397 0)
(-0.0303743 -0.624595 0)
(-0.0349149 -0.613359 0)
(-0.0400284 -0.600516 0)
(-0.0457398 -0.585888 0)
(-0.0520955 -0.569287 0)
(-0.0591601 -0.550514 0)
(-0.0670119 -0.529344 0)
(-0.0757385 -0.505526 0)
(-0.0854325 -0.478765 0)
(-0.0961821 -0.448716 0)
(-0.108052 -0.414941 0)
(-0.121044 -0.376851 0)
(-0.135053 -0.333598 0)
(-0.14986 -0.283894 0)
(-0.164964 -0.226001 0)
(-0.0954122 -0.631394 0)
(-0.00522182 -0.673223 0)
(-0.0198414 -0.670378 0)
(-0.0139193 -0.665155 0)
(-0.0124538 -0.658291 0)
(-0.012822 -0.650738 0)
(-0.0140832 -0.642501 0)
(-0.0159229 -0.633353 0)
(-0.0182226 -0.623044 0)
(-0.020925 -0.611342 0)
(-0.0240134 -0.598037 0)
(-0.0274987 -0.582923 0)
(-0.0314108 -0.56579 0)
(-0.0357948 -0.546418 0)
(-0.0407089 -0.524565 0)
(-0.0462245 -0.499962 0)
(-0.0524267 -0.472304 0)
(-0.0594166 -0.441237 0)
(-0.0673105 -0.406337 0)
(-0.0762289 -0.367058 0)
(-0.086284 -0.32266 0)
(-0.0975476 -0.272083 0)
(-0.109979 -0.21394 0)
(-0.130819 -0.560028 0)
(-0.00214022 -0.700529 0)
(-0.0116753 -0.676084 0)
(-0.00642097 -0.664837 0)
(-0.00478418 -0.655566 0)
(-0.00453596 -0.646858 0)
(-0.00481561 -0.637962 0)
(-0.00536421 -0.62837 0)
(-0.00609853 -0.617706 0)
(-0.00698329 -0.605681 0)
(-0.00800712 -0.592054 0)
(-0.00917226 -0.576604 0)
(-0.0104896 -0.559111 0)
(-0.0119768 -0.539346 0)
(-0.0136582 -0.517059 0)
(-0.0155661 -0.491968 0)
(-0.0177436 -0.463754 0)
(-0.0202515 -0.432039 0)
(-0.0231778 -0.39636 0)
(-0.0266537 -0.356107 0)
(-0.0308862 -0.310436 0)
(-0.0362345 -0.258131 0)
(-0.0433285 -0.197602 0)
(1.02389 0.841709 0)
(0.735765 0.594836 0)
(0.368036 0.334031 0)
(0.171094 0.14819 0)
(1.29703 0.773933 0)
(1.29771 0.746927 0)
(1.21157 0.668727 0)
(1.10622 0.569634 0)
(1.24206 0.582535 0)
(1.31534 0.621557 0)
(1.365 0.641902 0)
(1.38255 0.633886 0)
(1.1606 0.462816 0)
(1.21807 0.498278 0)
(1.27453 0.530483 0)
(1.32508 0.554331 0)
(1.08626 0.357659 0)
(1.13057 0.387218 0)
(1.17572 0.418001 0)
(1.22115 0.446916 0)
(1.0489 0.286075 0)
(1.08411 0.313236 0)
(1.11875 0.340865 0)
(1.15458 0.366489 0)
(1.02085 0.235387 0)
(1.05708 0.259467 0)
(1.09196 0.284424 0)
(1.1297 0.308296 0)
(1.01412 0.149966 0)
(1.02903 0.201042 0)
(1.05243 0.237757 0)
(1.09574 0.265641 0)
(1.26049 0.0782618 0)
(1.27828 0.0707643 0)
(1.2934 0.052904 0)
(1.30773 0.0470231 0)
(1.43764 0.0922104 0)
(1.4692 0.126079 0)
(1.49025 0.154021 0)
(1.50442 0.179283 0)
(1.4732 -0.0193039 0)
(1.52415 0.0243286 0)
(1.57097 0.0698514 0)
(1.61179 0.119218 0)
(1.42204 -0.146124 0)
(1.48469 -0.097744 0)
(1.54648 -0.0434267 0)
(1.60433 0.0178018 0)
(1.31681 -0.290483 0)
(1.38666 -0.241799 0)
(1.45723 -0.181946 0)
(1.52548 -0.109809 0)
(1.18341 -0.445774 0)
(1.25706 -0.399682 0)
(1.33259 -0.337046 0)
(1.40737 -0.255925 0)
(1.03286 -0.604181 0)
(1.10589 -0.563176 0)
(1.18183 -0.501024 0)
(1.25892 -0.414861 0)
(0.867927 -0.754547 0)
(0.93555 -0.720384 0)
(1.00723 -0.6618 0)
(1.08243 -0.575041 0)
(0.691522 -0.887602 0)
(0.750296 -0.862704 0)
(0.814692 -0.811917 0)
(0.885215 -0.730382 0)
(0.508493 -0.997284 0)
(0.555811 -0.984489 0)
(0.610151 -0.946479 0)
(0.67255 -0.876835 0)
(0.325034 -1.07924 0)
(0.358802 -1.08006 0)
(0.400138 -1.05828 0)
(0.450603 -1.00556 0)
(0.147385 -1.13068 0)
(0.166163 -1.14498 0)
(0.192407 -1.14104 0)
(0.228635 -1.10832 0)
(-0.0186608 -1.15022 0)
(-0.015404 -1.17613 0)
(-0.00551785 -1.19021 0)
(0.0138241 -1.18057 0)
(-0.166565 -1.13916 0)
(-0.177441 -1.17324 0)
(-0.183647 -1.20288 0)
(-0.182631 -1.21703 0)
(-0.29301 -1.10201 0)
(-0.31574 -1.13992 0)
(-0.336179 -1.18046 0)
(-0.352359 -1.21384 0)
(-0.397512 -1.04397 0)
(-0.429567 -1.08113 0)
(-0.461752 -1.12664 0)
(-0.49225 -1.17236 0)
(-0.48048 -0.970592 0)
(-0.51916 -1.00284 0)
(-0.560054 -1.04732 0)
(-0.60169 -1.09724 0)
(-0.542346 -0.88754 0)
(-0.584768 -0.911765 0)
(-0.630858 -0.950168 0)
(-0.679823 -0.996683 0)
(-0.583939 -0.800277 0)
(-0.627309 -0.814788 0)
(-0.675059 -0.84386 0)
(-0.727147 -0.881818 0)
(-0.606645 -0.713733 0)
(-0.648614 -0.718364 0)
(-0.694958 -0.736873 0)
(-0.746231 -0.763999 0)
(-0.612585 -0.631569 0)
(-0.651579 -0.627342 0)
(-0.694471 -0.635766 0)
(-0.742086 -0.652135 0)
(-0.604151 -0.555948 0)
(-0.63939 -0.544458 0)
(-0.677826 -0.544246 0)
(-0.72037 -0.551259 0)
(-0.583729 -0.48781 0)
(-0.615003 -0.470713 0)
(-0.648759 -0.463594 0)
(-0.685896 -0.46307 0)
(-0.553606 -0.427352 0)
(-0.580994 -0.406067 0)
(-0.61026 -0.39359 0)
(-0.642232 -0.387184 0)
(-0.515927 -0.374428 0)
(-0.539614 -0.350068 0)
(-0.564703 -0.333465 0)
(-0.591946 -0.322459 0)
(-0.47272 -0.328736 0)
(-0.492931 -0.302166 0)
(-0.514169 -0.282403 0)
(-0.53712 -0.267775 0)
(-0.425795 -0.289874 0)
(-0.442783 -0.261772 0)
(-0.460497 -0.239622 0)
(-0.479559 -0.222149 0)
(-0.376658 -0.257327 0)
(-0.390698 -0.228237 0)
(-0.405225 -0.204333 0)
(-0.420784 -0.184661 0)
(-0.326483 -0.230533 0)
(-0.337876 -0.200889 0)
(-0.34956 -0.175756 0)
(-0.361994 -0.154429 0)
(-0.276095 -0.208859 0)
(-0.285203 -0.179028 0)
(-0.294417 -0.153119 0)
(-0.304115 -0.130615 0)
(-0.225871 -0.191417 0)
(-0.233199 -0.161755 0)
(-0.240453 -0.135529 0)
(-0.247918 -0.112367 0)
(-0.175094 -0.177012 0)
(-0.181478 -0.147731 0)
(-0.187737 -0.121656 0)
(-0.193943 -0.0985404 0)
(-0.119654 -0.165316 0)
(-0.126337 -0.136292 0)
(-0.133381 -0.110437 0)
(-0.140205 -0.0874047 0)
(-0.0502574 -0.146483 0)
(-0.0556037 -0.115293 0)
(-0.061729 -0.0871116 0)
(-0.0689576 -0.0624885 0)
(0.216319 0.227518 0)
(0.375349 0.322683 0)
(0.00577997 0.0309776 0)
(-0.0532745 -0.0406827 0)
(-0.101013 -0.0898818 0)
(-0.108594 -0.131969 0)
(-0.0867015 -0.154363 0)
(-0.0492589 -0.157858 0)
(-0.00868938 -0.145897 0)
(0.0267895 -0.123424 0)
(0.053577 -0.0951251 0)
(0.0709154 -0.0647186 0)
(0.0793791 -0.0349957 0)
(0.0800765 -0.00794725 0)
(0.074257 0.0150493 0)
(0.063152 0.0331095 0)
(0.0479553 0.0457671 0)
(0.0302945 0.0531209 0)
(0.0110162 0.05615 0)
(0.951837 0.449516 0)
(0.813198 0.336788 0)
(0.745091 0.304606 0)
(0.421875 0.186855 0)
(0.214265 -0.0272825 0)
(0.0777514 -0.126423 0)
(0.018418 -0.17444 0)
(0.0144416 -0.189918 0)
(0.0393124 -0.179051 0)
(0.0698519 -0.150998 0)
(0.0938738 -0.114131 0)
(0.10775 -0.0749349 0)
(0.111798 -0.037383 0)
(0.107516 -0.0037629 0)
(0.0965334 0.0245688 0)
(0.0803087 0.0468139 0)
(0.0601458 0.0626147 0)
(0.0378098 0.0721547 0)
(0.0140017 0.0762899 0)
(1.3406 0.577677 0)
(1.23413 0.50549 0)
(1.11364 0.427926 0)
(1.00621 0.359192 0)
(0.779517 0.294738 0)
(0.463866 0.066881 0)
(0.259934 -0.10788 0)
(0.149766 -0.183233 0)
(0.120103 -0.197268 0)
(0.129715 -0.172575 0)
(0.145801 -0.129115 0)
(0.153989 -0.0807396 0)
(0.152026 -0.0347415 0)
(0.141346 0.00576212 0)
(0.12386 0.0394601 0)
(0.101246 0.0657764 0)
(0.0749348 0.0845684 0)
(0.0468222 0.0962031 0)
(0.0174826 0.101615 0)
(1.38257 0.565591 0)
(1.39365 0.556105 0)
(1.34065 0.532977 0)
(1.25955 0.490224 0)
(1.16407 0.427402 0)
(0.971111 0.342442 0)
(0.655885 0.154608 0)
(0.409895 -0.0620978 0)
(0.268542 -0.165885 0)
(0.220754 -0.175312 0)
(0.214477 -0.13528 0)
(0.211834 -0.079791 0)
(0.201062 -0.0254364 0)
(0.181933 0.0219721 0)
(0.15631 0.0608913 0)
(0.125918 0.0910377 0)
(0.0922189 0.112572 0)
(0.0571921 0.126121 0)
(0.0213551 0.132709 0)
(1.2946 0.483858 0)
(1.37408 0.523115 0)
(1.40414 0.548506 0)
(1.38157 0.557633 0)
(1.3244 0.538844 0)
(1.24008 0.489108 0)
(1.04935 0.384777 0)
(0.757255 0.199574 0)
(0.506669 -0.0261207 0)
(0.362939 -0.129278 0)
(0.307702 -0.121123 0)
(0.283399 -0.0672324 0)
(0.259275 -0.00677747 0)
(0.229002 0.0467438 0)
(0.193385 0.0902975 0)
(0.153855 0.123747 0)
(0.111676 0.147596 0)
(0.0687726 0.162742 0)
(0.0256259 0.170241 0)
(1.21729 0.400264 0)
(1.30739 0.449765 0)
(1.37699 0.508038 0)
(1.40734 0.560059 0)
(1.39266 0.591176 0)
(1.34483 0.584081 0)
(1.26456 0.540973 0)
(1.05336 0.428984 0)
(0.792162 0.213449 0)
(0.563379 0.0016455 0)
(0.434244 -0.0659978 0)
(0.371161 -0.0346294 0)
(0.32648 0.0252313 0)
(0.281647 0.0824103 0)
(0.234036 0.129189 0)
(0.18415 0.164968 0)
(0.132683 0.190472 0)
(0.0812383 0.206778 0)
(0.0302027 0.214877 0)
(1.19159 0.342914 0)
(1.27296 0.398792 0)
(1.34473 0.459829 0)
(1.39663 0.530932 0)
(1.4102 0.598915 0)
(1.38675 0.636011 0)
(1.33931 0.630883 0)
(1.24366 0.584416 0)
(1.01724 0.437677 0)
(0.782454 0.206547 0)
(0.591599 0.0496671 0)
(0.47625 0.0301757 0)
(0.401558 0.0760217 0)
(0.338083 0.1316 0)
(0.276611 0.178993 0)
(0.21547 0.215519 0)
(0.154308 0.24172 0)
(0.0940722 0.258636 0)
(0.0349055 0.266963 0)
(1.16644 0.297962 0)
(1.2558 0.346523 0)
(1.33959 0.419845 0)
(1.39721 0.506036 0)
(1.41697 0.593449 0)
(1.40083 0.663631 0)
(1.36424 0.689626 0)
(1.31121 0.681299 0)
(1.16832 0.604318 0)
(0.953392 0.414378 0)
(0.75223 0.215565 0)
(0.591983 0.135516 0)
(0.481282 0.151198 0)
(0.395593 0.196851 0)
(0.318938 0.240817 0)
(0.246158 0.275834 0)
(0.175397 0.301458 0)
(0.106616 0.318334 0)
(0.0395127 0.326499 0)
(1.26274 0.143752 0)
(1.24064 0.258143 0)
(1.33627 0.3686 0)
(1.40418 0.484793 0)
(1.42552 0.597203 0)
(1.40496 0.685941 0)
(1.36662 0.734864 0)
(1.32386 0.74605 0)
(1.24295 0.722801 0)
(1.0577 0.586714 0)
(0.879037 0.397479 0)
(0.700931 0.27491 0)
(0.55833 0.252485 0)
(0.45008 0.279422 0)
(0.358311 0.314995 0)
(0.274354 0.345769 0)
(0.194688 0.369322 0)
(0.118135 0.385448 0)
(0.0437788 0.393108 0)
(1.51627 0.212142 0)
(1.52635 0.179967 0)
(1.53231 0.188616 0)
(1.42684 0.442723 0)
(1.42375 0.613421 0)
(1.39899 0.717711 0)
(1.35431 0.779107 0)
(1.31265 0.798747 0)
(1.2568 0.806217 0)
(1.10184 0.718518 0)
(0.954909 0.565092 0)
(0.784039 0.430073 0)
(0.623096 0.374547 0)
(0.496596 0.377797 0)
(0.391802 0.400561 0)
(0.298194 0.424414 0)
(0.210967 0.444408 0)
(0.127912 0.459107 0)
(0.0474541 0.465985 0)
(1.66709 0.203881 0)
(1.70259 0.278119 0)
(1.70065 0.297457 0)
(1.46594 0.529598 0)
(1.41163 0.652351 0)
(1.3768 0.760196 0)
(1.32912 0.824822 0)
(1.28559 0.849998 0)
(1.24105 0.870364 0)
(1.11904 0.826358 0)
(0.990099 0.711355 0)
(0.836437 0.586397 0)
(0.669507 0.508833 0)
(0.53123 0.488048 0)
(0.416952 0.495225 0)
(0.316127 0.510077 0)
(0.223244 0.5253 0)
(0.135353 0.538033 0)
(0.0503046 0.543992 0)
(1.6872 0.128608 0)
(1.74467 0.294368 0)
(1.75056 0.442892 0)
(1.49698 0.633388 0)
(1.39314 0.722901 0)
(1.34088 0.814634 0)
(1.29098 0.872616 0)
(1.24584 0.899725 0)
(1.20791 0.923114 0)
(1.11463 0.913625 0)
(0.998624 0.837832 0)
(0.860659 0.736672 0)
(0.694807 0.648082 0)
(0.551409 0.60539 0)
(0.432075 0.595824 0)
(0.327097 0.600467 0)
(0.230868 0.610174 0)
(0.140067 0.620634 0)
(0.0521939 0.625676 0)
(1.62646 0.0293681 0)
(1.70877 0.277356 0)
(1.72852 0.548482 0)
(1.53797 0.75219 0)
(1.36693 0.806388 0)
(1.29438 0.882064 0)
(1.24277 0.923477 0)
(1.19886 0.943222 0)
(1.16555 0.965134 0)
(1.09076 0.98206 0)
(0.987968 0.949243 0)
(0.858642 0.879658 0)
(0.697395 0.786936 0)
(0.555765 0.724834 0)
(0.436332 0.698669 0)
(0.330648 0.692908 0)
(0.233596 0.696963 0)
(0.1419 0.705138 0)
(0.0530562 0.709369 0)
(1.52178 -0.0890259 0)
(1.62951 0.240478 0)
(1.67339 0.625031 0)
(1.5383 0.889713 0)
(1.30875 0.907836 0)
(1.23924 0.959688 0)
(1.18833 0.97529 0)
(1.14821 0.983029 0)
(1.11968 1.00214 0)
(1.05644 1.03811 0)
(0.959978 1.05393 0)
(0.829754 1.0167 0)
(0.677316 0.920873 0)
(0.544401 0.841119 0)
(0.429934 0.799798 0)
(0.327036 0.784593 0)
(0.231648 0.783547 0)
(0.140978 0.789757 0)
(0.0529116 0.793395 0)
(1.38089 -0.227684 0)
(1.51538 0.17631 0)
(1.59273 0.679661 0)
(1.48287 1.01557 0)
(1.2449 1.02568 0)
(1.18279 1.03846 0)
(1.13507 1.02482 0)
(1.10061 1.01917 0)
(1.07926 1.03474 0)
(1.02116 1.08853 0)
(0.907519 1.16029 0)
(0.772923 1.14809 0)
(0.636932 1.04443 0)
(0.519381 0.948757 0)
(0.414397 0.895372 0)
(0.317331 0.872906 0)
(0.225729 0.867983 0)
(0.137708 0.872868 0)
(0.0518859 0.87623 0)
(1.20359 -0.377606 0)
(1.36395 0.084198 0)
(1.47534 0.707476 0)
(1.38572 1.12066 0)
(1.19344 1.13811 0)
(1.1353 1.11006 0)
(1.09173 1.06936 0)
(1.06023 1.04902 0)
(1.04597 1.06982 0)
(0.974398 1.15883 0)
(0.828157 1.27888 0)
(0.695718 1.27054 0)
(0.583617 1.15165 0)
(0.485469 1.04321 0)
(0.392729 0.98247 0)
(0.303404 0.955868 0)
(0.216982 0.948786 0)
(0.132726 0.953196 0)
(0.050189 0.956648 0)
(1.00191 -0.535353 0)
(1.1856 -0.0412953 0)
(1.31935 0.701719 0)
(1.25041 1.18923 0)
(1.15241 1.22655 0)
(1.10512 1.17141 0)
(1.06326 1.10259 0)
(1.01833 1.0639 0)
(0.987885 1.12831 0)
(0.900279 1.26941 0)
(0.741964 1.40798 0)
(0.615781 1.3787 0)
(0.528549 1.23927 0)
(0.449306 1.12281 0)
(0.368858 1.05994 0)
(0.287565 1.03256 0)
(0.206762 1.02513 0)
(0.12676 1.02995 0)
(0.0480645 1.03384 0)
(0.782042 -0.696493 0)
(0.959347 -0.184958 0)
(1.15567 0.702459 0)
(1.13747 1.20301 0)
(1.11761 1.26351 0)
(1.08293 1.22524 0)
(1.0414 1.14632 0)
(0.939596 1.06801 0)
(0.815959 1.17776 0)
(0.760268 1.38282 0)
(0.639096 1.52479 0)
(0.543339 1.4633 0)
(0.480247 1.30691 0)
(0.416742 1.1888 0)
(0.34638 1.12856 0)
(0.271939 1.10321 0)
(0.196278 1.09694 0)
(0.12044 1.10285 0)
(0.0457227 1.10741 0)
(0.549234 -0.848748 0)
(0.698903 -0.341887 0)
(1.00429 0.550553 0)
(1.07391 1.19488 0)
(1.07095 1.27123 0)
(1.04737 1.2782 0)
(1.00591 1.24576 0)
(0.865955 1.18635 0)
(0.641643 1.23521 0)
(0.607117 1.467 0)
(0.555345 1.6023 0)
(0.497753 1.51831 0)
(0.448957 1.35793 0)
(0.393087 1.24513 0)
(0.328098 1.19084 0)
(0.257972 1.16914 0)
(0.186261 1.16474 0)
(0.114098 1.17199 0)
(0.043268 1.17723 0)
(0.308279 -0.981419 0)
(0.444504 -0.514439 0)
(0.778242 0.272213 0)
(0.998959 1.16234 0)
(1.00727 1.26997 0)
(0.998956 1.31413 0)
(0.956975 1.36227 0)
(0.881931 1.36461 0)
(0.69941 1.34142 0)
(0.57314 1.52345 0)
(0.556137 1.64866 0)
(0.503589 1.56098 0)
(0.443783 1.40544 0)
(0.381673 1.29975 0)
(0.314981 1.25106 0)
(0.245815 1.23243 0)
(0.176614 1.22944 0)
(0.107602 1.23768 0)
(0.0406403 1.24326 0)
(0.0650916 -1.09157 0)
(0.183901 -0.692973 0)
(0.379542 -0.0142288 0)
(0.89794 1.08012 0)
(0.935036 1.24671 0)
(0.946845 1.33137 0)
(0.926273 1.40312 0)
(0.892011 1.43674 0)
(0.804853 1.44846 0)
(0.638509 1.601 0)
(0.621328 1.70991 0)
(0.546723 1.62137 0)
(0.457637 1.46715 0)
(0.378214 1.36217 0)
(0.304134 1.31386 0)
(0.233585 1.29512 0)
(0.166142 1.29176 0)
(0.100259 1.3 0)
(0.0375955 1.3052 0)
(-0.165055 -1.16771 0)
(-0.0680962 -0.840133 0)
(0.0910066 -0.247572 0)
(0.528732 0.609628 0)
(0.846385 1.16073 0)
(0.881545 1.33122 0)
(0.88998 1.4185 0)
(0.878075 1.49567 0)
(0.850011 1.53556 0)
(0.759394 1.62363 0)
(0.68709 1.78532 0)
(0.583008 1.7162 0)
(0.467451 1.55317 0)
(0.370475 1.43732 0)
(0.28884 1.3814 0)
(0.217538 1.3578 0)
(0.152719 1.35156 0)
(0.0909414 1.35839 0)
(0.0337663 1.36222 0)
(-0.366447 -1.20541 0)
(-0.310407 -0.961847 0)
(-0.138233 -0.45701 0)
(0.118034 0.20455 0)
(0.722962 1.01258 0)
(0.787502 1.28088 0)
(0.828687 1.4139 0)
(0.838562 1.50413 0)
(0.840382 1.57827 0)
(0.803161 1.66459 0)
(0.675393 1.8712 0)
(0.551237 1.83152 0)
(0.441769 1.65419 0)
(0.342679 1.52026 0)
(0.261082 1.45083 0)
(0.193424 1.41855 0)
(0.13402 1.4073 0)
(0.0784762 1.41143 0)
(0.0287999 1.41277 0)
(-0.535948 -1.19995 0)
(-0.537825 -1.05232 0)
(-0.387935 -0.658924 0)
(-0.161063 -0.0778886 0)
(0.248915 0.592165 0)
(0.64045 1.17031 0)
(0.725393 1.3741 0)
(0.757964 1.49675 0)
(0.767381 1.60799 0)
(0.759767 1.74127 0)
(0.591561 1.97808 0)
(0.441855 1.94207 0)
(0.36794 1.74828 0)
(0.28632 1.59787 0)
(0.216032 1.5149 0)
(0.15854 1.47315 0)
(0.108536 1.45622 0)
(0.0621277 1.45688 0)
(0.022489 1.45474 0)
(-0.670428 -1.14792 0)
(-0.736873 -1.08395 0)
(-0.680459 -0.826851 0)
(-0.453127 -0.34757 0)
(-0.156634 0.257012 0)
(0.357334 0.845099 0)
(0.559865 1.28154 0)
(0.629319 1.4616 0)
(0.610805 1.61844 0)
(0.613807 1.83831 0)
(0.468469 2.11777 0)
(0.29068 2.03811 0)
(0.258485 1.82053 0)
(0.204247 1.65827 0)
(0.154254 1.5658 0)
(0.11288 1.51667 0)
(0.0762596 1.495 0)
(0.0419558 1.49232 0)
(0.0148735 1.48551 0)
(-0.766262 -1.05383 0)
(-0.88507 -1.04002 0)
(-0.937838 -0.896018 0)
(-0.841436 -0.571719 0)
(-0.600072 -0.0611711 0)
(-0.258182 0.519568 0)
(0.107829 1.10493 0)
(0.375373 1.41274 0)
(0.353869 1.5954 0)
(0.314222 1.91032 0)
(0.20981 2.24311 0)
(0.105711 2.10857 0)
(0.122193 1.86109 0)
(0.1016 1.69368 0)
(0.0791563 1.5975 0)
(0.0585287 1.54487 0)
(0.0387499 1.52048 0)
(0.0186562 1.51519 0)
(0.00583193 1.50355 0)
(-0.822282 -0.931778 0)
(-0.971151 -0.932464 0)
(-1.10416 -0.851318 0)
(-1.16216 -0.647084 0)
(-1.08307 -0.280786 0)
(-0.877108 0.24097 0)
(-0.600172 0.796772 0)
(-0.294318 1.28096 0)
(-0.184583 1.63049 0)
(-0.107458 1.95596 0)
(-0.208876 2.25189 0)
(-0.122203 2.09316 0)
(-0.0388814 1.85247 0)
(-0.0146175 1.69629 0)
(-0.00404535 1.60523 0)
(-0.000809592 1.55447 0)
(-0.00126262 1.53037 0)
(-0.00629721 1.52576 0)
(-0.00452725 1.50551 0)
(-0.841337 -0.79939 0)
(-0.997025 -0.79062 0)
(-1.16434 -0.726321 0)
(-1.31566 -0.5843 0)
(-1.4019 -0.326394 0)
(-1.3756 0.0760396 0)
(-1.23652 0.578887 0)
(-1.03976 1.09168 0)
(-0.854645 1.55976 0)
(-0.705229 1.93621 0)
(-0.586298 2.12355 0)
(-0.343572 1.97339 0)
(-0.202069 1.78614 0)
(-0.13014 1.66156 0)
(-0.086881 1.58642 0)
(-0.0596638 1.54372 0)
(-0.0405446 1.52368 0)
(-0.0303486 1.52455 0)
(-0.0146325 1.48985 0)
(-0.830755 -0.671468 0)
(-0.976353 -0.644483 0)
(-1.14045 -0.572299 0)
(-1.31213 -0.445882 0)
(-1.46541 -0.241632 0)
(-1.55787 0.0632393 0)
(-1.55078 0.465091 0)
(-1.44678 0.921428 0)
(-1.26934 1.36609 0)
(-1.04776 1.71803 0)
(-0.777026 1.86525 0)
(-0.499784 1.78541 0)
(-0.330987 1.6748 0)
(-0.227275 1.59484 0)
(-0.159388 1.5437 0)
(-0.111957 1.51395 0)
(-0.0756031 1.50138 0)
(-0.0508715 1.51037 0)
(-0.0226835 1.45999 0)
(-0.799435 -0.556388 0)
(-0.92682 -0.512598 0)
(-1.06926 -0.428053 0)
(-1.22052 -0.30044 0)
(-1.3655 -0.116694 0)
(-1.47694 0.136112 0)
(-1.51983 0.457877 0)
(-1.46967 0.822858 0)
(-1.32155 1.18163 0)
(-1.0917 1.46299 0)
(-0.818555 1.59385 0)
(-0.575185 1.58631 0)
(-0.409657 1.54586 0)
(-0.295555 1.50963 0)
(-0.214318 1.48409 0)
(-0.152977 1.46918 0)
(-0.103639 1.46609 0)
(-0.0663552 1.48368 0)
(-0.0278613 1.41978 0)
(-0.754694 -0.45687 0)
(-0.862386 -0.401166 0)
(-0.979218 -0.308465 0)
(-1.09959 -0.18023 0)
(-1.21316 -0.0104187 0)
(-1.30167 0.206191 0)
(-1.34084 0.467402 0)
(-1.30791 0.755266 0)
(-1.19197 1.03308 0)
(-1.0049 1.25239 0)
(-0.786941 1.37564 0)
(-0.593361 1.41512 0)
(-0.446444 1.42215 0)
(-0.335501 1.41939 0)
(-0.249832 1.41562 0)
(-0.180944 1.41468 0)
(-0.123379 1.42129 0)
(-0.0765232 1.44647 0)
(-0.0303769 1.37294 0)
(-0.701312 -0.372378 0)
(-0.791088 -0.309479 0)
(-0.88507 -0.213767 0)
(-0.977726 -0.0887347 0)
(-1.06086 0.0671989 0)
(-1.12209 0.255 0)
(-1.14571 0.470063 0)
(-1.1167 0.6989 0)
(-1.02811 0.917315 0)
(-0.889271 1.09519 0)
(-0.728534 1.21294 0)
(-0.5789 1.27731 0)
(-0.454277 1.31218 0)
(-0.352195 1.3319 0)
(-0.26779 1.34454 0)
(-0.19652 1.3553 0)
(-0.134974 1.37056 0)
(-0.0818471 1.4016 0)
(-0.0308623 1.32284 0)
(-0.642218 -0.301206 0)
(-0.716663 -0.234528 0)
(-0.79216 -0.139457 0)
(-0.863341 -0.0203061 0)
(-0.923665 0.122028 0)
(-0.964635 0.286022 0)
(-0.97631 0.466576 0)
(-0.949971 0.653359 0)
(-0.882518 0.830513 0)
(-0.780997 0.980351 0)
(-0.662802 1.09166 0)
(-0.546767 1.16673 0)
(-0.442438 1.21673 0)
(-0.351066 1.25061 0)
(-0.271416 1.27493 0)
(-0.201559 1.29486 0)
(-0.139409 1.31704 0)
(-0.0831183 1.35205 0)
(-0.0299498 1.27216 0)
(-0.579455 -0.24162 0)
(-0.640896 -0.173241 0)
(-0.7018 -0.0807802 0)
(-0.757161 0.0312395 0)
(-0.801818 0.160734 0)
(-0.8298 0.30521 0)
(-0.834837 0.459887 0)
(-0.812076 0.616923 0)
(-0.760493 0.765759 0)
(-0.685018 0.89552 0)
(-0.596 0.999319 0)
(-0.504477 1.07731 0)
(-0.417254 1.1347 0)
(-0.336936 1.17707 0)
(-0.264109 1.20938 0)
(-0.19823 1.2361 0)
(-0.13798 1.26333 0)
(-0.0812011 1.30056 0)
(-0.0281392 1.22286 0)
(-0.514727 -0.192195 0)
(-0.564983 -0.123205 0)
(-0.61415 -0.0340128 0)
(-0.65778 0.07088 0)
(-0.691783 0.188946 0)
(-0.711823 0.317509 0)
(-0.713835 0.452443 0)
(-0.695065 0.587828 0)
(-0.655339 0.716413 0)
(-0.597983 0.831129 0)
(-0.529276 0.927355 0)
(-0.456045 1.00442 0)
(-0.383298 1.06479 0)
(-0.313843 1.11195 0)
(-0.248917 1.14949 0)
(-0.188591 1.18089 0)
(-0.132012 1.21142 0)
(-0.0768994 1.24942 0)
(-0.0257824 1.17633 0)
(-0.449506 -0.151758 0)
(-0.490042 -0.0826418 0)
(-0.529483 0.0033813 0)
(-0.564088 0.101897 0)
(-0.590549 0.210294 0)
(-0.605629 0.326034 0)
(-0.606553 0.445701 0)
(-0.591636 0.564825 0)
(-0.56096 0.678278 0)
(-0.516756 0.781222 0)
(-0.463004 0.870385 0)
(-0.404181 0.944865 0)
(-0.344004 1.00582 0)
(-0.28495 1.05541 0)
(-0.228317 1.09608 0)
(-0.174416 1.13041 0)
(-0.122704 1.16277 0)
(-0.0708978 1.20041 0)
(-0.0231124 1.13353 0)
(-0.384952 -0.119272 0)
(-0.417025 -0.0501663 0)
(-0.448311 0.0331666 0)
(-0.475731 0.12638 0)
(-0.496563 0.226909 0)
(-0.50834 0.33246 0)
(-0.509065 0.440264 0)
(-0.49761 0.546936 0)
(-0.474082 0.648762 0)
(-0.439986 0.742312 0)
(-0.397947 0.825193 0)
(-0.351013 0.896514 0)
(-0.301903 0.956764 0)
(-0.252591 1.00723 0)
(-0.204209 1.04949 0)
(-0.157145 1.08538 0)
(-0.111072 1.11841 0)
(-0.0637546 1.15485 0)
(-0.0202831 1.09506 0)
(-0.321961 -0.0938069 0)
(-0.346675 -0.0246437 0)
(-0.371146 0.0566804 0)
(-0.392791 0.14574 0)
(-0.409294 0.240061 0)
(-0.41873 0.337642 0)
(-0.419622 0.436262 0)
(-0.411167 0.533348 0)
(-0.39344 0.626162 0)
(-0.367457 0.712207 0)
(-0.33498 0.789688 0)
(-0.298096 0.857799 0)
(-0.258747 0.916657 0)
(-0.218415 0.966974 0)
(-0.178011 1.00973 0)
(-0.137915 1.04617 0)
(-0.0979437 1.07902 0)
(-0.0559187 1.11365 0)
(-0.0174028 1.06127 0)
(-0.261386 -0.0746328 0)
(-0.279732 -0.00526581 0)
(-0.29857 0.0749891 0)
(-0.315648 0.16103 0)
(-0.328795 0.250583 0)
(-0.33648 0.342026 0)
(-0.33763 0.433614 0)
(-0.331681 0.523375 0)
(-0.318688 0.609248 0)
(-0.299328 0.689363 0)
(-0.274779 0.762335 0)
(-0.246452 0.827446 0)
(-0.215694 0.884606 0)
(-0.18357 0.934159 0)
(-0.150768 0.976669 0)
(-0.117609 1.01295 0)
(-0.0839888 1.04506 0)
(-0.0477817 1.07748 0)
(-0.0145794 1.03238 0)
(-0.204256 -0.0609847 0)
(-0.217389 0.00884999 0)
(-0.231688 0.0892308 0)
(-0.245426 0.173173 0)
(-0.255978 0.259044 0)
(-0.262197 0.345785 0)
(-0.26344 0.43206 0)
(-0.259389 0.516319 0)
(-0.250111 0.596951 0)
(-0.236065 0.672495 0)
(-0.218024 0.741838 0)
(-0.196919 0.804331 0)
(-0.173651 0.859769 0)
(-0.148953 0.908261 0)
(-0.123305 0.950092 0)
(-0.0969299 0.985746 0)
(-0.0697331 1.01667 0)
(-0.039635 1.04647 0)
(-0.0118806 1.0079 0)
(-0.150286 -0.0498244 0)
(-0.161812 0.0219305 0)
(-0.173554 0.102325 0)
(-0.185495 0.183635 0)
(-0.194014 0.265964 0)
(-0.198675 0.348755 0)
(-0.199474 0.43088 0)
(-0.196403 0.510991 0)
(-0.189599 0.587722 0)
(-0.179401 0.659848 0)
(-0.166318 0.726422 0)
(-0.150952 0.786844 0)
(-0.133894 0.84084 0)
(-0.115632 0.88838 0)
(-0.096495 0.929563 0)
(-0.0766174 0.964631 0)
(-0.0558931 0.994562 0)
(-0.0322404 1.02228 0)
(-0.00968731 0.98974 0)
(-0.0825072 -0.027251 0)
(-0.118749 0.0390005 0)
(-0.133663 0.11757 0)
(-0.145281 0.193589 0)
(-0.151792 0.271508 0)
(-0.154381 0.350406 0)
(-0.153737 0.428896 0)
(-0.150178 0.50557 0)
(-0.143959 0.579121 0)
(-0.135388 0.648432 0)
(-0.124843 0.712642 0)
(-0.112742 0.771176 0)
(-0.0994962 0.823718 0)
(-0.0854639 0.87013 0)
(-0.0709183 0.91036 0)
(-0.0560233 0.944396 0)
(-0.0408251 0.9726 0)
(-0.0240276 0.996741 0)
(-0.00767626 0.967297 0)
)
;

boundaryField
{
    leftWall
    {
        type            noSlip;
    }
    rightWall
    {
        type            noSlip;
    }
    lowerWall
    {
        type            noSlip;
    }
    atmosphere
    {
        type            pressureInletOutletVelocity;
        value           nonuniform List<vector> 
46
(
(0 -0.560028 0)
(0 -0.700529 0)
(0 -0.676084 0)
(0 -0.664837 0)
(0 -0.655566 0)
(0 -0.646858 0)
(0 -0.637962 0)
(0 -0.62837 0)
(0 -0.617706 0)
(0 -0.605681 0)
(0 -0.592054 0)
(0 -0.576604 0)
(0 -0.559111 0)
(0 -0.539346 0)
(0 -0.517059 0)
(0 -0.491968 0)
(0 -0.463754 0)
(0 -0.432039 0)
(0 -0.39636 0)
(0 -0.356107 0)
(0 -0.310436 0)
(0 -0.258131 0)
(0 -0.197602 0)
(0 -0.146483 0)
(0 -0.115293 0)
(0 -0.0871116 0)
(0 -0.0624885 0)
(0 -0.027251 0)
(-0.118749 0.0390005 0)
(-0.133663 0.11757 0)
(-0.145281 0.193589 0)
(-0.151792 0.271508 0)
(-0.154381 0.350406 0)
(-0.153737 0.428896 0)
(-0.150178 0.50557 0)
(-0.143959 0.579121 0)
(-0.135388 0.648432 0)
(-0.124843 0.712642 0)
(-0.112742 0.771176 0)
(-0.0994962 0.823718 0)
(-0.0854639 0.87013 0)
(-0.0709183 0.91036 0)
(-0.0560233 0.944396 0)
(-0.0408251 0.9726 0)
(-0.0240276 0.996741 0)
(-0.00767626 0.967297 0)
)
;
    }
    defaultFaces
    {
        type            empty;
    }
}


// ************************************************************************* //
