/*--------------------------------*- C++ -*----------------------------------*\
  =========                 |
  \\      /  F ield         | OpenFOAM: The Open Source CFD Toolbox
   \\    /   O peration     | Website:  https://openfoam.org
    \\  /    A nd           | Version:  9
     \\/     M anipulation  |
\*---------------------------------------------------------------------------*/
FoamFile
{
    format      ascii;
    class       volScalarField;
    location    "0.25";
    object      p;
}
// * * * * * * * * * * * * * * * * * * * * * * * * * * * * * * * * * * * * * //

dimensions      [1 -1 -2 0 0 0 0];

internalField   nonuniform List<scalar> 
7700
(
1986.57
1990.16
1997.65
2006.33
2013.64
2019.15
2023.09
2025.91
2028.03
2029.7
2031.07
2032.24
2033.21
2033.97
2034.46
2034.61
2034.34
2033.58
2032.25
2030.29
2027.69
2024.46
2020.64
2016.36
2011.84
2007.38
2003.4
2000.5
1999.44
2001.23
2007.16
2018.94
2038.78
2070.07
2114.45
2174.73
2252.84
2349.26
2461.01
2579.72
2691.67
2782.06
2841.81
2868.13
2892.53
2943.09
1937.25
1939.89
1945.89
1952.67
1958.66
1963.42
1967
1969.71
1971.79
1973.43
1974.75
1975.81
1976.61
1977.12
1977.31
1977.1
1976.42
1975.21
1973.4
1970.95
1967.86
1964.14
1959.88
1955.22
1950.4
1945.73
1941.7
1938.89
1938.11
1940.38
1946.97
1959.45
1979.62
2009.12
2052.12
2110.77
2187.8
2284.53
2399.33
2525.39
2649.2
2751.26
2814.37
2832.43
2823.37
2897.55
1887.19
1890.93
1895.47
1900.2
1904.5
1908.02
1910.78
1912.91
1914.55
1915.81
1916.75
1917.38
1917.7
1917.67
1917.24
1916.34
1914.92
1912.92
1910.28
1906.99
1903.06
1898.54
1893.54
1888.23
1882.87
1877.83
1873.59
1870.8
1870.27
1873.02
1880.3
1893.63
1914.73
1945.49
1988.74
2046.76
2121.71
2214.62
2324.55
2447.02
2572.33
2684.3
2764.7
2804.74
2822.38
2890.87
1835.73
1840.66
1844.74
1848.24
1851.27
1853.7
1855.57
1857
1858.05
1858.77
1859.18
1859.27
1858.99
1858.31
1857.16
1855.49
1853.23
1850.33
1846.77
1842.53
1837.65
1832.2
1826.31
1820.17
1814.09
1808.44
1803.74
1800.64
1799.95
1802.69
1810.08
1823.55
1844.78
1875.56
1918.05
1974.46
2046.6
2135.26
2239.59
2356.18
2478.23
2595.13
2693.91
2766.14
2823.7
2917.98
1782.72
1788.53
1792.49
1795.29
1797.53
1799.21
1800.44
1801.31
1801.87
1802.13
1802.07
1801.66
1800.84
1799.55
1797.74
1795.34
1792.3
1788.56
1784.12
1778.96
1773.15
1766.75
1759.93
1752.9
1745.95
1739.49
1734.04
1730.24
1728.91
1731.02
1737.74
1750.45
1770.7
1800.19
1840.78
1894.43
1962.7
2046.35
2144.83
2255.8
2374.78
2495.01
2607.56
2705.8
2803.56
2933.9
1728.16
1734.51
1738.38
1740.74
1742.46
1743.67
1744.49
1745
1745.23
1745.16
1744.75
1743.94
1742.67
1740.88
1738.49
1735.45
1731.7
1727.2
1721.93
1715.92
1709.2
1701.87
1694.1
1686.11
1678.19
1670.75
1664.31
1659.49
1657.08
1658.01
1663.4
1674.54
1692.88
1720
1757.56
1807.28
1870.57
1948.14
2039.77
2144.07
2258.41
2378.73
2499.13
2615.32
2746.53
2911.91
1672.01
1678.65
1682.39
1684.45
1685.85
1686.79
1687.39
1687.71
1687.75
1687.48
1686.83
1685.73
1684.11
1681.9
1679.02
1675.41
1671.03
1665.83
1659.8
1652.96
1645.37
1637.13
1628.4
1619.39
1610.42
1601.86
1594.22
1588.11
1584.26
1583.56
1587.06
1595.96
1611.61
1635.43
1668.9
1713.54
1770.6
1840.75
1923.97
2019.54
2125.98
2241.06
2361.33
2485.39
2638.63
2828.19
1614.31
1621.01
1624.59
1626.44
1627.68
1628.5
1629.02
1629.29
1629.27
1628.9
1628.11
1626.82
1624.94
1622.39
1619.1
1615
1610.05
1604.21
1597.48
1589.86
1581.43
1572.28
1562.57
1552.51
1542.41
1532.62
1523.61
1515.96
1510.37
1507.67
1508.81
1514.91
1527.18
1546.9
1575.34
1613.8
1663.37
1724.59
1797.56
1881.82
1976.39
2079.74
2189.7
2306.85
2464.64
2654.24
1555.1
1561.71
1565.08
1566.82
1568.01
1568.83
1569.38
1569.7
1569.72
1569.35
1568.51
1567.1
1565.03
1562.22
1558.59
1554.07
1548.62
1542.2
1534.81
1526.46
1517.21
1507.17
1496.48
1485.34
1474.04
1462.91
1452.39
1443.01
1435.42
1430.38
1428.77
1431.59
1439.92
1454.85
1477.45
1508.76
1549.65
1600.5
1661.3
1731.5
1809.94
1894.48
1982.07
2071.31
2205.72
2334.29
1494.46
1500.84
1503.99
1505.69
1506.92
1507.84
1508.53
1508.98
1509.11
1508.81
1507.99
1506.53
1504.33
1501.32
1497.4
1492.52
1486.63
1479.69
1471.7
1462.66
1452.65
1441.73
1430.06
1417.82
1405.26
1392.71
1380.55
1369.27
1359.47
1351.83
1347.14
1346.29
1350.21
1359.8
1375.89
1399.24
1430.47
1469.72
1516.66
1570.35
1628.72
1687.77
1740.79
1777.32
1841.41
1767.73
0.995109
0.985176
0.976405
0.967695
0.959503
0.951562
0.944675
0.938719
0.933316
0.92806
0.922647
0.916901
0.910739
0.904126
0.897085
0.889678
0.882027
0.874266
0.866654
0.8588
0.850879
0.843459
0.83638
0.829526
0.822886
0.816641
0.810812
0.805397
0.800391
0.795796
0.791563
0.78763
0.784036
0.78084
0.778044
0.775732
0.773913
0.772567
0.771727
0.771092
0.950688
0.942188
0.934117
0.924129
0.913574
0.904435
0.896887
0.890439
0.884618
0.879029
0.873384
0.867505
0.861303
0.854737
0.847796
0.840506
0.832956
0.825264
0.817531
0.809995
0.802584
0.795171
0.788109
0.781384
0.775013
0.768938
0.763228
0.757907
0.752985
0.748447
0.744265
0.740404
0.736867
0.733689
0.730919
0.728561
0.726674
0.725292
0.724279
0.723562
0.906256
0.896541
0.887419
0.877322
0.866702
0.857193
0.849141
0.842155
0.835856
0.829877
0.823926
0.817834
0.811517
0.804941
0.798066
0.790871
0.783417
0.775847
0.768319
0.760985
0.753694
0.746541
0.739679
0.733172
0.726974
0.721066
0.715463
0.710192
0.705287
0.700757
0.696595
0.692769
0.68928
0.686154
0.683394
0.681047
0.679109
0.67762
0.676607
0.676071
0.861844
0.850132
0.839325
0.828871
0.818464
0.809062
0.800911
0.793742
0.787208
0.780982
0.774785
0.768462
0.761965
0.7553
0.748421
0.741263
0.73385
0.726351
0.718967
0.711787
0.70472
0.697812
0.691165
0.684847
0.678832
0.673064
0.667517
0.662224
0.657254
0.652665
0.648484
0.644698
0.641283
0.638232
0.635536
0.633214
0.631279
0.62978
0.628732
0.628382
0.816228
0.802442
0.789506
0.778791
0.768766
0.759862
0.752072
0.745099
0.738618
0.73233
0.725993
0.71947
0.712758
0.705931
0.698985
0.691823
0.684423
0.676967
0.669692
0.662673
0.655829
0.649139
0.642676
0.636511
0.630619
0.624917
0.619351
0.613961
0.608859
0.604168
0.599956
0.596222
0.592913
0.589985
0.587397
0.585142
0.583244
0.581764
0.580761
0.580475
0.767768
0.752072
0.736821
0.726448
0.717338
0.709458
0.702507
0.6961
0.689922
0.683736
0.677361
0.670692
0.663767
0.656741
0.649694
0.642526
0.635155
0.627745
0.620566
0.613702
0.607051
0.600532
0.594184
0.588083
0.582216
0.576491
0.570845
0.565328
0.560093
0.55531
0.551083
0.547416
0.544248
0.541473
0.53902
0.536863
0.535029
0.533593
0.532659
0.532431
0.713422
0.69724
0.679642
0.670981
0.663778
0.657677
0.652121
0.646663
0.641034
0.635099
0.628777
0.622024
0.614922
0.6077
0.600538
0.593358
0.586025
0.578664
0.571557
0.564811
0.558301
0.55189
0.545579
0.539444
0.533499
0.527677
0.521926
0.516305
0.510983
0.506156
0.501952
0.498381
0.495357
0.492738
0.490431
0.488389
0.486637
0.485263
0.4844
0.484224
0.645794
0.634737
0.615202
0.611048
0.607539
0.604344
0.600887
0.596801
0.59197
0.586433
0.580254
0.573483
0.566238
0.558821
0.551524
0.544303
0.536981
0.529629
0.522536
0.515838
0.5094
0.503033
0.496694
0.490458
0.484378
0.478432
0.472592
0.466921
0.461586
0.456783
0.452642
0.449173
0.446275
0.443811
0.441645
0.43972
0.43806
0.43676
0.435967
0.435831
0.539872
0.556857
0.538915
0.544722
0.54799
0.549364
0.548879
0.546631
0.542852
0.537841
0.531873
0.525125
0.517758
0.510135
0.502649
0.495318
0.487936
0.48052
0.473347
0.466589
0.460124
0.453735
0.447345
0.441013
0.434816
0.428773
0.422893
0.417245
0.411975
0.407258
0.403211
0.399844
0.397061
0.394715
0.392668
0.390853
0.389288
0.38807
0.387346
0.38724
0.339515
0.44143
0.446165
0.47036
0.484763
0.492838
0.496325
0.496379
0.493846
0.48944
0.48371
0.476984
0.46948
0.461614
0.453869
0.446339
0.438805
0.431234
0.423874
0.416924
0.410312
0.403844
0.397413
0.391044
0.384805
0.378747
0.372909
0.367361
0.362222
0.357634
0.353696
0.350419
0.347718
0.345455
0.3435
0.341782
0.340313
0.33918
0.338524
0.338445
1431.92
1437.98
1440.92
1442.63
1443.99
1445.09
1445.97
1446.62
1446.92
1446.75
1445.99
1444.53
1442.26
1439.1
1434.95
1429.77
1423.48
1416.08
1407.53
1397.86
1387.11
1375.35
1362.7
1349.34
1335.49
1321.42
1307.5
1294.17
1281.96
1271.48
1263.42
1258.56
1257.66
1261.44
1270.46
1285.21
1306
1332.67
1364.48
1399.84
1435.46
1464.63
1474.91
1438.75
1348
774.781
1367.25
1372.92
1375.66
1377.45
1378.99
1380.32
1381.46
1382.35
1382.86
1382.86
1382.21
1380.8
1378.5
1375.23
1370.9
1365.45
1358.83
1351.01
1341.97
1331.71
1320.26
1307.68
1294.08
1279.58
1264.39
1248.75
1232.97
1217.45
1202.65
1189.11
1177.45
1168.3
1162.26
1159.86
1161.43
1167.16
1177.05
1190.61
1206.72
1223.22
1235.97
1236.74
1210.03
1122.05
961.904
536.166
1300.8
1306.03
1308.6
1310.51
1312.26
1313.87
1315.31
1316.48
1317.24
1317.43
1316.92
1315.58
1313.28
1309.95
1305.48
1299.82
1292.91
1284.73
1275.24
1264.44
1252.35
1238.99
1224.45
1208.83
1192.28
1175.01
1157.3
1139.49
1121.98
1105.25
1089.81
1076.18
1064.83
1056.08
1050.07
1046.72
1045.74
1046.35
1047.14
1045.76
1038.08
1016.62
968.768
871.595
724.46
509.365
1232.66
1237.42
1239.86
1241.9
1243.91
1245.81
1247.57
1249.04
1250.07
1250.48
1250.13
1248.88
1246.62
1243.25
1238.68
1232.85
1225.72
1217.22
1207.35
1196.07
1183.39
1169.3
1153.86
1137.12
1119.22
1100.3
1080.61
1060.42
1040.11
1020.08
1000.76
982.572
965.852
950.786
937.327
925.166
913.777
902.173
888.794
871.428
846.7
809.226
751.144
660.336
532.702
394.781
1162.95
1167.21
1169.54
1171.74
1174
1176.22
1178.3
1180.09
1181.39
1182.03
1181.85
1180.72
1178.51
1175.14
1170.52
1164.58
1157.26
1148.53
1138.33
1126.64
1113.43
1098.67
1082.37
1064.56
1045.31
1024.73
1003.02
980.411
957.233
933.842
910.611
887.877
865.884
844.71
824.184
803.83
782.929
760.365
734.56
703.64
665.289
616.488
553.335
470.016
360.503
247.871
1091.76
1095.5
1097.76
1100.11
1102.62
1105.16
1107.57
1109.66
1111.24
1112.11
1112.12
1111.13
1109
1105.67
1101.03
1095.02
1087.59
1078.68
1068.24
1056.21
1042.55
1027.19
1010.1
991.261
970.684
948.446
924.69
899.632
873.557
846.795
819.684
792.519
765.493
738.627
711.682
684.095
655.036
623.334
587.439
545.817
497.186
440.897
376.671
302.8
215.554
129.154
1019.21
1022.42
1024.6
1027.09
1029.84
1032.68
1035.41
1037.81
1039.66
1040.78
1040.99
1040.14
1038.13
1034.86
1030.25
1024.23
1016.75
1007.73
997.126
984.853
970.827
954.957
937.152
917.337
895.473
871.587
845.783
818.256
789.281
759.184
728.303
696.934
665.273
633.345
600.925
567.515
532.331
494.171
451.306
402.157
346.079
285.001
223.112
161.714
97.5202
37.7601
945.409
948.058
950.178
952.765
955.731
958.847
961.878
964.575
966.707
968.068
968.487
967.817
965.942
962.772
958.232
952.256
944.779
935.736
925.047
912.618
898.329
882.043
863.612
842.896
819.797
794.288
766.446
736.46
704.616
671.273
636.811
601.578
565.837
529.727
493.233
456.2
418.073
377.257
330.945
276.965
215.07
150.26
92.142
45.2933
3.16223
-34.8164
870.484
872.522
874.559
877.189
880.33
883.704
887.024
890.014
892.425
894.043
894.689
894.217
892.509
889.478
885.052
879.166
871.756
862.752
852.063
839.571
825.122
808.527
789.575
768.052
743.788
716.706
686.859
654.449
619.807
583.361
545.582
506.927
467.846
428.833
390.407
352.817
314.868
272.752
222.108
163.408
100.918
42.1303
-8.82401
-45.3764
-69.5898
-89
794.559
795.89
797.809
800.4
803.679
807.291
810.893
814.179
816.88
818.77
819.666
819.417
817.907
815.049
810.776
805.027
797.739
788.84
778.231
765.773
751.277
734.5
715.158
692.952
667.627
639.05
607.259
572.488
535.151
495.793
455.025
413.505
372.096
331.958
293.688
255.5
211.633
156.566
98.6828
53.7497
21.3174
-4.07571
-35.804
-77.7996
-110.171
-123.65
717.743
718.198
719.954
722.413
725.797
729.641
733.534
737.134
740.148
742.337
743.509
743.51
742.225
739.569
735.482
729.907
722.788
714.054
703.602
691.279
676.862
660.054
640.494
617.776
591.542
561.588
527.943
490.901
451.004
408.969
365.611
321.919
279.349
238.781
196.807
145.626
86.0359
38.664
13.1192
1.94339
-3.00597
-6.89278
-14.0012
-37.3309
-85.3513
-130.229
640.127
639.416
640.961
643.211
646.694
650.792
655.007
658.957
662.322
664.846
666.328
666.608
665.571
663.139
659.257
653.881
646.963
638.44
628.214
616.124
601.924
585.27
565.718
542.732
515.807
484.646
449.275
410.087
367.802
323.362
277.847
232.583
188.469
141.678
86.3081
35.9073
6.43268
-2.47741
-3.80427
-4.77324
-5.38754
-5.9269
-6.92273
-10.2027
-36.3011
-97.4947
561.714
559.465
560.734
562.762
566.383
570.787
575.383
579.741
583.508
586.413
588.24
588.828
588.059
585.863
582.195
577.026
570.322
562.037
552.087
540.319
526.482
510.206
490.967
468.055
440.754
408.636
371.729
330.56
286.049
239.406
192.069
144.897
95.2551
44.1253
9.12089
-3.18682
-4.31225
-4.89971
-5.23227
-5.49454
-5.68197
-5.85976
-6.04869
-6.27315
-11.4047
-43.66
482.188
478.206
479.138
481.038
484.875
489.672
494.736
499.576
503.813
507.15
509.362
510.281
509.793
507.833
504.373
499.399
492.899
484.851
475.201
463.829
450.506
434.877
416.369
394.03
366.817
334.113
295.928
252.878
206.086
157.428
109.127
61.5698
20.593
-2.01096
-4.31879
-4.79943
-5.07573
-5.20695
-5.33907
-5.50951
-5.70058
-5.90357
-6.1014
-6.14653
-6.01155
-15.8579
401.071
395.529
396.03
398.035
402.22
407.524
413.157
418.566
423.338
427.162
429.796
431.066
430.861
429.121
425.84
421.027
414.694
406.851
397.497
386.573
373.913
359.254
342.053
321.015
294.577
261.801
222.53
177.403
128.391
80.036
37.9277
8.85328
-3.73828
-4.44102
-4.82579
-4.95941
-5.08318
-5.19616
-5.34352
-5.52538
-5.7268
-5.94267
-6.16838
-6.33728
-6.12672
-8.96202
318.238
312.38
311.699
313.959
318.665
324.613
330.903
336.937
342.29
346.629
349.7
351.322
351.383
349.829
346.683
341.979
335.753
328.056
318.961
308.509
296.625
283.265
268.131
249.454
224.766
192.501
152.174
105.271
57.8362
21.1423
2.23333
-4.06341
-4.50571
-4.73308
-4.85808
-4.95782
-5.08358
-5.22148
-5.37801
-5.55312
-5.74306
-5.95009
-6.18709
-6.43115
-6.42403
-7.96816
235.935
228.071
226.701
229.324
234.579
241.243
248.266
254.988
260.964
265.846
269.353
271.302
271.586
270.153
267.069
262.395
256.172
248.481
239.49
229.366
218.126
206.246
194.305
179.706
158.207
127.335
87.0536
43.6053
11.3969
-1.35273
-4.15736
-4.45177
-4.63985
-4.75196
-4.85837
-4.97534
-5.10485
-5.24069
-5.38639
-5.54529
-5.71914
-5.91441
-6.14381
-6.38809
-6.44177
-7.73857
152.82
143.471
140.601
143.927
149.942
157.323
165.008
172.383
179
184.464
188.436
190.693
191.131
189.679
186.493
181.651
175.153
167.075
157.731
147.452
136.297
126.095
119.784
112.69
97.0149
70.0292
35.4638
7.87786
-2.54076
-4.1403
-4.36336
-4.53125
-4.64566
-4.74944
-4.86265
-4.98018
-5.10048
-5.22394
-5.35472
-5.49674
-5.65326
-5.83108
-6.04105
-6.25702
-6.30234
-7.48845
70.8349
62.399
55.0033
59.3099
66.9056
75.3297
83.2052
90.3809
96.8323
102.307
106.362
108.666
109.025
107.25
103.699
98.4864
91.5265
82.9556
73.4744
63.7266
53.4049
46.3148
49.2947
54.4544
48.4233
29.6785
8.21717
-2.51664
-4.06034
-4.25517
-4.40763
-4.52519
-4.63208
-4.73972
-4.84906
-4.95725
-5.06515
-5.17491
-5.28999
-5.41386
-5.54998
-5.70481
-5.88779
-6.07496
-6.12416
-7.10743
15.4239
9.10438
5.5031
7.26441
10.7033
15.366
19.5237
23.1438
26.7002
30.0792
32.6622
33.9564
33.6508
31.3771
27.8689
23.3637
17.7566
11.4147
5.65507
1.45631
-2.3022
-2.80222
4.28371
15.6373
18.4211
8.46496
-2.37243
-3.94837
-4.13232
-4.27393
-4.39232
-4.50217
-4.60933
-4.71315
-4.81338
-4.91026
-5.00528
-5.10044
-5.19848
-5.30232
-5.41505
-5.5415
-5.68893
-5.84298
-5.91079
-6.60123
-2.34556
-1.36791
-1.65935
-1.94097
-1.97607
-1.25726
-0.502354
-0.0167385
0.0565937
-0.244938
-0.935615
-1.93717
-3.2722
-4.95776
-6.38991
-7.27146
-7.69105
-7.67345
-7.09777
-6.31915
-5.76803
-4.51006
-3.04778
-0.109326
0.47301
-3.28607
-3.84577
-3.99689
-4.1301
-4.25033
-4.36329
-4.47159
-4.57397
-4.66979
-4.75972
-4.84478
-4.92637
-5.00616
-5.0862
-5.16877
-5.25611
-5.34985
-5.4523
-5.55902
-5.55923
-5.12439
-2.18239
-2.01319
-2.03248
-2.04836
-2.0373
-2.05957
-2.15894
-2.26806
-2.35866
-2.38249
-2.56303
-2.92483
-3.33658
-3.63083
-3.76315
-3.66295
-3.28404
-2.97794
-3.01678
-3.06901
-3.1997
-3.27463
-3.20274
-3.14717
-3.3975
-3.63965
-3.81782
-3.96926
-4.09842
-4.21737
-4.3288
-4.43204
-4.52671
-4.61318
-4.69242
-4.76531
-4.83314
-4.8973
-4.95933
-5.02095
-5.08395
-5.14824
-5.21093
-5.265
-5.26093
-4.99482
-2.18871
-2.12621
-2.10818
-2.11053
-2.11268
-2.11755
-2.13731
-2.16404
-2.18947
-2.21213
-2.27345
-2.3927
-2.52059
-2.62239
-2.69919
-2.75346
-2.76508
-2.75427
-2.78577
-2.8565
-2.96155
-3.07632
-3.17842
-3.295
-3.46413
-3.64019
-3.8
-3.9416
-4.06807
-4.18383
-4.28939
-4.38478
-4.47043
-4.5469
-4.61506
-4.67566
-4.72981
-4.77868
-4.8235
-4.86565
-4.90686
-4.94738
-4.98232
-5.00914
-5.02231
-4.91058
-2.22043
-2.18511
-2.17798
-2.17938
-2.18732
-2.20187
-2.22514
-2.25397
-2.28286
-2.3076
-2.32385
-2.36004
-2.41502
-2.47955
-2.5494
-2.62825
-2.72221
-2.821
-2.89269
-2.97214
-3.06593
-3.16697
-3.26761
-3.37863
-3.51161
-3.65416
-3.79502
-3.92411
-4.0422
-4.14964
-4.24624
-4.33222
-4.40799
-4.47409
-4.53103
-4.5795
-4.62047
-4.65491
-4.68376
-4.70816
-4.72971
-4.74921
-4.76248
-4.76418
-4.75994
-4.70927
-2.27761
-2.25559
-2.2519
-2.25336
-2.26158
-2.2776
-2.30176
-2.33173
-2.36423
-2.3968
-2.43021
-2.4738
-2.52864
-2.59143
-2.65932
-2.73266
-2.81306
-2.89599
-2.97249
-3.05265
-3.14084
-3.23376
-3.32846
-3.43114
-3.54745
-3.67168
-3.79459
-3.91052
-4.01744
-4.11434
-4.20071
-4.27649
-4.34198
-4.39758
-4.44355
-4.48046
-4.50906
-4.53011
-4.54432
-4.55257
-4.55615
-4.55602
-4.54932
-4.53083
-4.50621
-4.46284
-2.3508
-2.33256
-2.32967
-2.33135
-2.33913
-2.35408
-2.37614
-2.40398
-2.43589
-2.47122
-2.51095
-2.55807
-2.61275
-2.67329
-2.73818
-2.80688
-2.87923
-2.95397
-3.02944
-3.10879
-3.19352
-3.28249
-3.37457
-3.4722
-3.57762
-3.6871
-3.79517
-3.89774
-3.99259
-4.0783
-4.154
-4.2194
-4.27464
-4.31997
-4.35551
-4.38157
-4.39871
-4.40748
-4.40835
-4.40193
-4.38894
-4.37016
-4.34448
-4.30877
-4.26602
-4.20799
-2.426
-2.41228
-2.41023
-2.41239
-2.4201
-2.43433
-2.45484
-2.48096
-2.51188
-2.54719
-2.58735
-2.63336
-2.68532
-2.74254
-2.80426
-2.87004
-2.93941
-3.01149
-3.08565
-3.16281
-3.24384
-3.32848
-3.41624
-3.50766
-3.60288
-3.69967
-3.79446
-3.88435
-3.96733
-4.0419
-4.10706
-4.16234
-4.20775
-4.24329
-4.26899
-4.28501
-4.29169
-4.28936
-4.27827
-4.25861
-4.2304
-4.19343
-4.14692
-4.08811
-4.01264
-3.90984
-2.50136
-2.49295
-2.49195
-2.49488
-2.50284
-2.51669
-2.5363
-2.56126
-2.59116
-2.62572
-2.66499
-2.70927
-2.75863
-2.81282
-2.87146
-2.93414
-3.00039
-3.06952
-3.141
-3.21502
-3.29189
-3.37148
-3.45346
-3.53762
-3.62331
-3.70879
-3.79169
-3.86985
-3.94157
-4.00549
-4.06059
-4.10628
-4.14239
-4.16878
-4.18541
-4.19232
-4.18967
-4.17761
-4.1561
-4.12484
-4.08315
-4.02969
-3.9626
-3.87819
-3.76783
-3.61574
-2.57655
-2.57332
-2.57345
-2.57725
-2.58556
-2.59913
-2.61797
-2.64191
-2.67071
-2.70412
-2.742
-2.78439
-2.8313
-2.88265
-2.93818
-2.99755
-3.06026
-3.12575
-3.19357
-3.26359
-3.33573
-3.40984
-3.48552
-3.56222
-3.63903
-3.71445
-3.78671
-3.85415
-3.91543
-3.9694
-4.0151
-4.05186
-4.07935
-4.09738
-4.10585
-4.10476
-4.09409
-4.07377
-4.0435
-4.00259
-3.9498
-3.88311
-3.7997
-3.69499
-3.56006
-3.37965
-2.65127
-2.65244
-2.65365
-2.65832
-2.66695
-2.6802
-2.69827
-2.72114
-2.74867
-2.78061
-2.81675
-2.85701
-2.9014
-2.94988
-3.00224
-3.05815
-3.11712
-3.17865
-3.24231
-3.30781
-3.37493
-3.44337
-3.51267
-3.58211
-3.65068
-3.71703
-3.77971
-3.83746
-3.88922
-3.93406
-3.97111
-3.99972
-4.0194
-4.02998
-4.03135
-4.02342
-4.00607
-3.97899
-3.94168
-3.89321
-3.8321
-3.75613
-3.66224
-3.54581
-3.39938
-3.21205
-2.72516
-2.72955
-2.73175
-2.73724
-2.74617
-2.75915
-2.7765
-2.79828
-2.82439
-2.8546
-2.88873
-2.92669
-2.96848
-3.01401
-3.06312
-3.11544
-3.17053
-3.2279
-3.28715
-3.34792
-3.40989
-3.47266
-3.53567
-3.59813
-3.659
-3.71707
-3.77114
-3.82019
-3.8634
-3.90002
-3.92929
-3.95059
-3.9634
-3.9675
-3.96281
-3.9492
-3.92643
-3.89404
-3.85136
-3.79744
-3.7308
-3.64935
-3.55032
-3.42975
-3.28211
-3.10066
-2.79753
-2.80404
-2.80713
-2.81343
-2.8227
-2.83552
-2.85222
-2.87289
-2.89748
-2.92583
-2.95783
-2.99344
-3.03259
-3.07514
-3.1209
-3.16954
-3.22062
-3.27372
-3.32845
-3.38442
-3.44125
-3.49843
-3.55529
-3.61101
-3.66465
-3.71516
-3.76151
-3.80284
-3.83848
-3.86781
-3.8902
-3.9051
-3.912
-3.91065
-3.90092
-3.88266
-3.85558
-3.81919
-3.77276
-3.71537
-3.64575
-3.56208
-3.46214
-3.34297
-3.20083
-3.03219
-2.86764
-2.87519
-2.87926
-2.88639
-2.8961
-2.90886
-2.92499
-2.94459
-2.96766
-2.99415
-3.02404
-3.05729
-3.0938
-3.13337
-3.17575
-3.22065
-3.2677
-3.3165
-3.3667
-3.41789
-3.46962
-3.52127
-3.57213
-3.62142
-3.6683
-3.71188
-3.7513
-3.7858
-3.81477
-3.83768
-3.85408
-3.86347
-3.86542
-3.8596
-3.84579
-3.82381
-3.79344
-3.75427
-3.70562
-3.6466
-3.57616
-3.49294
-3.39525
-3.28108
-3.14832
-2.99547
-2.93483
-2.94253
-2.94775
-2.95577
-2.96603
-2.97885
-2.99451
-3.01315
-3.03481
-3.05955
-3.08739
-3.11831
-3.15218
-3.18874
-3.22776
-3.26897
-3.31203
-3.3566
-3.40232
-3.44877
-3.49545
-3.54167
-3.58675
-3.62994
-3.67054
-3.7078
-3.74097
-3.76939
-3.79247
-3.8098
-3.82102
-3.82572
-3.82353
-3.81411
-3.79715
-3.77244
-3.7398
-3.69895
-3.64937
-3.59032
-3.52093
-3.44016
-3.3468
-3.23972
-3.1181
-2.9815
-2.99869
-3.00595
-3.01257
-3.02156
-3.03243
-3.04538
-3.06067
-3.07847
-3.09891
-3.12204
-3.14793
-3.17655
-3.20777
-3.24135
-3.27707
-3.31466
-3.35384
-3.39428
-3.43563
-3.47746
-3.51919
-3.56017
-3.59974
-3.63724
-3.67205
-3.70354
-3.73108
-3.75408
-3.77202
-3.78451
-3.79127
-3.792
-3.78639
-3.7741
-3.75484
-3.72835
-3.69448
-3.65302
-3.60358
-3.54559
-3.47842
-3.4014
-3.31377
-3.21484
-3.10451
-2.98331
-3.059
-3.06571
-3.07395
-3.08401
-3.09548
-3.10856
-3.12354
-3.14062
-3.15996
-3.18162
-3.20565
-3.23202
-3.26062
-3.29129
-3.32379
-3.35791
-3.39336
-3.42983
-3.46695
-3.50429
-3.54127
-3.57728
-3.6117
-3.64394
-3.67347
-3.69974
-3.72224
-3.74045
-3.75393
-3.76229
-3.7653
-3.76273
-3.75433
-3.73986
-3.71901
-3.69154
-3.65728
-3.61607
-3.56764
-3.51156
-3.4474
-3.37477
-3.29335
-3.20288
-3.10353
-2.99617
-3.11577
-3.12289
-3.13239
-3.14341
-3.15541
-3.1686
-3.18329
-3.19972
-3.21804
-3.23832
-3.26057
-3.28479
-3.3109
-3.33876
-3.36821
-3.39901
-3.4309
-3.46357
-3.49665
-3.52969
-3.56217
-3.59351
-3.62317
-3.65062
-3.67539
-3.69701
-3.71505
-3.72908
-3.73871
-3.74361
-3.74353
-3.7383
-3.72774
-3.71166
-3.68982
-3.66197
-3.62794
-3.58761
-3.5408
-3.48726
-3.4267
-3.35889
-3.28378
-3.20146
-3.11235
-3.01724
-3.1699
-3.17767
-3.18825
-3.20012
-3.21257
-3.22585
-3.24029
-3.25611
-3.27344
-3.29238
-3.31294
-3.33513
-3.35889
-3.38414
-3.41069
-3.43835
-3.46685
-3.4959
-3.52513
-3.55411
-3.58236
-3.60938
-3.63468
-3.6578
-3.67832
-3.69585
-3.71001
-3.72044
-3.72681
-3.72884
-3.7263
-3.71902
-3.70686
-3.68968
-3.6673
-3.63952
-3.60618
-3.56717
-3.5224
-3.47176
-3.4151
-3.35232
-3.28346
-3.20882
-3.12895
-3.04459
-3.22205
-3.23048
-3.24198
-3.25458
-3.26743
-3.28079
-3.29498
-3.31019
-3.32656
-3.34419
-3.36314
-3.38343
-3.40501
-3.4278
-3.45164
-3.47633
-3.50162
-3.52723
-3.55281
-3.57799
-3.60232
-3.62538
-3.64674
-3.66599
-3.68277
-3.69673
-3.70755
-3.71493
-3.71858
-3.71828
-3.7138
-3.70499
-3.69173
-3.6739
-3.65138
-3.62402
-3.59169
-3.55431
-3.51186
-3.4643
-3.41161
-3.35379
-3.29097
-3.22348
-3.15191
-3.07687
-3.27283
-3.2818
-3.29408
-3.3073
-3.32048
-3.33388
-3.34777
-3.36233
-3.37774
-3.39411
-3.41153
-3.43004
-3.44959
-3.4701
-3.49139
-3.51329
-3.53556
-3.55794
-3.58013
-3.60179
-3.62256
-3.64203
-3.65986
-3.6757
-3.68922
-3.70011
-3.70809
-3.7129
-3.7143
-3.71211
-3.70613
-3.69622
-3.68225
-3.66415
-3.64182
-3.61517
-3.5841
-3.54857
-3.50859
-3.46418
-3.41541
-3.36236
-3.30521
-3.24429
-3.18011
-3.11319
-3.32276
-3.33216
-3.34506
-3.35878
-3.37217
-3.38547
-3.39895
-3.41282
-3.42725
-3.44241
-3.45841
-3.47527
-3.49296
-3.51134
-3.53027
-3.54957
-3.56904
-3.58845
-3.60754
-3.62603
-3.64358
-3.65987
-3.67458
-3.68742
-3.69811
-3.70638
-3.71196
-3.71463
-3.71419
-3.71047
-3.70333
-3.69264
-3.67828
-3.66019
-3.63831
-3.61259
-3.58297
-3.54942
-3.51199
-3.47073
-3.42575
-3.37719
-3.32527
-3.2703
-3.21269
-3.15287
-3.37236
-3.38206
-3.39542
-3.40944
-3.42286
-3.4359
-3.44886
-3.46196
-3.47543
-3.48946
-3.50415
-3.51952
-3.53548
-3.55192
-3.56868
-3.5856
-3.60251
-3.61922
-3.63554
-3.6512
-3.66591
-3.6794
-3.69138
-3.70161
-3.70985
-3.71586
-3.71943
-3.72034
-3.71841
-3.71349
-3.70546
-3.69424
-3.67972
-3.66186
-3.64062
-3.61597
-3.5879
-3.5564
-3.52151
-3.48333
-3.44197
-3.3976
-3.35044
-3.30078
-3.24899
-3.19542
-3.42212
-3.43199
-3.44559
-3.45969
-3.47294
-3.48557
-3.49791
-3.51024
-3.5228
-3.53579
-3.54928
-3.56327
-3.57765
-3.5923
-3.60707
-3.62182
-3.63642
-3.65072
-3.66456
-3.67773
-3.68996
-3.70101
-3.71063
-3.7186
-3.72473
-3.72882
-3.73069
-3.73015
-3.72703
-3.7212
-3.71256
-3.70103
-3.68655
-3.66908
-3.64861
-3.62513
-3.59865
-3.56918
-3.53678
-3.50153
-3.46357
-3.42305
-3.3802
-3.33528
-3.28862
-3.2405
-3.47244
-3.48232
-3.49593
-3.5099
-3.52282
-3.53494
-3.54664
-3.55823
-3.56995
-3.58197
-3.59434
-3.60703
-3.61994
-3.63293
-3.64587
-3.65864
-3.67116
-3.6833
-3.69496
-3.70594
-3.71603
-3.72499
-3.73259
-3.73864
-3.74297
-3.74542
-3.74586
-3.74413
-3.74008
-3.73359
-3.72457
-3.71295
-3.69869
-3.68176
-3.66215
-3.6399
-3.61501
-3.58753
-3.5575
-3.52501
-3.49019
-3.4532
-3.41422
-3.37351
-3.33136
-3.288
-3.52362
-3.53336
-3.54676
-3.5604
-3.57288
-3.58447
-3.59556
-3.60645
-3.61738
-3.62846
-3.63975
-3.6512
-3.6627
-3.67413
-3.68538
-3.69637
-3.70701
-3.71724
-3.72697
-3.73605
-3.7443
-3.75149
-3.75741
-3.76186
-3.7647
-3.7658
-3.76505
-3.76234
-3.75756
-3.7506
-3.74137
-3.72983
-3.71593
-3.69965
-3.681
-3.66
-3.63669
-3.61111
-3.58331
-3.55339
-3.52146
-3.48767
-3.45219
-3.41524
-3.37709
-3.33792
-3.57586
-3.58531
-3.59832
-3.61149
-3.62348
-3.63453
-3.64503
-3.65525
-3.66538
-3.67554
-3.68575
-3.69597
-3.70613
-3.71611
-3.72583
-3.73521
-3.74421
-3.75276
-3.76082
-3.76827
-3.77494
-3.78065
-3.78518
-3.78834
-3.78999
-3.79
-3.7883
-3.78481
-3.77945
-3.77214
-3.76283
-3.75146
-3.738
-3.72244
-3.70478
-3.68504
-3.66326
-3.6395
-3.6138
-3.58627
-3.55699
-3.52611
-3.4938
-3.46023
-3.42565
-3.39023
-3.62935
-3.6384
-3.65085
-3.66346
-3.6749
-3.6854
-3.6953
-3.70483
-3.71415
-3.72336
-3.7325
-3.74154
-3.75043
-3.75909
-3.76744
-3.77543
-3.783
-3.79013
-3.79675
-3.8028
-3.80814
-3.8126
-3.81599
-3.81811
-3.81882
-3.818
-3.81557
-3.81147
-3.80568
-3.79813
-3.7888
-3.77765
-3.76467
-3.74983
-3.73314
-3.71463
-3.69433
-3.67229
-3.64857
-3.62324
-3.59642
-3.56821
-3.53876
-3.50825
-3.4769
-3.44486
-3.68425
-3.69281
-3.70462
-3.71658
-3.72742
-3.73733
-3.74659
-3.7554
-3.76388
-3.77213
-3.78022
-3.78814
-3.79587
-3.80335
-3.81052
-3.81732
-3.8237
-3.82962
-3.83503
-3.83988
-3.84406
-3.84744
-3.84985
-3.85112
-3.85108
-3.84962
-3.84666
-3.84215
-3.83607
-3.8284
-3.81912
-3.80823
-3.79572
-3.78159
-3.76585
-3.74851
-3.72961
-3.70919
-3.68731
-3.66404
-3.63948
-3.61372
-3.58689
-3.55914
-3.5307
-3.50171
-3.7407
-3.74874
-3.75983
-3.77107
-3.78127
-3.79054
-3.79911
-3.80715
-3.81477
-3.82209
-3.82918
-3.83608
-3.84277
-3.84923
-3.85539
-3.8612
-3.86657
-3.87148
-3.87586
-3.87967
-3.88284
-3.88525
-3.88678
-3.88729
-3.88662
-3.88466
-3.88132
-3.87655
-3.87033
-3.86265
-3.85353
-3.84296
-3.83096
-3.81753
-3.8027
-3.78648
-3.7689
-3.75001
-3.72985
-3.7085
-3.68601
-3.66249
-3.63804
-3.61279
-3.58695
-3.56068
-3.79878
-3.80627
-3.8166
-3.82708
-3.83658
-3.84516
-3.85302
-3.86029
-3.86709
-3.87353
-3.87971
-3.88568
-3.89145
-3.89701
-3.90231
-3.90726
-3.91179
-3.91584
-3.91933
-3.92223
-3.92448
-3.92601
-3.92672
-3.92651
-3.92526
-3.92286
-3.91924
-3.91432
-3.90809
-3.90054
-3.89167
-3.88151
-3.87008
-3.85739
-3.84346
-3.82833
-3.81202
-3.79456
-3.77601
-3.75642
-3.73586
-3.71439
-3.6921
-3.66911
-3.6456
-3.62172
-3.85844
-3.86538
-3.87492
-3.88462
-3.89338
-3.90127
-3.90841
-3.91495
-3.92098
-3.92663
-3.932
-3.93714
-3.9421
-3.94686
-3.95138
-3.95557
-3.95935
-3.96264
-3.96536
-3.96746
-3.9689
-3.96962
-3.96957
-3.96869
-3.96689
-3.96408
-3.96021
-3.95521
-3.94904
-3.94171
-3.9332
-3.92353
-3.91273
-3.90082
-3.88782
-3.87376
-3.85867
-3.84258
-3.82554
-3.80759
-3.78879
-3.7692
-3.74889
-3.72797
-3.70657
-3.68481
-3.91958
-3.92595
-3.9347
-3.94359
-3.95163
-3.95882
-3.9653
-3.97116
-3.97652
-3.98147
-3.98612
-3.99053
-3.99475
-3.99877
-4.00256
-4.00604
-4.00913
-4.01173
-4.01376
-4.01517
-4.0159
-4.01592
-4.0152
-4.01372
-4.01141
-4.00824
-4.00415
-3.99909
-3.99303
-3.98596
-3.97786
-3.96875
-3.95863
-3.94752
-3.93545
-3.92245
-3.90854
-3.89375
-3.87812
-3.8617
-3.84453
-3.82668
-3.8082
-3.78917
-3.76969
-3.74983
-3.98206
-3.98788
-3.99584
-4.00392
-4.01123
-4.01777
-4.02364
-4.02891
-4.03367
-4.03802
-4.04204
-4.04579
-4.04933
-4.05265
-4.05574
-4.05853
-4.06095
-4.06291
-4.06432
-4.06512
-4.06526
-4.06472
-4.06347
-4.0615
-4.05879
-4.05532
-4.05106
-4.04597
-4.04004
-4.03324
-4.02556
-4.017
-4.00756
-3.99726
-3.9861
-3.97412
-3.96133
-3.94776
-3.93346
-3.91845
-3.90279
-3.88653
-3.86974
-3.85245
-3.83474
-3.81661
-4.0458
-4.05108
-4.05826
-4.06556
-4.07218
-4.07811
-4.08342
-4.08817
-4.09242
-4.09624
-4.0997
-4.10285
-4.10575
-4.10841
-4.11081
-4.11293
-4.1147
-4.11604
-4.11689
-4.11718
-4.11685
-4.11588
-4.11424
-4.11193
-4.10895
-4.10529
-4.10093
-4.09587
-4.09009
-4.08357
-4.07629
-4.06826
-4.05947
-4.04991
-4.03961
-4.02858
-4.01683
-4.0044
-3.99131
-3.9776
-3.96332
-3.94852
-3.93325
-3.91756
-3.90144
-3.88488
-4.11077
-4.11555
-4.122
-4.12855
-4.13452
-4.13989
-4.1447
-4.14899
-4.15278
-4.15613
-4.15908
-4.16168
-4.16398
-4.16601
-4.16776
-4.16923
-4.17037
-4.17113
-4.17146
-4.1713
-4.17059
-4.1693
-4.16741
-4.16491
-4.1618
-4.15807
-4.15372
-4.14875
-4.14315
-4.13691
-4.13002
-4.12248
-4.11427
-4.1054
-4.09588
-4.0857
-4.0749
-4.06348
-4.05148
-4.03894
-4.02589
-4.01239
-3.99849
-3.98422
-3.96954
-3.9544
-4.17699
-4.18132
-4.1871
-4.19298
-4.19836
-4.20321
-4.20756
-4.21142
-4.2148
-4.21771
-4.2202
-4.22231
-4.22406
-4.2255
-4.22664
-4.22749
-4.22803
-4.22825
-4.2281
-4.22753
-4.2265
-4.22498
-4.22293
-4.22034
-4.2172
-4.2135
-4.20925
-4.20444
-4.19906
-4.19313
-4.18661
-4.17952
-4.17185
-4.16359
-4.15475
-4.14533
-4.13536
-4.12484
-4.11381
-4.10229
-4.09033
-4.07797
-4.06527
-4.05223
-4.0388
-4.02493
-4.2445
-4.24843
-4.25364
-4.25893
-4.26377
-4.26815
-4.27208
-4.27554
-4.27852
-4.28104
-4.28311
-4.28476
-4.28602
-4.28692
-4.28751
-4.2878
-4.2878
-4.2875
-4.2869
-4.28595
-4.28463
-4.2829
-4.28074
-4.27811
-4.275
-4.2714
-4.2673
-4.26269
-4.25758
-4.25195
-4.24581
-4.23914
-4.23195
-4.22424
-4.21601
-4.20727
-4.19802
-4.18829
-4.1781
-4.16748
-4.15646
-4.14509
-4.1334
-4.12142
-4.10909
-4.09635
-4.31329
-4.31689
-4.32161
-4.32638
-4.33076
-4.33471
-4.33825
-4.34133
-4.34395
-4.3461
-4.34778
-4.34902
-4.34985
-4.35029
-4.35039
-4.35019
-4.3497
-4.34894
-4.34792
-4.34661
-4.34501
-4.34308
-4.3408
-4.33813
-4.33506
-4.33156
-4.32762
-4.32323
-4.31838
-4.31307
-4.30728
-4.30102
-4.29428
-4.28707
-4.27939
-4.27124
-4.26264
-4.25361
-4.24416
-4.23432
-4.22412
-4.2136
-4.2028
-4.19173
-4.18036
-4.16864
-4.3833
-4.38662
-4.39093
-4.39526
-4.39923
-4.4028
-4.40597
-4.4087
-4.41098
-4.41279
-4.41412
-4.415
-4.41545
-4.41551
-4.4152
-4.41458
-4.41368
-4.41252
-4.41112
-4.40948
-4.4076
-4.40546
-4.40304
-4.40031
-4.39724
-4.39382
-4.39002
-4.38582
-4.38121
-4.37619
-4.37073
-4.36485
-4.35853
-4.35178
-4.3446
-4.337
-4.32899
-4.32058
-4.3118
-4.30266
-4.2932
-4.28344
-4.27341
-4.26315
-4.25264
-4.24189
-4.45443
-4.45751
-4.46146
-4.46542
-4.46901
-4.47224
-4.47507
-4.47747
-4.47943
-4.48092
-4.48195
-4.48252
-4.48266
-4.48239
-4.48177
-4.48081
-4.47958
-4.47809
-4.47637
-4.47444
-4.47231
-4.46995
-4.46737
-4.46455
-4.46145
-4.45805
-4.45434
-4.45029
-4.44589
-4.44111
-4.43595
-4.43041
-4.42448
-4.41815
-4.41144
-4.40435
-4.39689
-4.38907
-4.3809
-4.37242
-4.36364
-4.35458
-4.34527
-4.33575
-4.32606
-4.31622
-4.52654
-4.5294
-4.53303
-4.53664
-4.5399
-4.5428
-4.54531
-4.54741
-4.54906
-4.55027
-4.55103
-4.55134
-4.55122
-4.55071
-4.54984
-4.54864
-4.54716
-4.54542
-4.54345
-4.54129
-4.53893
-4.53639
-4.53366
-4.53072
-4.52756
-4.52416
-4.5205
-4.51655
-4.5123
-4.50773
-4.50284
-4.4976
-4.49202
-4.48609
-4.47982
-4.47321
-4.46627
-4.459
-4.45143
-4.44357
-4.43544
-4.42706
-4.41844
-4.40965
-4.40075
-4.39178
-4.59949
-4.60214
-4.60547
-4.60876
-4.6117
-4.61429
-4.61649
-4.6183
-4.61968
-4.62063
-4.62115
-4.62125
-4.62093
-4.62023
-4.61918
-4.61782
-4.61616
-4.61425
-4.61212
-4.60979
-4.60728
-4.60459
-4.60174
-4.5987
-4.59548
-4.59206
-4.58843
-4.58455
-4.58043
-4.57604
-4.57137
-4.56641
-4.56115
-4.5556
-4.54974
-4.54359
-4.53714
-4.53042
-4.52342
-4.51617
-4.50867
-4.50095
-4.49303
-4.48495
-4.47683
-4.46871
-4.67319
-4.67563
-4.67867
-4.68164
-4.68428
-4.68656
-4.68847
-4.69
-4.69113
-4.69184
-4.69215
-4.69207
-4.69159
-4.69076
-4.6896
-4.68812
-4.68637
-4.68437
-4.68215
-4.67973
-4.67713
-4.67437
-4.67144
-4.66835
-4.6651
-4.66168
-4.65807
-4.65427
-4.65027
-4.64604
-4.64158
-4.63687
-4.63192
-4.62671
-4.62125
-4.61554
-4.60958
-4.60338
-4.59694
-4.59028
-4.58342
-4.57636
-4.56913
-4.56176
-4.55439
-4.54709
-4.74758
-4.74983
-4.75257
-4.75523
-4.75756
-4.75955
-4.76118
-4.76244
-4.76333
-4.76383
-4.76395
-4.76371
-4.76311
-4.76219
-4.76095
-4.75943
-4.75764
-4.75562
-4.75338
-4.75094
-4.74833
-4.74555
-4.74262
-4.73954
-4.73631
-4.73292
-4.72938
-4.72568
-4.7218
-4.71773
-4.71348
-4.70903
-4.70437
-4.6995
-4.69442
-4.68914
-4.68364
-4.67795
-4.67206
-4.66599
-4.65975
-4.65334
-4.64678
-4.64013
-4.6335
-4.62697
-4.82268
-4.82473
-4.82719
-4.82954
-4.83157
-4.83327
-4.83463
-4.83563
-4.83628
-4.83658
-4.83654
-4.83616
-4.83547
-4.83448
-4.83321
-4.83167
-4.8299
-4.8279
-4.8257
-4.82332
-4.82076
-4.81804
-4.81517
-4.81215
-4.809
-4.80571
-4.80228
-4.7987
-4.79498
-4.79111
-4.78708
-4.78288
-4.77852
-4.77399
-4.76929
-4.76442
-4.75938
-4.75418
-4.74883
-4.74332
-4.73768
-4.73191
-4.72602
-4.72005
-4.71412
-4.70831
-4.89851
-4.90038
-4.90257
-4.90463
-4.90637
-4.90779
-4.90888
-4.90964
-4.91007
-4.91018
-4.90997
-4.90948
-4.9087
-4.90767
-4.90639
-4.90487
-4.90314
-4.90122
-4.8991
-4.89681
-4.89436
-4.89175
-4.889
-4.88612
-4.8831
-4.87995
-4.87668
-4.87329
-4.86977
-4.86611
-4.86233
-4.85841
-4.85436
-4.85017
-4.84584
-4.84138
-4.83678
-4.83206
-4.82722
-4.82226
-4.8172
-4.81204
-4.80679
-4.80149
-4.79622
-4.79107
-4.97515
-4.97685
-4.97879
-4.98058
-4.98205
-4.98321
-4.98404
-4.98456
-4.98478
-4.98471
-4.98436
-4.98375
-4.98291
-4.98184
-4.98057
-4.97909
-4.97743
-4.97559
-4.97359
-4.97143
-4.96912
-4.96667
-4.96409
-4.96138
-4.95854
-4.9556
-4.95253
-4.94935
-4.94607
-4.94267
-4.93916
-4.93553
-4.9318
-4.92796
-4.92401
-4.91995
-4.91579
-4.91153
-4.90718
-4.90275
-4.89824
-4.89366
-4.88902
-4.88435
-4.8797
-4.87515
-5.05267
-5.05422
-5.05594
-5.05749
-5.05872
-5.05963
-5.06022
-5.06051
-5.06052
-5.06028
-5.05979
-5.05909
-5.05819
-5.0571
-5.05584
-5.05441
-5.05283
-5.0511
-5.04922
-5.04721
-5.04507
-5.0428
-5.04042
-5.03791
-5.0353
-5.03258
-5.02975
-5.02682
-5.0238
-5.02068
-5.01747
-5.01416
-5.01076
-5.00727
-5.0037
-5.00004
-4.9963
-4.99249
-4.98861
-4.98468
-4.98069
-4.97667
-4.97261
-4.96853
-4.96447
-4.96048
-5.13117
-5.13257
-5.13411
-5.13546
-5.13647
-5.13714
-5.1375
-5.13757
-5.13739
-5.13698
-5.13636
-5.13557
-5.13462
-5.13352
-5.13229
-5.13092
-5.12942
-5.1278
-5.12607
-5.12421
-5.12225
-5.12017
-5.11799
-5.11571
-5.11333
-5.11086
-5.10829
-5.10564
-5.10289
-5.10007
-5.09717
-5.09419
-5.09113
-5.088
-5.08479
-5.08153
-5.0782
-5.07481
-5.07139
-5.06793
-5.06444
-5.06094
-5.05743
-5.05391
-5.05041
-5.04696
-5.21074
-5.212
-5.2134
-5.21458
-5.21539
-5.21583
-5.21595
-5.2158
-5.21543
-5.21486
-5.21414
-5.21328
-5.21229
-5.21119
-5.20999
-5.20868
-5.20727
-5.20577
-5.20417
-5.20247
-5.20068
-5.1988
-5.19683
-5.19478
-5.19264
-5.19041
-5.18811
-5.18574
-5.18329
-5.18077
-5.17818
-5.17553
-5.17281
-5.17003
-5.1672
-5.16431
-5.16137
-5.15839
-5.15539
-5.15237
-5.14936
-5.14636
-5.14337
-5.1404
-5.13744
-5.13451
-5.29127
-5.29256
-5.29387
-5.29492
-5.29551
-5.29571
-5.29558
-5.29522
-5.29467
-5.29397
-5.29315
-5.29223
-5.29123
-5.29014
-5.28898
-5.28774
-5.28643
-5.28504
-5.28357
-5.28202
-5.2804
-5.27871
-5.27694
-5.27511
-5.2732
-5.27122
-5.26918
-5.26708
-5.26492
-5.26271
-5.26044
-5.25811
-5.25573
-5.2533
-5.25082
-5.24829
-5.24572
-5.24312
-5.2405
-5.2379
-5.23533
-5.23281
-5.23034
-5.2279
-5.22548
-5.22306
-5.37242
-5.37431
-5.37567
-5.37657
-5.3769
-5.37679
-5.37639
-5.37581
-5.3751
-5.37429
-5.3734
-5.37246
-5.37146
-5.3704
-5.36929
-5.36813
-5.3669
-5.36562
-5.36428
-5.36287
-5.36141
-5.35989
-5.35832
-5.35669
-5.355
-5.35327
-5.35148
-5.34965
-5.34777
-5.34585
-5.34389
-5.34188
-5.33983
-5.33774
-5.33559
-5.33341
-5.33117
-5.3289
-5.32662
-5.32437
-5.32222
-5.32018
-5.31823
-5.31633
-5.31445
-5.31257
-5.45447
-5.45755
-5.459
-5.45961
-5.45951
-5.45901
-5.45832
-5.45752
-5.45668
-5.4558
-5.45489
-5.45395
-5.45298
-5.45197
-5.45092
-5.44983
-5.44869
-5.44751
-5.44628
-5.44501
-5.44369
-5.44233
-5.44094
-5.4395
-5.43802
-5.43651
-5.43497
-5.4334
-5.43179
-5.43016
-5.4285
-5.42681
-5.42508
-5.42331
-5.42149
-5.41962
-5.41769
-5.4157
-5.41366
-5.41168
-5.4099
-5.40838
-5.40699
-5.40566
-5.40435
-5.40302
-5.53955
-5.54347
-5.54464
-5.5441
-5.54316
-5.5422
-5.54126
-5.54034
-5.53945
-5.53857
-5.53768
-5.53678
-5.53585
-5.53489
-5.5339
-5.53288
-5.53183
-5.53074
-5.52961
-5.52846
-5.52727
-5.52606
-5.52482
-5.52356
-5.52228
-5.52098
-5.51967
-5.51834
-5.517
-5.51565
-5.51428
-5.5129
-5.5115
-5.51006
-5.50857
-5.50701
-5.50537
-5.50359
-5.50163
-5.49962
-5.49814
-5.49726
-5.49656
-5.49588
-5.49517
-5.49442
-5.62523
-5.63762
-5.63679
-5.63117
-5.62797
-5.62641
-5.62536
-5.62444
-5.6236
-5.62277
-5.62194
-5.62109
-5.62021
-5.61931
-5.61838
-5.61742
-5.61643
-5.61542
-5.61438
-5.61333
-5.61226
-5.61118
-5.61008
-5.60899
-5.60788
-5.60678
-5.60568
-5.60459
-5.60351
-5.60243
-5.60136
-5.6003
-5.59923
-5.59815
-5.59702
-5.59581
-5.59446
-5.59276
-5.59027
-5.58694
-5.5856
-5.58593
-5.58639
-5.5866
-5.58666
-5.58661
-5.68188
-5.74901
-5.73671
-5.72011
-5.71386
-5.71138
-5.70987
-5.70874
-5.70779
-5.70693
-5.70609
-5.70524
-5.70438
-5.70351
-5.70262
-5.70171
-5.70078
-5.69985
-5.69891
-5.69797
-5.69702
-5.69608
-5.69515
-5.69424
-5.69334
-5.69246
-5.6916
-5.69077
-5.68997
-5.6892
-5.68846
-5.68774
-5.68703
-5.6863
-5.68551
-5.68456
-5.6833
-5.6813
-5.67745
-5.6708
-5.66963
-5.67352
-5.6762
-5.67773
-5.67877
-5.67955
-54.2445
-8.16835
-1.69987
-1.70982
-15.6355
-5.86883
-1.43809
-0.355009
114.533
1.79669
-0.857114
-0.288346
159.041
8.23238
-2.13347
-0.275654
114.162
8.53666
-5.80134
-0.44951
51.6113
-3.33148
-17.0537
-2.48813
-6.81282
-28.2678
-32.1533
-7.5554
-59.8574
-62.6578
-51.9489
-18.0936
-101.717
-95.1022
-74.251
-33.3301
-128.446
-118.392
-93.3065
-50.4199
-140.595
-130.961
-105.694
-63.4857
-136.364
-134.499
-111.391
-71.0493
-121.837
-132.914
-111.236
-72.7051
-95.0324
-125.438
-105.917
-68.9562
-56.2112
-112.063
-95.8381
-59.8157
-37.7122
-98.0527
-80.5829
-44.8508
-31.2327
-82.4806
-60.6818
-24.584
-27.9822
-67.3196
-44.3818
-9.5456
-23.604
-48.9867
-31.4386
-5.41079
-14.8586
-29.2105
-14.6585
0.371604
-7.60646
-17.0627
-10.6786
-0.633024
-5.83536
-8.45775
-10.1475
-7.08482
-4.8622
-3.20582
-6.70277
-11.4163
-4.40981
-4.12839
-3.33551
-9.20306
-4.24835
-3.87605
-3.89743
-5.41308
-4.07946
-3.71927
-3.19796
-3.06986
-3.76005
-3.46952
-2.95903
-2.17408
-3.40821
-3.11958
-2.66301
-2.02532
-3.14161
-2.8359
-2.42892
-1.94512
-2.97755
-2.6916
-2.34777
-1.97825
-2.88521
-2.63785
-2.35857
-2.07124
-2.84005
-2.6293
-2.40191
-2.17364
-2.82685
-2.64761
-2.45967
-2.27379
-2.83462
-2.68192
-2.52468
-2.37028
-2.85552
-2.72474
-2.59166
-2.46138
-2.88471
-2.77195
-2.65803
-2.54665
-2.91963
-2.82165
-2.72313
-2.62685
-2.95868
-2.87291
-2.78697
-2.70302
-3.00089
-2.92535
-2.84987
-2.77616
-3.04572
-2.97887
-2.91221
-2.84704
-3.09279
-3.03338
-2.97416
-2.91611
-3.14174
-3.08872
-3.0358
-2.98377
-3.19238
-3.14484
-3.09733
-3.05056
-3.2447
-3.20194
-3.1592
-3.11713
-3.29886
-3.26034
-3.22189
-3.18407
-3.35499
-3.32029
-3.28568
-3.25162
-3.41307
-3.3818
-3.3506
-3.3198
-3.473
-3.44477
-3.41654
-3.38857
-3.53468
-3.5091
-3.48345
-3.45797
-3.5981
-3.57482
-3.55144
-3.52819
-3.66325
-3.642
-3.62064
-3.5994
-3.73011
-3.71066
-3.69112
-3.6717
-3.79855
-3.7807
-3.76279
-3.745
-3.86832
-3.85193
-3.83548
-3.81912
-3.93919
-3.92411
-3.90895
-3.89387
-4.01095
-3.99706
-3.98308
-3.96916
-4.0835
-4.07071
-4.05784
-4.04502
-4.15685
-4.14512
-4.13332
-4.12157
-4.23111
-4.22043
-4.20968
-4.19898
-4.30644
-4.29678
-4.28707
-4.27741
-4.38297
-4.3743
-4.36561
-4.35695
-4.46082
-4.4531
-4.44536
-4.43764
-4.54006
-4.53321
-4.52635
-4.5195
-4.62071
-4.61465
-4.60857
-4.6025
-4.70275
-4.69738
-4.692
-4.68661
-4.78613
-4.78137
-4.77659
-4.77181
-4.87079
-4.86656
-4.86233
-4.85809
-4.95663
-4.9529
-4.94917
-4.94543
-5.04361
-5.04035
-5.03709
-5.03383
-5.13165
-5.12885
-5.12605
-5.12326
-5.22069
-5.21837
-5.21604
-5.21371
-5.31071
-5.30887
-5.30702
-5.30518
-5.40169
-5.40035
-5.399
-5.39764
-5.49364
-5.49282
-5.49197
-5.49109
-5.58646
-5.58622
-5.58592
-5.58556
-5.6801
-5.68051
-5.68081
-5.68103
-0.169098
0.229787
0.332779
0.387724
0.41794
0.43481
0.443202
0.445912
0.44471
0.44088
0.435332
0.42857
0.420876
0.412712
0.404633
0.396818
0.389051
0.381248
0.373616
0.366368
0.359503
0.35289
0.346428
0.3401
0.333935
0.327976
0.322272
0.316889
0.311928
0.307496
0.303671
0.300464
0.29781
0.295593
0.2937
0.292065
0.290688
0.289642
0.289054
0.289002
-0.0884811
0.0793979
0.222032
0.304232
0.350434
0.376499
0.390046
0.395406
0.39539
0.391961
0.386434
0.379508
0.371536
0.363008
0.354531
0.346346
0.338278
0.330213
0.322293
0.314709
0.307527
0.300717
0.294228
0.28801
0.282028
0.276276
0.270787
0.265625
0.260871
0.256607
0.252888
0.249729
0.247089
0.244886
0.24303
0.24146
0.240169
0.239211
0.238692
0.238671
-0.116549
-0.013793
0.128129
0.226262
0.285797
0.32003
0.338056
0.345536
0.346263
0.342877
0.337102
0.329829
0.321464
0.3125
0.303562
0.294935
0.286516
0.278199
0.270046
0.262175
0.254691
0.247678
0.241169
0.235102
0.22937
0.223898
0.218683
0.213776
0.209244
0.205144
0.201519
0.198388
0.19574
0.193527
0.191687
0.190169
0.188957
0.188086
0.187639
0.187653
-0.0738333
-0.0800139
0.0499645
0.159186
0.228253
0.267864
0.288452
0.296817
0.297488
0.293618
0.287241
0.279391
0.270508
0.261058
0.25163
0.242516
0.233695
0.225121
0.216802
0.208755
0.201068
0.193908
0.1874
0.181499
0.176041
0.170879
0.165962
0.161319
0.157003
0.153057
0.149514
0.1464
0.143731
0.141494
0.139657
0.138181
0.137043
0.136259
0.135887
0.13594
-0.143505
-0.107425
0.0151035
0.117128
0.184575
0.223281
0.242698
0.249789
0.249192
0.244141
0.236753
0.228091
0.218585
0.208651
0.198769
0.189168
0.179905
0.171045
0.162596
0.154475
0.146705
0.13949
0.133025
0.127296
0.122104
0.11724
0.112607
0.108212
0.104096
0.100291
0.0968224
0.0937228
0.0910287
0.0887634
0.0869247
0.0854865
0.0844197
0.0837217
0.0834259
0.0835239
-0.00905604
-0.0859706
0.0502149
0.117903
0.162935
0.189637
0.202054
0.204781
0.201316
0.194279
0.185469
0.17579
0.165592
0.15522
0.144993
0.135008
0.125346
0.116196
0.107613
0.099456
0.0916771
0.0844819
0.0781032
0.0725462
0.0675895
0.0629807
0.0585891
0.0544062
0.0504655
0.0467895
0.0433938
0.0403127
0.037602
0.0353153
0.0334783
0.0320777
0.0310798
0.0304667
0.0302494
0.0303975
-0.193833
0.115594
0.107848
0.159533
0.167029
0.16862
0.166798
0.161502
0.153405
0.143604
0.133047
0.122218
0.111305
0.100568
0.0901622
0.0800075
0.0701297
0.060783
0.0520822
0.0438826
0.0361086
0.0289572
0.0226758
0.0172706
0.0124999
0.00808442
0.00387624
-0.000139421
-0.00393435
-0.00749613
-0.0108196
-0.0138714
-0.0165818
-0.0188729
-0.0206971
-0.0220555
-0.0229841
-0.0235126
-0.0236486
-0.0234455
-1.054
0.290722
0.213859
0.230859
0.192633
0.15868
0.135577
0.118709
0.104436
0.0913386
0.0789401
0.0670019
0.0554482
0.0444412
0.0340115
0.0239244
0.0141097
0.00479528
-0.00389944
-0.012107
-0.0198803
-0.027003
-0.0332175
-0.0385229
-0.043177
-0.0474725
-0.0515621
-0.0554603
-0.0591422
-0.0626048
-0.0658541
-0.0688607
-0.071548
-0.0738214
-0.0756167
-0.0769245
-0.0777806
-0.078223
-0.0782749
-0.0780121
-3.18718
0.161895
0.370165
0.324213
0.23029
0.154513
0.105013
0.0740653
0.0527801
0.0363934
0.0224606
0.00975367
-0.00217895
-0.0133015
-0.0236475
-0.0335031
-0.0429971
-0.0519923
-0.0604508
-0.0685317
-0.0762566
-0.0833585
-0.0895511
-0.0948276
-0.0994489
-0.103707
-0.107749
-0.111584
-0.115186
-0.118563
-0.121733
-0.124676
-0.127315
-0.129547
-0.131294
-0.13254
-0.133318
-0.133672
-0.133637
-0.133311
-6.80815
-0.00757181
0.599035
0.440139
0.267487
0.146455
0.0697943
0.0242143
-0.00367129
-0.0225246
-0.0371529
-0.0499116
-0.0616954
-0.0726309
-0.0827697
-0.0923174
-0.10135
-0.109806
-0.117797
-0.125565
-0.133126
-0.140163
-0.146349
-0.151656
-0.156326
-0.160632
-0.164699
-0.168524
-0.172079
-0.175383
-0.17847
-0.181331
-0.183898
-0.186063
-0.187743
-0.188913
-0.189606
-0.189868
-0.189744
-0.189351
-10.6879
-0.0978008
0.842568
0.548098
0.282021
0.120015
0.0221649
-0.034936
-0.0672005
-0.0867261
-0.100678
-0.112456
-0.123315
-0.133537
-0.14319
-0.152323
-0.160846
-0.168692
-0.176094
-0.183405
-0.190667
-0.197548
-0.203696
-0.209057
-0.213837
-0.218261
-0.222417
-0.226278
-0.229816
-0.233061
-0.236063
-0.238831
-0.241305
-0.243382
-0.244974
-0.246054
-0.246655
-0.246822
-0.246605
-0.246143
-13.6265
-0.203695
0.856086
0.538444
0.245983
0.0641955
-0.0453348
-0.10743
-0.139805
-0.157288
-0.168766
-0.178318
-0.187335
-0.196162
-0.204878
-0.213362
-0.221302
-0.228541
-0.235353
-0.242155
-0.249027
-0.255658
-0.26171
-0.267115
-0.272031
-0.276617
-0.280904
-0.284836
-0.288381
-0.291581
-0.294503
-0.297173
-0.299541
-0.301511
-0.302998
-0.303976
-0.304476
-0.304544
-0.304233
-0.303699
-15.3174
-0.63634
0.603064
0.404545
0.155925
-0.0278497
-0.137503
-0.195837
-0.222745
-0.234709
-0.241555
-0.247526
-0.253827
-0.260655
-0.267974
-0.275486
-0.282676
-0.289276
-0.295528
-0.301837
-0.308287
-0.314608
-0.320508
-0.325926
-0.330971
-0.335729
-0.340165
-0.344187
-0.347758
-0.350927
-0.353777
-0.356348
-0.358603
-0.360454
-0.361823
-0.362688
-0.363082
-0.363048
-0.36264
-0.362031
-15.109
-0.997192
0.362616
0.234854
0.0107657
-0.158676
-0.254215
-0.299878
-0.315501
-0.318381
-0.318428
-0.319516
-0.322385
-0.326824
-0.332472
-0.338766
-0.345029
-0.35092
-0.35662
-0.362462
-0.368493
-0.374475
-0.380181
-0.385572
-0.390719
-0.395632
-0.40021
-0.404325
-0.40793
-0.411081
-0.413869
-0.416346
-0.418486
-0.420213
-0.421457
-0.422202
-0.422485
-0.422344
-0.421837
-0.421152
-12.633
-1.06824
0.0904928
0.00141252
-0.192056
-0.320173
-0.389811
-0.415951
-0.415728
-0.406667
-0.398188
-0.39336
-0.392258
-0.394101
-0.398009
-0.403035
-0.408326
-0.413492
-0.418656
-0.424052
-0.429672
-0.435305
-0.440791
-0.446121
-0.451332
-0.456365
-0.461057
-0.46525
-0.468887
-0.472024
-0.474761
-0.477154
-0.479186
-0.480789
-0.481905
-0.482527
-0.482695
-0.482445
-0.481838
-0.481077
-8.32557
-1.01911
-0.297289
-0.319004
-0.424814
-0.496391
-0.534787
-0.537718
-0.519524
-0.497165
-0.47929
-0.468017
-0.462671
-0.46184
-0.464052
-0.46791
-0.472342
-0.476889
-0.481598
-0.4866
-0.491833
-0.497123
-0.50238
-0.507625
-0.51286
-0.517966
-0.52273
-0.52697
-0.530623
-0.533747
-0.536442
-0.538764
-0.540696
-0.542181
-0.543172
-0.54367
-0.543722
-0.543364
-0.542656
-0.541821
-3.07586
-0.891804
-0.672322
-0.643941
-0.655268
-0.672014
-0.67725
-0.657541
-0.622102
-0.586867
-0.559893
-0.542381
-0.532931
-0.529536
-0.530171
-0.533019
-0.536792
-0.540917
-0.545326
-0.550033
-0.554939
-0.559924
-0.564968
-0.570117
-0.575341
-0.580468
-0.585251
-0.589495
-0.593141
-0.596249
-0.598909
-0.601171
-0.603017
-0.604392
-0.605262
-0.605639
-0.605577
-0.605112
-0.604307
-0.603398
-0.336107
-1.01944
-0.91667
-0.892025
-0.858524
-0.828712
-0.806349
-0.769069
-0.719338
-0.672889
-0.638014
-0.615196
-0.602297
-0.596754
-0.596077
-0.598136
-0.601478
-0.605405
-0.609698
-0.614245
-0.618923
-0.623676
-0.628553
-0.633614
-0.638797
-0.643894
-0.648639
-0.652843
-0.656457
-0.659538
-0.662167
-0.664379
-0.666148
-0.667424
-0.66818
-0.668443
-0.668271
-0.667703
-0.666804
-0.665823
-0.675318
-0.927805
-0.933696
-1.01956
-0.9904
-0.949741
-0.91694
-0.868746
-0.808494
-0.753148
-0.712009
-0.685249
-0.669968
-0.663014
-0.661508
-0.663119
-0.666305
-0.670263
-0.674617
-0.679143
-0.683712
-0.688334
-0.693113
-0.698111
-0.703238
-0.70826
-0.712915
-0.717036
-0.720589
-0.723631
-0.726228
-0.728395
-0.730096
-0.731281
-0.731934
-0.73209
-0.731815
-0.73115
-0.730161
-0.729113
2.73782
0.666993
-0.519442
-0.960074
-1.0334
-1.03771
-1.01223
-0.957124
-0.888469
-0.826206
-0.780617
-0.751542
-0.735219
-0.727843
-0.726197
-0.727847
-0.731227
-0.735456
-0.740036
-0.744671
-0.749254
-0.753857
-0.75862
-0.763593
-0.768658
-0.773573
-0.778099
-0.7821
-0.785565
-0.788552
-0.79111
-0.793233
-0.79487
-0.795974
-0.796533
-0.796591
-0.796221
-0.795466
-0.794393
-0.793281
7.72747
3.92998
0.0274201
-0.98685
-1.1384
-1.15269
-1.11038
-1.03757
-0.958269
-0.890373
-0.842536
-0.813222
-0.797507
-0.790914
-0.789979
-0.792266
-0.796242
-0.800992
-0.80595
-0.810814
-0.815529
-0.820225
-0.825057
-0.830048
-0.835055
-0.839842
-0.844205
-0.848055
-0.851409
-0.854326
-0.856835
-0.85891
-0.860486
-0.861513
-0.861986
-0.861955
-0.861499
-0.860663
-0.859513
-0.858343
1.68959
6.84109
0.30212
-1.15007
-1.36886
-1.32643
-1.21739
-1.10636
-1.01312
-0.942578
-0.896145
-0.869523
-0.856528
-0.852153
-0.852894
-0.856464
-0.861443
-0.86694
-0.872408
-0.877603
-0.882556
-0.887448
-0.892423
-0.89747
-0.902424
-0.907067
-0.911246
-0.914924
-0.91815
-0.920981
-0.92343
-0.925448
-0.926961
-0.927914
-0.928306
-0.928194
-0.927662
-0.926753
-0.925534
-0.92431
-10.123
-1.85131
1.19173
-0.481292
-1.42331
-1.46846
-1.29753
-1.14574
-1.04461
-0.979214
-0.940177
-0.920186
-0.912412
-0.911829
-0.91524
-0.920709
-0.927037
-0.933456
-0.939525
-0.94513
-0.950407
-0.955571
-0.960742
-0.965865
-0.970761
-0.975248
-0.979231
-0.982727
-0.985813
-0.988547
-0.990922
-0.992872
-0.994314
-0.99519
-0.995505
-0.99532
-0.994721
-0.993747
-0.992468
-0.991198
-14.5434
-11.0842
-2.25658
-0.160766
-1.3045
-1.49901
-1.30361
-1.13831
-1.0472
-0.999248
-0.975264
-0.966269
-0.966151
-0.970753
-0.97765
-0.985471
-0.993365
-1.00078
-1.00749
-1.01355
-1.0192
-1.02467
-1.03005
-1.03524
-1.04007
-1.04439
-1.04817
-1.05148
-1.05443
-1.05705
-1.05934
-1.0612
-1.06256
-1.06336
-1.0636
-1.06334
-1.06269
-1.06166
-1.06033
-1.05902
-7.81836
-7.23888
-4.17472
-1.42474
-1.17736
-1.27319
-1.17884
-1.07335
-1.0235
-1.00734
-1.00547
-1.01083
-1.0199
-1.03041
-1.04114
-1.05144
-1.06089
-1.06925
-1.07655
-1.08305
-1.08907
-1.09484
-1.1004
-1.10562
-1.11035
-1.1145
-1.11808
-1.12122
-1.12401
-1.12652
-1.1287
-1.13046
-1.13173
-1.13243
-1.13259
-1.13228
-1.13157
-1.13049
-1.12912
-1.12777
-2.6736
-2.41838
-1.87034
-1.0273
-0.648379
-0.790002
-0.935347
-0.97286
-0.993993
-1.01706
-1.03892
-1.05873
-1.07663
-1.09265
-1.10686
-1.11933
-1.13008
-1.1392
-1.14698
-1.15384
-1.16017
-1.16617
-1.17184
-1.17704
-1.18163
-1.18559
-1.18898
-1.19194
-1.19459
-1.19697
-1.19902
-1.20067
-1.20182
-1.20243
-1.20251
-1.20213
-1.20138
-1.20026
-1.19885
-1.19748
-1.38045
-1.028
-0.898097
-0.722098
-0.548033
-0.596153
-0.798785
-0.926779
-0.997283
-1.04679
-1.08492
-1.11492
-1.13914
-1.15914
-1.17584
-1.1898
-1.20136
-1.21093
-1.21901
-1.22612
-1.23265
-1.23877
-1.24444
-1.24952
-1.25393
-1.25768
-1.26088
-1.26368
-1.26618
-1.26842
-1.27033
-1.27184
-1.27285
-1.27335
-1.27335
-1.27291
-1.27212
-1.27097
-1.26953
-1.26815
-1.3619
-0.974405
-0.803058
-0.706317
-0.679215
-0.742872
-0.86857
-0.974535
-1.04852
-1.10443
-1.14799
-1.18207
-1.20912
-1.23095
-1.24875
-1.26327
-1.27506
-1.28472
-1.29287
-1.30005
-1.30662
-1.3127
-1.31823
-1.3231
-1.32727
-1.3308
-1.33381
-1.33645
-1.3388
-1.34088
-1.34263
-1.34397
-1.34484
-1.34521
-1.34512
-1.34463
-1.34379
-1.34262
-1.34117
-1.33978
-1.47911
-1.1613
-0.995243
-0.913323
-0.893148
-0.929837
-1.00016
-1.07271
-1.13453
-1.18557
-1.22698
-1.26016
-1.28681
-1.30836
-1.32583
-1.33996
-1.35138
-1.36076
-1.36872
-1.37576
-1.38216
-1.38801
-1.39324
-1.3978
-1.40168
-1.40497
-1.40779
-1.41026
-1.41245
-1.41435
-1.41592
-1.41707
-1.41778
-1.41802
-1.41783
-1.41728
-1.41642
-1.41523
-1.41377
-1.41238
-1.63424
-1.38079
-1.22652
-1.13956
-1.10336
-1.11083
-1.14829
-1.19598
-1.24234
-1.28357
-1.3186
-1.34764
-1.37149
-1.39101
-1.40693
-1.41985
-1.43038
-1.43913
-1.44663
-1.45328
-1.45929
-1.46471
-1.46951
-1.47366
-1.4772
-1.48022
-1.48284
-1.48513
-1.48714
-1.48884
-1.49019
-1.49115
-1.49167
-1.49177
-1.49149
-1.49088
-1.48998
-1.48878
-1.48733
-1.48595
-1.80103
-1.58781
-1.44261
-1.35109
-1.30272
-1.29102
-1.30527
-1.33226
-1.36289
-1.39259
-1.41931
-1.44239
-1.46189
-1.47818
-1.49165
-1.50276
-1.51199
-1.5198
-1.52658
-1.5326
-1.53799
-1.54279
-1.54701
-1.55067
-1.55383
-1.55657
-1.55897
-1.56106
-1.56286
-1.56434
-1.56546
-1.56618
-1.56651
-1.56646
-1.56608
-1.56541
-1.56449
-1.56328
-1.56184
-1.56047
-1.95528
-1.77299
-1.63887
-1.54716
-1.49169
-1.46631
-1.46309
-1.47313
-1.48949
-1.50785
-1.52581
-1.54219
-1.55658
-1.56894
-1.57946
-1.58839
-1.59602
-1.60264
-1.60845
-1.6136
-1.61818
-1.62221
-1.62576
-1.62887
-1.63161
-1.63403
-1.63617
-1.63803
-1.63959
-1.64082
-1.64168
-1.64217
-1.6423
-1.6421
-1.64161
-1.64088
-1.63993
-1.63873
-1.6373
-1.63596
-2.09401
-1.93763
-1.81603
-1.72714
-1.66748
-1.63247
-1.61642
-1.61318
-1.61751
-1.6257
-1.63534
-1.64506
-1.65417
-1.66241
-1.66977
-1.67632
-1.68215
-1.68736
-1.69199
-1.6961
-1.69973
-1.70292
-1.70575
-1.70827
-1.71055
-1.7126
-1.71443
-1.716
-1.71728
-1.71823
-1.71882
-1.71908
-1.71901
-1.71866
-1.71808
-1.7173
-1.71632
-1.71512
-1.71372
-1.71241
-2.21965
-2.08462
-1.97501
-1.89043
-1.82902
-1.78773
-1.76259
-1.74931
-1.74397
-1.74351
-1.74577
-1.74937
-1.75351
-1.75778
-1.76202
-1.76611
-1.77
-1.77362
-1.77693
-1.77988
-1.78251
-1.78484
-1.78695
-1.78888
-1.79065
-1.79228
-1.79371
-1.79493
-1.79587
-1.79651
-1.79683
-1.79686
-1.79662
-1.79615
-1.79549
-1.79467
-1.79367
-1.79247
-1.79109
-1.78981
-2.33337
-2.21589
-2.11723
-2.03773
-1.97652
-1.93165
-1.90044
-1.87988
-1.86708
-1.85963
-1.85568
-1.85397
-1.8537
-1.85436
-1.85565
-1.85732
-1.8592
-1.86114
-1.86302
-1.86478
-1.8664
-1.8679
-1.86931
-1.87063
-1.87187
-1.873
-1.87398
-1.87476
-1.87532
-1.87563
-1.87568
-1.8755
-1.87511
-1.87454
-1.87382
-1.87296
-1.87196
-1.87076
-1.8694
-1.86816
-2.43657
-2.33368
-2.24488
-2.17083
-2.11118
-2.06478
-2.02984
-2.00427
-1.98599
-1.97313
-1.96421
-1.95813
-1.9541
-1.95157
-1.95015
-1.94952
-1.94943
-1.94969
-1.95015
-1.95072
-1.95135
-1.95203
-1.95273
-1.95343
-1.9541
-1.95469
-1.95517
-1.95549
-1.95565
-1.95561
-1.9554
-1.95502
-1.95449
-1.95383
-1.95305
-1.95216
-1.95115
-1.94996
-1.94863
-1.94742
-2.53126
-2.44061
-2.36064
-2.29202
-2.23479
-2.18826
-2.15133
-2.12256
-2.10047
-2.08366
-2.07094
-2.06136
-2.05421
-2.04893
-2.04509
-2.04234
-2.04041
-2.03907
-2.03818
-2.03761
-2.03729
-2.03715
-2.03713
-2.03718
-2.03724
-2.03727
-2.03722
-2.03708
-2.03683
-2.03646
-2.03598
-2.03541
-2.03474
-2.03399
-2.03316
-2.03224
-2.03121
-2.03004
-2.02874
-2.02758
-2.61935
-2.53905
-2.46686
-2.40344
-2.34904
-2.30337
-2.26574
-2.23519
-2.21068
-2.19113
-2.17561
-2.16333
-2.15365
-2.14604
-2.1401
-2.13546
-2.13187
-2.1291
-2.12697
-2.12534
-2.12411
-2.12316
-2.12241
-2.12178
-2.12121
-2.12066
-2.12008
-2.11948
-2.11883
-2.11815
-2.11743
-2.11667
-2.11587
-2.11502
-2.11412
-2.11317
-2.11213
-2.11097
-2.10971
-2.10859
-2.70238
-2.63079
-2.56539
-2.50683
-2.45551
-2.41139
-2.37404
-2.34281
-2.31694
-2.29563
-2.27814
-2.26382
-2.25213
-2.24262
-2.2349
-2.22866
-2.22363
-2.2196
-2.21637
-2.21378
-2.21167
-2.20993
-2.20844
-2.20712
-2.20592
-2.20478
-2.20369
-2.20264
-2.20163
-2.20065
-2.1997
-2.19877
-2.19783
-2.19689
-2.19593
-2.19493
-2.19387
-2.19272
-2.19151
-2.19044
-2.78146
-2.71719
-2.65777
-2.60377
-2.5557
-2.5136
-2.47723
-2.44611
-2.41968
-2.39733
-2.37851
-2.36271
-2.34949
-2.33847
-2.32933
-2.32178
-2.31557
-2.31047
-2.30627
-2.30279
-2.29986
-2.29733
-2.29511
-2.29311
-2.29127
-2.28957
-2.288
-2.28654
-2.2852
-2.28395
-2.28278
-2.28168
-2.28062
-2.27958
-2.27854
-2.2775
-2.27642
-2.27529
-2.27411
-2.27311
-2.8574
-2.79944
-2.74537
-2.69573
-2.65098
-2.6112
-2.57624
-2.54573
-2.51927
-2.49643
-2.47678
-2.45997
-2.44565
-2.43353
-2.42331
-2.41475
-2.40759
-2.40159
-2.39654
-2.39224
-2.38852
-2.38524
-2.3823
-2.37963
-2.3772
-2.37499
-2.37297
-2.37114
-2.3695
-2.36801
-2.36665
-2.36539
-2.3642
-2.36306
-2.36195
-2.36085
-2.35976
-2.35863
-2.3575
-2.35655
-2.93097
-2.8786
-2.82946
-2.78398
-2.74253
-2.70517
-2.67181
-2.64221
-2.61608
-2.59313
-2.57308
-2.55568
-2.54067
-2.52781
-2.51685
-2.50753
-2.49961
-2.49286
-2.48705
-2.48198
-2.47751
-2.47351
-2.4699
-2.46662
-2.46365
-2.46097
-2.45857
-2.45642
-2.45451
-2.45281
-2.45127
-2.44985
-2.44854
-2.4473
-2.44611
-2.44496
-2.44384
-2.44273
-2.44165
-2.44076
-3.00302
-2.95573
-2.91114
-2.86954
-2.83122
-2.79623
-2.76452
-2.73597
-2.71042
-2.68769
-2.66762
-2.65001
-2.63467
-2.62139
-2.60994
-2.60008
-2.59156
-2.58415
-2.57765
-2.57189
-2.56672
-2.56206
-2.55783
-2.55401
-2.55057
-2.5475
-2.54477
-2.54235
-2.54022
-2.53832
-2.53661
-2.53506
-2.53362
-2.53227
-2.531
-2.5298
-2.52866
-2.52756
-2.52652
-2.52569
-3.07436
-3.03167
-2.99118
-2.9531
-2.91764
-2.88488
-2.85482
-2.82744
-2.80268
-2.78046
-2.76067
-2.74318
-2.7278
-2.71436
-2.70261
-2.69235
-2.68333
-2.67535
-2.66823
-2.66183
-2.65604
-2.65079
-2.64605
-2.64177
-2.63795
-2.63455
-2.63156
-2.62892
-2.6266
-2.62453
-2.62266
-2.62096
-2.6194
-2.61794
-2.61659
-2.61533
-2.61417
-2.61309
-2.6121
-2.61133
-3.14555
-3.10692
-3.07005
-3.03508
-3.0022
-2.97152
-2.94312
-2.91703
-2.89326
-2.8718
-2.85255
-2.8354
-2.8202
-2.80675
-2.79484
-2.78426
-2.77482
-2.76634
-2.75867
-2.75172
-2.7454
-2.73968
-2.73451
-2.72988
-2.72577
-2.72213
-2.71893
-2.71612
-2.71362
-2.71139
-2.70938
-2.70754
-2.70585
-2.70428
-2.70285
-2.70154
-2.70036
-2.6993
-2.69836
-2.69765
-3.21681
-3.18173
-3.148
-3.11578
-3.08525
-3.05658
-3.02986
-3.00519
-2.98259
-2.96206
-2.94352
-2.92686
-2.91194
-2.89856
-2.88655
-2.87573
-2.86593
-2.85702
-2.84891
-2.84151
-2.83479
-2.82871
-2.82324
-2.81836
-2.81404
-2.81023
-2.80687
-2.80391
-2.80126
-2.79889
-2.79673
-2.79475
-2.79293
-2.79127
-2.78976
-2.7884
-2.78721
-2.78616
-2.78527
-2.78463
-3.28821
-3.25618
-3.22524
-3.19551
-3.16721
-3.1405
-3.11553
-3.09236
-3.07103
-3.05152
-3.03376
-3.01765
-3.00303
-2.98977
-2.97769
-2.96668
-2.9566
-2.94737
-2.93892
-2.93122
-2.92422
-2.91791
-2.91226
-2.90723
-2.90278
-2.89885
-2.89537
-2.89227
-2.88949
-2.88697
-2.88467
-2.88256
-2.88063
-2.87887
-2.87728
-2.87589
-2.87468
-2.87366
-2.87282
-2.87224
-3.35977
-3.33047
-3.30204
-3.27465
-3.2485
-3.22375
-3.20051
-3.17886
-3.15881
-3.14033
-3.12334
-3.10776
-3.09345
-3.0803
-3.06821
-3.05707
-3.04682
-3.03739
-3.02875
-3.02088
-3.01375
-3.00734
-3.0016
-2.9965
-2.99198
-2.98797
-2.98439
-2.98118
-2.97827
-2.97561
-2.97318
-2.97094
-2.9689
-2.96705
-2.96541
-2.96398
-2.96277
-2.96178
-2.961
-2.96048
-3.43167
-3.40485
-3.37878
-3.35361
-3.32953
-3.30666
-3.28511
-3.26491
-3.24606
-3.22853
-3.21226
-3.19716
-3.18315
-3.17016
-3.15811
-3.14696
-3.13665
-3.12717
-3.11849
-3.11059
-3.10346
-3.09705
-3.09131
-3.0862
-3.08165
-3.07758
-3.07391
-3.07059
-3.06756
-3.06477
-3.06221
-3.05986
-3.05772
-3.0558
-3.05411
-3.05266
-3.05146
-3.0505
-3.04977
-3.04931
-3.50417
-3.47964
-3.45578
-3.43269
-3.41054
-3.38943
-3.36943
-3.35054
-3.33278
-3.3161
-3.30047
-3.28584
-3.27216
-3.25938
-3.24748
-3.23643
-3.22622
-3.21683
-3.20825
-3.20045
-3.19342
-3.18709
-3.18141
-3.17633
-3.17176
-3.16764
-3.1639
-3.16048
-3.15733
-3.15442
-3.15175
-3.14929
-3.14707
-3.1451
-3.14338
-3.14192
-3.14073
-3.13981
-3.13914
-3.13874
-3.57746
-3.55505
-3.53321
-3.51203
-3.49163
-3.47209
-3.45345
-3.43573
-3.41892
-3.40302
-3.388
-3.37385
-3.36055
-3.34809
-3.33646
-3.32566
-3.31568
-3.30652
-3.29815
-3.29056
-3.28369
-3.27749
-3.27191
-3.26686
-3.26229
-3.25813
-3.25431
-3.25079
-3.24754
-3.24453
-3.24175
-3.23922
-3.23694
-3.23493
-3.23319
-3.23174
-3.23058
-3.2297
-3.22908
-3.22874
-3.65164
-3.63112
-3.61109
-3.5916
-3.57274
-3.55457
-3.53713
-3.52043
-3.5045
-3.48934
-3.47494
-3.46133
-3.44851
-3.43648
-3.42525
-3.41483
-3.40521
-3.39638
-3.38831
-3.38097
-3.37431
-3.36827
-3.36278
-3.35778
-3.35321
-3.349
-3.34511
-3.3415
-3.33816
-3.33506
-3.33222
-3.32963
-3.32732
-3.32529
-3.32356
-3.32213
-3.321
-3.32016
-3.3196
-3.31931
-3.7266
-3.70776
-3.68931
-3.67129
-3.65377
-3.63681
-3.62044
-3.6047
-3.58961
-3.5752
-3.56149
-3.54851
-3.53626
-3.52478
-3.51407
-3.50413
-3.49495
-3.48652
-3.47879
-3.47173
-3.46529
-3.4594
-3.45401
-3.44904
-3.44446
-3.44022
-3.43627
-3.43259
-3.42918
-3.42602
-3.42314
-3.42052
-3.4182
-3.41617
-3.41446
-3.41306
-3.41198
-3.41119
-3.41069
-3.41044
-3.80219
-3.78481
-3.76774
-3.75102
-3.73471
-3.71885
-3.7035
-3.68869
-3.67446
-3.66086
-3.6479
-3.63563
-3.62406
-3.61321
-3.60309
-3.59369
-3.585
-3.57699
-3.56962
-3.56284
-3.5566
-3.55086
-3.54554
-3.54061
-3.53603
-3.53175
-3.52776
-3.52404
-3.52058
-3.5174
-3.5145
-3.51189
-3.50958
-3.50758
-3.50591
-3.50456
-3.50352
-3.50278
-3.50234
-3.50214
-3.87824
-3.86217
-3.84636
-3.83082
-3.81563
-3.80083
-3.78648
-3.77262
-3.7593
-3.74656
-3.73443
-3.72294
-3.71211
-3.70194
-3.69245
-3.68361
-3.67541
-3.66781
-3.66077
-3.65425
-3.64821
-3.64259
-3.63735
-3.63245
-3.62787
-3.62358
-3.61957
-3.61584
-3.61238
-3.6092
-3.60632
-3.60374
-3.60147
-3.59953
-3.5979
-3.5966
-3.59562
-3.59494
-3.59455
-3.59439
-3.95472
-3.93986
-3.92522
-3.91082
-3.89672
-3.88298
-3.86965
-3.85678
-3.84441
-3.83257
-3.8213
-3.81062
-3.80055
-3.79108
-3.7822
-3.77391
-3.76617
-3.75895
-3.75222
-3.74594
-3.74006
-3.73456
-3.7294
-3.72455
-3.71999
-3.71572
-3.71172
-3.70801
-3.70458
-3.70144
-3.69861
-3.69609
-3.69389
-3.69201
-3.69045
-3.68922
-3.68829
-3.68767
-3.68733
-3.68721
-4.03171
-4.01802
-4.00452
-3.99123
-3.97823
-3.96555
-3.95326
-3.94139
-3.92998
-3.91906
-3.90866
-3.89878
-3.88944
-3.88064
-3.87235
-3.86456
-3.85724
-3.85037
-3.84392
-3.83785
-3.83213
-3.82675
-3.82167
-3.81689
-3.81239
-3.80816
-3.80422
-3.80057
-3.79721
-3.79415
-3.79139
-3.78896
-3.78684
-3.78504
-3.78356
-3.78239
-3.78153
-3.78096
-3.78068
-3.7806
-4.10938
-4.09682
-4.08445
-4.07228
-4.06036
-4.04875
-4.03749
-4.02661
-4.01615
-4.00613
-3.99655
-3.98744
-3.97879
-3.9706
-3.96284
-3.95551
-3.94858
-3.94202
-3.93582
-3.92996
-3.92441
-3.91915
-3.91418
-3.9095
-3.90509
-3.90096
-3.89711
-3.89355
-3.89029
-3.88734
-3.88469
-3.88236
-3.88034
-3.87864
-3.87724
-3.87614
-3.87534
-3.87483
-3.87459
-3.87455
-4.18789
-4.17646
-4.1652
-4.15412
-4.14327
-4.1327
-4.12244
-4.11252
-4.10296
-4.09377
-4.08497
-4.07656
-4.06854
-4.0609
-4.05363
-4.04671
-4.04013
-4.03387
-4.02792
-4.02226
-4.01689
-4.01179
-4.00697
-4.00241
-3.99814
-3.99414
-3.99042
-3.987
-3.98387
-3.98105
-3.97853
-3.97632
-3.97441
-3.97281
-3.9715
-3.97048
-3.96974
-3.96928
-3.96908
-3.96908
-4.26739
-4.25706
-4.24688
-4.23685
-4.22703
-4.21745
-4.20813
-4.1991
-4.19037
-4.18195
-4.17386
-4.16609
-4.15864
-4.1515
-4.14467
-4.13814
-4.13189
-4.12592
-4.12023
-4.1148
-4.10963
-4.10472
-4.10007
-4.0957
-4.09159
-4.08776
-4.08421
-4.08095
-4.07798
-4.07531
-4.07293
-4.07085
-4.06907
-4.06756
-4.06635
-4.0654
-4.06472
-4.06431
-4.06416
-4.06418
-4.34796
-4.33868
-4.32952
-4.32049
-4.31162
-4.30296
-4.29451
-4.28629
-4.27832
-4.2706
-4.26315
-4.25596
-4.24903
-4.24237
-4.23595
-4.22979
-4.22388
-4.21821
-4.21279
-4.20761
-4.20268
-4.198
-4.19357
-4.18941
-4.1855
-4.18187
-4.17852
-4.17545
-4.17266
-4.17015
-4.16793
-4.16599
-4.16432
-4.16292
-4.16179
-4.16092
-4.16031
-4.15995
-4.15982
-4.15987
-4.42962
-4.42132
-4.4131
-4.40499
-4.39701
-4.38918
-4.38152
-4.37404
-4.36676
-4.35969
-4.35282
-4.34617
-4.33973
-4.33351
-4.32751
-4.32172
-4.31616
-4.31081
-4.30569
-4.30079
-4.29613
-4.29171
-4.28754
-4.28361
-4.27994
-4.27654
-4.2734
-4.27053
-4.26793
-4.2656
-4.26353
-4.26173
-4.26019
-4.2589
-4.25786
-4.25706
-4.2565
-4.25618
-4.25609
-4.25617
-4.51236
-4.50495
-4.4976
-4.49032
-4.48313
-4.47606
-4.46913
-4.46233
-4.45568
-4.4492
-4.44288
-4.43674
-4.43078
-4.425
-4.4194
-4.414
-4.4088
-4.4038
-4.399
-4.39442
-4.39006
-4.38593
-4.38203
-4.37838
-4.37497
-4.3718
-4.36889
-4.36624
-4.36383
-4.36168
-4.35977
-4.35811
-4.35669
-4.3555
-4.35455
-4.35382
-4.35331
-4.35304
-4.35298
-4.35307
-4.59615
-4.58954
-4.58297
-4.57644
-4.56998
-4.56361
-4.55733
-4.55116
-4.5451
-4.53918
-4.53339
-4.52774
-4.52224
-4.51691
-4.51173
-4.50673
-4.50191
-4.49727
-4.49283
-4.48859
-4.48455
-4.48073
-4.47713
-4.47376
-4.47062
-4.46771
-4.46503
-4.46259
-4.46038
-4.45841
-4.45666
-4.45514
-4.45384
-4.45275
-4.45188
-4.45121
-4.45076
-4.45052
-4.45049
-4.4506
-4.68096
-4.67507
-4.66921
-4.66337
-4.65757
-4.65183
-4.64616
-4.64058
-4.63508
-4.62969
-4.62441
-4.61926
-4.61423
-4.60934
-4.6046
-4.60001
-4.59559
-4.59133
-4.58726
-4.58337
-4.57968
-4.57618
-4.57289
-4.56981
-4.56694
-4.56429
-4.56185
-4.55962
-4.55761
-4.55581
-4.55422
-4.55283
-4.55164
-4.55065
-4.54986
-4.54926
-4.54885
-4.54865
-4.54864
-4.54876
-4.76679
-4.76156
-4.75633
-4.75111
-4.74593
-4.74078
-4.73569
-4.73067
-4.72571
-4.72084
-4.71607
-4.7114
-4.70684
-4.7024
-4.6981
-4.69394
-4.68992
-4.68607
-4.68237
-4.67885
-4.6755
-4.67234
-4.66936
-4.66657
-4.66398
-4.66157
-4.65937
-4.65735
-4.65553
-4.6539
-4.65246
-4.6512
-4.65012
-4.64923
-4.64851
-4.64797
-4.64761
-4.64744
-4.64744
-4.64757
-4.85364
-4.849
-4.84437
-4.83973
-4.83512
-4.83054
-4.826
-4.82151
-4.81708
-4.81272
-4.80844
-4.80426
-4.80017
-4.79619
-4.79233
-4.7886
-4.78499
-4.78153
-4.77822
-4.77506
-4.77207
-4.76923
-4.76656
-4.76407
-4.76174
-4.75959
-4.75761
-4.7558
-4.75416
-4.75269
-4.7514
-4.75026
-4.74929
-4.74848
-4.74784
-4.74736
-4.74704
-4.7469
-4.74692
-4.74706
-4.94152
-4.93743
-4.93335
-4.92927
-4.9252
-4.92116
-4.91715
-4.91318
-4.90927
-4.90541
-4.90162
-4.89792
-4.8943
-4.89077
-4.88735
-4.88405
-4.88086
-4.87779
-4.87486
-4.87206
-4.86941
-4.8669
-4.86453
-4.86232
-4.86025
-4.85834
-4.85658
-4.85497
-4.85351
-4.85221
-4.85105
-4.85003
-4.84917
-4.84845
-4.84787
-4.84745
-4.84717
-4.84706
-4.84709
-4.84723
-5.03042
-5.02686
-5.02331
-5.01976
-5.01622
-5.0127
-5.00921
-5.00575
-5.00234
-4.99898
-4.99567
-4.99244
-4.98928
-4.98621
-4.98322
-4.98033
-4.97755
-4.97487
-4.97231
-4.96987
-4.96755
-4.96535
-4.96328
-4.96134
-4.95953
-4.95786
-4.95631
-4.95489
-4.95361
-4.95245
-4.95143
-4.95053
-4.94977
-4.94913
-4.94863
-4.94825
-4.94802
-4.94793
-4.94798
-4.94812
-5.12034
-5.11731
-5.11428
-5.11124
-5.10822
-5.10521
-5.10222
-5.09926
-5.09634
-5.09346
-5.09063
-5.08786
-5.08515
-5.08252
-5.07996
-5.07748
-5.07509
-5.07279
-5.07059
-5.06849
-5.0665
-5.06461
-5.06283
-5.06115
-5.05959
-5.05814
-5.0568
-5.05557
-5.05446
-5.05345
-5.05256
-5.05178
-5.05111
-5.05056
-5.05012
-5.0498
-5.0496
-5.04954
-5.0496
-5.04974
-5.21129
-5.20877
-5.20625
-5.20372
-5.2012
-5.19869
-5.1962
-5.19373
-5.19129
-5.18888
-5.18652
-5.1842
-5.18193
-5.17973
-5.17758
-5.1755
-5.1735
-5.17157
-5.16972
-5.16795
-5.16627
-5.16468
-5.16318
-5.16177
-5.16045
-5.15922
-5.15808
-5.15704
-5.15609
-5.15523
-5.15447
-5.1538
-5.15323
-5.15276
-5.15238
-5.15211
-5.15195
-5.1519
-5.15197
-5.15212
-5.30325
-5.30124
-5.29922
-5.2972
-5.29518
-5.29316
-5.29116
-5.28917
-5.2872
-5.28526
-5.28334
-5.28147
-5.27963
-5.27784
-5.2761
-5.27441
-5.27278
-5.27121
-5.2697
-5.26826
-5.26689
-5.26559
-5.26435
-5.2632
-5.26211
-5.2611
-5.26016
-5.2593
-5.25851
-5.2578
-5.25717
-5.25661
-5.25613
-5.25574
-5.25543
-5.2552
-5.25507
-5.25505
-5.25513
-5.25527
-5.3962
-5.39471
-5.3932
-5.39168
-5.39015
-5.38862
-5.38709
-5.38557
-5.38406
-5.38257
-5.3811
-5.37965
-5.37824
-5.37685
-5.37551
-5.3742
-5.37293
-5.37171
-5.37054
-5.36942
-5.36835
-5.36733
-5.36636
-5.36545
-5.3646
-5.3638
-5.36306
-5.36238
-5.36175
-5.36119
-5.36068
-5.36024
-5.35985
-5.35953
-5.35928
-5.3591
-5.359
-5.359
-5.35908
-5.35922
-5.49016
-5.48917
-5.48817
-5.48714
-5.48609
-5.48504
-5.48399
-5.48293
-5.48187
-5.48083
-5.47979
-5.47877
-5.47776
-5.47678
-5.47582
-5.47489
-5.47398
-5.4731
-5.47226
-5.47145
-5.47067
-5.46994
-5.46924
-5.46857
-5.46795
-5.46736
-5.46682
-5.46631
-5.46585
-5.46543
-5.46505
-5.46471
-5.46442
-5.46417
-5.46397
-5.46383
-5.46375
-5.46376
-5.46385
-5.46399
-5.58516
-5.58471
-5.58423
-5.58371
-5.58316
-5.5826
-5.58201
-5.58142
-5.58082
-5.58022
-5.57961
-5.57901
-5.57841
-5.57782
-5.57724
-5.57667
-5.57611
-5.57557
-5.57505
-5.57454
-5.57405
-5.57359
-5.57314
-5.57272
-5.57231
-5.57193
-5.57158
-5.57124
-5.57093
-5.57064
-5.57038
-5.57014
-5.56992
-5.56973
-5.56958
-5.56945
-5.56937
-5.56935
-5.56943
-5.56955
-5.68118
-5.68128
-5.68132
-5.68132
-5.68127
-5.68119
-5.68109
-5.68095
-5.6808
-5.68063
-5.68045
-5.68026
-5.68006
-5.67985
-5.67964
-5.67942
-5.6792
-5.67899
-5.67878
-5.67856
-5.67836
-5.67816
-5.67796
-5.67777
-5.67759
-5.67741
-5.67724
-5.67708
-5.67693
-5.67678
-5.67664
-5.67651
-5.67639
-5.67627
-5.67616
-5.67606
-5.67597
-5.67591
-5.67593
-5.676
)
;

boundaryField
{
    leftWall
    {
        type            calculated;
        value           nonuniform List<scalar> 
86
(
1986.57
1937.25
1887.19
1835.73
1782.72
1728.16
1672.01
1614.31
1555.1
1494.46
1431.92
1367.25
1300.8
1232.66
1162.95
1091.76
1019.21
945.409
870.484
794.559
717.743
640.127
561.714
482.188
401.071
318.238
235.935
152.82
70.8349
15.4239
-2.34556
-2.18239
-2.18871
-2.22043
-2.27761
-2.3508
-2.426
-2.50136
-2.57655
-2.65127
-2.72516
-2.79753
-2.86764
-2.93483
-2.99869
-3.059
-3.11577
-3.1699
-3.22205
-3.27283
-3.32276
-3.37236
-3.42212
-3.47244
-3.52362
-3.57586
-3.62935
-3.68425
-3.7407
-3.79878
-3.85844
-3.91958
-3.98206
-4.0458
-4.11077
-4.17699
-4.2445
-4.31329
-4.3833
-4.45443
-4.52654
-4.59949
-4.67319
-4.74758
-4.82268
-4.89851
-4.97515
-5.05267
-5.13117
-5.21074
-5.29127
-5.37242
-5.45447
-5.53955
-5.62523
-5.68188
)
;
    }
    rightWall
    {
        type            calculated;
        value           nonuniform List<scalar> 
86
(
0.771092
0.723562
0.676071
0.628382
0.580475
0.532431
0.484224
0.435831
0.38724
0.338445
0.289002
0.238671
0.187653
0.13594
0.0835239
0.0303975
-0.0234455
-0.0780121
-0.133311
-0.189351
-0.246143
-0.303699
-0.362031
-0.421152
-0.481077
-0.541821
-0.603398
-0.665823
-0.729113
-0.793281
-0.858343
-0.92431
-0.991198
-1.05902
-1.12777
-1.19748
-1.26815
-1.33978
-1.41238
-1.48595
-1.56047
-1.63596
-1.71241
-1.78981
-1.86816
-1.94742
-2.02758
-2.10859
-2.19044
-2.27311
-2.35655
-2.44076
-2.52569
-2.61133
-2.69765
-2.78463
-2.87224
-2.96048
-3.04931
-3.13874
-3.22874
-3.31931
-3.41044
-3.50214
-3.59439
-3.68721
-3.7806
-3.87455
-3.96908
-4.06418
-4.15987
-4.25617
-4.35307
-4.4506
-4.54876
-4.64757
-4.74706
-4.84723
-4.94812
-5.04974
-5.15212
-5.25527
-5.35922
-5.46399
-5.56955
-5.676
)
;
    }
    lowerWall
    {
        type            calculated;
        value           nonuniform List<scalar> 
110
(
2010.11
2013.7
2021.19
2029.88
2037.18
2042.7
2046.63
2049.45
2051.57
2053.24
2054.62
2055.78
2056.76
2057.52
2058
2058.15
2057.89
2057.12
2055.79
2053.84
2051.24
2048
2044.18
2039.91
2035.39
2030.92
2026.94
2024.04
2022.98
2024.77
2030.71
2042.49
2062.33
2093.61
2138
2198.28
2276.38
2372.81
2484.55
2603.26
2715.21
2805.61
2865.36
2890.57
2913.09
2963.65
2943.09
2897.55
2890.87
2917.98
2933.9
2911.91
2828.19
2654.24
2334.29
1767.73
-45.2553
-8.14439
-1.67591
-1.68586
0.995109
0.950688
0.906256
0.861844
0.816228
0.767768
0.713422
0.645794
0.539872
0.339515
1.01865
1.00872
0.999948
0.991238
0.983046
0.975105
0.968218
0.962263
0.956859
0.951603
0.94619
0.940444
0.934283
0.92767
0.920628
0.913222
0.905571
0.89781
0.890197
0.882343
0.874422
0.867003
0.859923
0.85307
0.846429
0.840184
0.834355
0.828941
0.823935
0.81934
0.815106
0.811173
0.807579
0.804383
0.801588
0.799276
0.797456
0.796111
0.79527
0.794636
)
;
    }
    atmosphere
    {
        type            calculated;
        value           nonuniform List<scalar> 
90
(
-5.73352
-5.75583
-5.75567
-5.75422
-5.75295
-5.75184
-5.75084
-5.74991
-5.74903
-5.74817
-5.74731
-5.74645
-5.74559
-5.74472
-5.74384
-5.74296
-5.74207
-5.74118
-5.7403
-5.73943
-5.73856
-5.73771
-5.73688
-5.73608
-5.7353
-5.73456
-5.73385
-5.73318
-5.73255
-5.73197
-5.73144
-5.73095
-5.73052
-5.73014
-5.72982
-5.72955
-5.72934
-5.72919
-5.72909
-5.72905
-5.72904
-5.72904
-5.72904
-5.72904
-5.72904
-5.72904
-5.72904
-5.72904
-5.72904
-5.72904
-5.72904
-5.72904
-5.72904
-5.72904
-5.72904
-5.72904
-5.72904
-5.72904
-5.72904
-5.72904
-5.72904
-5.72904
-5.72904
-5.72904
-5.72904
-5.72904
-5.72904
-5.72904
-5.72904
-5.72904
-5.72904
-5.72904
-5.72904
-5.72904
-5.72904
-5.72904
-5.72904
-5.72904
-5.72904
-5.72904
-5.72904
-5.72904
-5.72904
-5.72904
-5.72904
-5.72904
-5.72904
-5.72904
-5.72904
-5.72904
)
;
    }
    defaultFaces
    {
        type            empty;
    }
}


// ************************************************************************* //
