# Force coefficients
# liftDir     : (0.000000e+00 0.000000e+00 1.000000e+00)
# dragDir     : (1.000000e+00 0.000000e+00 0.000000e+00)
# pitchAxis   : (0.000000e+00 1.000000e+00 0.000000e+00)
# magUInf     : 2.000000e+01
# lRef        : 1.420000e+00
# Aref        : 7.500000e-01
# CofR        : (7.200000e-01 0.000000e+00 0.000000e+00)
# Time        	Cm            	Cd            	Cl            	Cl(f)         	Cl(r)         
0             	9.144246e-03	2.272619e-02	7.711250e-04	9.529809e-03	-8.758684e-03
1             	5.729106e-01	1.344324e+00	-4.617044e-02	5.498254e-01	-5.959958e-01
2             	6.542063e-01	1.530704e+00	-6.109807e-02	6.236573e-01	-6.847553e-01
3             	5.714083e-01	1.336019e+00	-4.325132e-02	5.497826e-01	-5.930340e-01
4             	4.617115e-01	1.085354e+00	-2.858661e-02	4.474182e-01	-4.760048e-01
5             	3.713281e-01	8.811780e-01	-1.768570e-02	3.624852e-01	-3.801709e-01
6             	3.040054e-01	7.286209e-01	-4.352891e-03	3.018290e-01	-3.061818e-01
7             	2.572080e-01	6.218893e-01	6.671026e-03	2.605435e-01	-2.538725e-01
8             	2.265349e-01	5.519177e-01	1.164493e-02	2.323574e-01	-2.207124e-01
9             	2.071314e-01	5.079987e-01	1.400670e-02	2.141347e-01	-2.001280e-01
10            	1.944237e-01	4.801638e-01	1.623462e-02	2.025410e-01	-1.863064e-01
11            	1.858395e-01	4.619417e-01	1.913081e-02	1.954049e-01	-1.762741e-01
12            	1.805176e-01	4.500141e-01	2.397657e-02	1.925058e-01	-1.685293e-01
13            	1.777412e-01	4.427864e-01	2.963930e-02	1.925609e-01	-1.629216e-01
14            	1.771050e-01	4.391407e-01	3.536706e-02	1.947885e-01	-1.594215e-01
15            	1.769496e-01	4.361563e-01	4.135647e-02	1.976278e-01	-1.562714e-01
16            	1.765746e-01	4.333813e-01	4.668309e-02	1.999161e-01	-1.532330e-01
17            	1.764069e-01	4.321039e-01	5.062285e-02	2.017183e-01	-1.510955e-01
18            	1.762533e-01	4.311323e-01	5.281048e-02	2.026586e-01	-1.498481e-01
19            	1.759637e-01	4.299676e-01	5.358945e-02	2.027585e-01	-1.491690e-01
20            	1.755399e-01	4.284726e-01	5.302752e-02	2.020536e-01	-1.490261e-01
21            	1.751576e-01	4.275283e-01	5.110333e-02	2.007093e-01	-1.496060e-01
22            	1.744990e-01	4.270035e-01	4.925435e-02	1.991262e-01	-1.498718e-01
23            	1.729927e-01	4.260102e-01	4.846506e-02	1.972252e-01	-1.487601e-01
24            	1.705093e-01	4.242374e-01	4.905366e-02	1.950362e-01	-1.459825e-01
25            	1.675161e-01	4.222036e-01	5.093127e-02	1.929817e-01	-1.420504e-01
26            	1.645500e-01	4.200734e-01	5.331767e-02	1.912088e-01	-1.378911e-01
27            	1.619876e-01	4.180345e-01	5.545872e-02	1.897170e-01	-1.342583e-01
28            	1.598869e-01	4.159570e-01	5.682609e-02	1.883000e-01	-1.314739e-01
29            	1.581453e-01	4.138894e-01	5.775941e-02	1.870250e-01	-1.292656e-01
30            	1.566832e-01	4.119338e-01	5.867217e-02	1.860193e-01	-1.273471e-01
31            	1.555013e-01	4.103021e-01	5.960332e-02	1.853029e-01	-1.256996e-01
32            	1.547423e-01	4.091270e-01	6.057686e-02	1.850307e-01	-1.244539e-01
33            	1.543022e-01	4.084473e-01	6.156094e-02	1.850827e-01	-1.235217e-01
34            	1.541123e-01	4.081115e-01	6.259998e-02	1.854123e-01	-1.228123e-01
35            	1.539520e-01	4.077828e-01	6.348703e-02	1.856955e-01	-1.222085e-01
36            	1.539076e-01	4.076044e-01	6.420589e-02	1.860105e-01	-1.218046e-01
37            	1.539947e-01	4.074520e-01	6.459925e-02	1.862943e-01	-1.216951e-01
38            	1.542597e-01	4.073347e-01	6.449301e-02	1.865062e-01	-1.220132e-01
39            	1.545327e-01	4.070002e-01	6.408748e-02	1.865765e-01	-1.224890e-01
40            	1.547375e-01	4.064178e-01	6.328289e-02	1.863790e-01	-1.230961e-01
41            	1.546713e-01	4.055728e-01	6.250949e-02	1.859261e-01	-1.234166e-01
42            	1.544895e-01	4.047127e-01	6.181074e-02	1.853948e-01	-1.235841e-01
43            	1.543191e-01	4.041515e-01	6.140526e-02	1.850218e-01	-1.236165e-01
44            	1.542080e-01	4.039797e-01	6.134361e-02	1.848798e-01	-1.235362e-01
45            	1.540925e-01	4.041061e-01	6.169424e-02	1.849396e-01	-1.232454e-01
46            	1.539721e-01	4.044099e-01	6.234610e-02	1.851452e-01	-1.227991e-01
47            	1.538097e-01	4.047517e-01	6.322726e-02	1.854233e-01	-1.221961e-01
48            	1.536814e-01	4.051292e-01	6.413179e-02	1.857473e-01	-1.216155e-01
49            	1.536181e-01	4.055112e-01	6.487820e-02	1.860572e-01	-1.211790e-01
50            	1.536653e-01	4.059372e-01	6.532139e-02	1.863260e-01	-1.210046e-01
51            	1.537954e-01	4.064023e-01	6.546101e-02	1.865259e-01	-1.210649e-01
52            	1.539966e-01	4.069043e-01	6.540003e-02	1.866966e-01	-1.212966e-01
53            	1.542186e-01	4.074419e-01	6.524356e-02	1.868404e-01	-1.215968e-01
54            	1.544181e-01	4.079719e-01	6.502292e-02	1.869295e-01	-1.219066e-01
55            	1.545141e-01	4.084406e-01	6.482570e-02	1.869270e-01	-1.221013e-01
56            	1.545404e-01	4.088323e-01	6.472904e-02	1.869049e-01	-1.221759e-01
57            	1.544865e-01	4.090784e-01	6.469596e-02	1.868344e-01	-1.221385e-01
58            	1.543690e-01	4.091330e-01	6.463308e-02	1.866855e-01	-1.220524e-01
59            	1.542299e-01	4.090597e-01	6.446465e-02	1.864623e-01	-1.219976e-01
60            	1.541384e-01	4.090039e-01	6.425534e-02	1.862661e-01	-1.220108e-01
61            	1.540566e-01	4.089753e-01	6.406314e-02	1.860881e-01	-1.220250e-01
62            	1.540413e-01	4.090448e-01	6.396047e-02	1.860215e-01	-1.220610e-01
63            	1.540571e-01	4.092368e-01	6.398457e-02	1.860494e-01	-1.220648e-01
64            	1.541602e-01	4.095308e-01	6.413726e-02	1.862288e-01	-1.220916e-01
65            	1.542914e-01	4.099145e-01	6.439363e-02	1.864882e-01	-1.220946e-01
66            	1.545039e-01	4.103685e-01	6.476537e-02	1.868866e-01	-1.221213e-01
67            	1.547372e-01	4.108829e-01	6.515382e-02	1.873141e-01	-1.221603e-01
68            	1.550312e-01	4.114615e-01	6.552165e-02	1.877920e-01	-1.222704e-01
69            	1.552574e-01	4.119878e-01	6.577032e-02	1.881426e-01	-1.223723e-01
70            	1.554223e-01	4.124010e-01	6.596951e-02	1.884070e-01	-1.224375e-01
71            	1.554766e-01	4.126932e-01	6.593671e-02	1.884449e-01	-1.225082e-01
72            	1.554426e-01	4.128768e-01	6.579582e-02	1.883405e-01	-1.225446e-01
73            	1.553238e-01	4.129419e-01	6.543430e-02	1.880410e-01	-1.226067e-01
74            	1.551409e-01	4.129126e-01	6.506452e-02	1.876732e-01	-1.226087e-01
75            	1.549002e-01	4.127204e-01	6.469311e-02	1.872468e-01	-1.225537e-01
76            	1.546709e-01	4.124923e-01	6.441855e-02	1.868802e-01	-1.224616e-01
77            	1.544232e-01	4.121663e-01	6.412033e-02	1.864834e-01	-1.223630e-01
78            	1.543008e-01	4.120093e-01	6.388717e-02	1.862444e-01	-1.223572e-01
79            	1.542814e-01	4.119702e-01	6.362912e-02	1.860960e-01	-1.224668e-01
80            	1.543967e-01	4.121163e-01	6.351636e-02	1.861548e-01	-1.226385e-01
81            	1.545623e-01	4.123535e-01	6.338539e-02	1.862550e-01	-1.228696e-01
82            	1.548046e-01	4.126973e-01	6.340322e-02	1.865062e-01	-1.231030e-01
83            	1.550413e-01	4.130470e-01	6.341984e-02	1.867512e-01	-1.233314e-01
84            	1.553190e-01	4.134916e-01	6.362872e-02	1.871334e-01	-1.235047e-01
85            	1.554422e-01	4.138515e-01	6.371303e-02	1.872987e-01	-1.235857e-01
86            	1.554972e-01	4.142094e-01	6.389082e-02	1.874426e-01	-1.235517e-01
87            	1.553664e-01	4.143418e-01	6.389709e-02	1.873149e-01	-1.234178e-01
88            	1.551359e-01	4.142638e-01	6.386301e-02	1.870674e-01	-1.232044e-01
89            	1.547722e-01	4.139354e-01	6.361714e-02	1.865808e-01	-1.229637e-01
90            	1.543797e-01	4.134835e-01	6.344608e-02	1.861028e-01	-1.226567e-01
91            	1.539537e-01	4.129519e-01	6.328078e-02	1.855941e-01	-1.223133e-01
92            	1.536175e-01	4.125408e-01	6.325110e-02	1.852430e-01	-1.219919e-01
93            	1.533358e-01	4.121859e-01	6.320755e-02	1.849396e-01	-1.217320e-01
94            	1.531918e-01	4.119665e-01	6.326508e-02	1.848243e-01	-1.215592e-01
95            	1.531631e-01	4.118912e-01	6.334886e-02	1.848375e-01	-1.214886e-01
96            	1.532861e-01	4.120382e-01	6.358022e-02	1.850762e-01	-1.214960e-01
97            	1.534618e-01	4.123149e-01	6.389883e-02	1.854112e-01	-1.215124e-01
98            	1.536815e-01	4.127614e-01	6.437002e-02	1.858665e-01	-1.214965e-01
99            	1.538199e-01	4.132230e-01	6.483737e-02	1.862386e-01	-1.214012e-01
100           	1.538594e-01	4.136343e-01	6.536036e-02	1.865396e-01	-1.211792e-01
101           	1.537551e-01	4.139039e-01	6.578020e-02	1.866452e-01	-1.208650e-01
102           	1.535180e-01	4.140185e-01	6.606494e-02	1.865505e-01	-1.204856e-01
103           	1.531591e-01	4.139300e-01	6.612784e-02	1.862230e-01	-1.200951e-01
104           	1.527557e-01	4.137621e-01	6.605972e-02	1.857856e-01	-1.197258e-01
105           	1.522448e-01	4.133560e-01	6.582541e-02	1.851575e-01	-1.193321e-01
106           	1.517255e-01	4.129285e-01	6.559117e-02	1.845211e-01	-1.189299e-01
107           	1.512359e-01	4.124216e-01	6.541350e-02	1.839427e-01	-1.185292e-01
108           	1.508947e-01	4.120859e-01	6.535878e-02	1.835741e-01	-1.182153e-01
109           	1.507043e-01	4.119099e-01	6.530848e-02	1.833586e-01	-1.180501e-01
110           	1.507078e-01	4.120056e-01	6.532334e-02	1.833695e-01	-1.180462e-01
111           	1.508645e-01	4.122876e-01	6.532820e-02	1.835286e-01	-1.182004e-01
112           	1.511649e-01	4.128127e-01	6.538759e-02	1.838587e-01	-1.184711e-01
113           	1.515464e-01	4.134923e-01	6.544435e-02	1.842685e-01	-1.188242e-01
114           	1.519092e-01	4.142219e-01	6.553494e-02	1.846767e-01	-1.191418e-01
115           	1.521853e-01	4.148775e-01	6.557944e-02	1.849750e-01	-1.193956e-01
116           	1.523572e-01	4.153931e-01	6.568325e-02	1.851989e-01	-1.195156e-01
117           	1.523898e-01	4.157344e-01	6.570548e-02	1.852425e-01	-1.195371e-01
118           	1.522644e-01	4.158599e-01	6.573979e-02	1.851343e-01	-1.193945e-01
119           	1.520262e-01	4.158126e-01	6.571765e-02	1.848850e-01	-1.191674e-01
120           	1.517381e-01	4.156430e-01	6.573471e-02	1.846055e-01	-1.188708e-01
121           	1.514302e-01	4.153641e-01	6.568866e-02	1.842746e-01	-1.185859e-01
122           	1.511543e-01	4.150399e-01	6.569432e-02	1.840015e-01	-1.183072e-01
123           	1.509618e-01	4.147735e-01	6.564891e-02	1.837863e-01	-1.181374e-01
124           	1.509112e-01	4.146234e-01	6.567107e-02	1.837467e-01	-1.180757e-01
125           	1.509978e-01	4.146453e-01	6.559844e-02	1.837970e-01	-1.181986e-01
126           	1.512153e-01	4.148077e-01	6.554581e-02	1.839882e-01	-1.184424e-01
127           	1.515256e-01	4.151302e-01	6.542190e-02	1.842365e-01	-1.188146e-01
128           	1.518631e-01	4.155375e-01	6.539088e-02	1.845585e-01	-1.191676e-01
129           	1.521509e-01	4.159686e-01	6.539129e-02	1.848466e-01	-1.194553e-01
130           	1.523597e-01	4.163425e-01	6.552285e-02	1.851211e-01	-1.195983e-01
131           	1.524648e-01	4.166203e-01	6.566532e-02	1.852974e-01	-1.196321e-01
132           	1.524911e-01	4.168025e-01	6.585901e-02	1.854207e-01	-1.195616e-01
133           	1.524147e-01	4.168554e-01	6.596688e-02	1.853981e-01	-1.194312e-01
134           	1.522758e-01	4.167787e-01	6.609951e-02	1.853256e-01	-1.192261e-01
135           	1.521195e-01	4.166467e-01	6.616052e-02	1.851998e-01	-1.190392e-01
136           	1.519966e-01	4.164844e-01	6.624078e-02	1.851170e-01	-1.188762e-01
137           	1.519168e-01	4.163474e-01	6.622311e-02	1.850284e-01	-1.188053e-01
138           	1.519048e-01	4.162334e-01	6.618981e-02	1.849997e-01	-1.188099e-01
139           	1.519664e-01	4.161698e-01	6.607748e-02	1.850052e-01	-1.189277e-01
140           	1.521081e-01	4.161515e-01	6.597822e-02	1.850972e-01	-1.191190e-01
141           	1.523206e-01	4.162089e-01	6.584849e-02	1.852448e-01	-1.193963e-01
142           	1.525468e-01	4.162854e-01	6.579349e-02	1.854435e-01	-1.196500e-01
143           	1.527573e-01	4.163716e-01	6.576036e-02	1.856375e-01	-1.198771e-01
144           	1.529248e-01	4.164227e-01	6.581595e-02	1.858327e-01	-1.200168e-01
145           	1.530408e-01	4.164765e-01	6.581413e-02	1.859479e-01	-1.201337e-01
146           	1.530653e-01	4.164292e-01	6.582660e-02	1.859786e-01	-1.201520e-01
147           	1.530282e-01	4.163260e-01	6.581394e-02	1.859352e-01	-1.201212e-01
148           	1.529346e-01	4.161409e-01	6.584342e-02	1.858563e-01	-1.200129e-01
149           	1.528727e-01	4.159642e-01	6.588245e-02	1.858139e-01	-1.199315e-01
150           	1.528113e-01	4.157652e-01	6.593004e-02	1.857764e-01	-1.198463e-01
151           	1.528044e-01	4.156391e-01	6.585667e-02	1.857328e-01	-1.198761e-01
152           	1.528884e-01	4.155685e-01	6.579923e-02	1.857880e-01	-1.199887e-01
153           	1.530666e-01	4.155934e-01	6.566618e-02	1.858997e-01	-1.202335e-01
154           	1.532761e-01	4.155876e-01	6.553013e-02	1.860412e-01	-1.205111e-01
155           	1.534696e-01	4.155204e-01	6.523642e-02	1.860878e-01	-1.208514e-01
156           	1.536460e-01	4.153447e-01	6.498669e-02	1.861394e-01	-1.211527e-01
157           	1.537951e-01	4.151296e-01	6.464975e-02	1.861199e-01	-1.214702e-01
158           	1.539265e-01	4.149148e-01	6.442174e-02	1.861374e-01	-1.217157e-01
159           	1.540319e-01	4.147711e-01	6.419501e-02	1.861294e-01	-1.219344e-01
160           	1.540901e-01	4.146554e-01	6.409339e-02	1.861368e-01	-1.220434e-01
161           	1.541191e-01	4.146124e-01	6.396992e-02	1.861040e-01	-1.221341e-01
162           	1.540890e-01	4.145280e-01	6.388971e-02	1.860339e-01	-1.221442e-01
163           	1.540151e-01	4.144243e-01	6.376690e-02	1.858985e-01	-1.221316e-01
164           	1.538869e-01	4.142419e-01	6.366999e-02	1.857219e-01	-1.220519e-01
165           	1.537428e-01	4.140290e-01	6.348065e-02	1.854831e-01	-1.220025e-01
166           	1.535779e-01	4.136808e-01	6.337610e-02	1.852660e-01	-1.218899e-01
167           	1.534419e-01	4.133152e-01	6.322265e-02	1.850533e-01	-1.218306e-01
168           	1.533341e-01	4.129291e-01	6.314595e-02	1.849070e-01	-1.217611e-01
169           	1.532687e-01	4.126175e-01	6.299088e-02	1.847642e-01	-1.217733e-01
170           	1.532444e-01	4.123939e-01	6.289207e-02	1.846904e-01	-1.217984e-01
171           	1.532949e-01	4.123576e-01	6.278500e-02	1.846874e-01	-1.219024e-01
172           	1.533881e-01	4.124363e-01	6.278417e-02	1.847802e-01	-1.219960e-01
173           	1.535056e-01	4.126577e-01	6.276128e-02	1.848863e-01	-1.221250e-01
174           	1.536007e-01	4.128880e-01	6.286157e-02	1.850315e-01	-1.221699e-01
175           	1.536838e-01	4.131400e-01	6.297736e-02	1.851725e-01	-1.221952e-01
176           	1.537275e-01	4.133037e-01	6.318233e-02	1.853186e-01	-1.221363e-01
177           	1.537330e-01	4.134203e-01	6.329766e-02	1.853818e-01	-1.220842e-01
178           	1.536732e-01	4.134085e-01	6.336005e-02	1.853533e-01	-1.219932e-01
179           	1.536076e-01	4.133856e-01	6.325160e-02	1.852334e-01	-1.219818e-01
180           	1.535301e-01	4.133580e-01	6.307074e-02	1.850655e-01	-1.219947e-01
181           	1.535131e-01	4.134054e-01	6.286245e-02	1.849443e-01	-1.220819e-01
182           	1.535042e-01	4.134981e-01	6.268141e-02	1.848449e-01	-1.221635e-01
183           	1.535245e-01	4.136757e-01	6.249753e-02	1.847733e-01	-1.222758e-01
184           	1.535615e-01	4.139015e-01	6.246201e-02	1.847925e-01	-1.223305e-01
185           	1.536490e-01	4.142547e-01	6.250309e-02	1.849006e-01	-1.223975e-01
186           	1.537118e-01	4.146363e-01	6.264912e-02	1.850364e-01	-1.223872e-01
187           	1.538045e-01	4.150674e-01	6.285538e-02	1.852322e-01	-1.223768e-01
188           	1.539077e-01	4.154978e-01	6.319808e-02	1.855067e-01	-1.223086e-01
189           	1.540098e-01	4.158979e-01	6.351673e-02	1.857681e-01	-1.222514e-01
190           	1.540711e-01	4.161820e-01	6.388098e-02	1.860116e-01	-1.221306e-01
191           	1.541109e-01	4.164140e-01	6.416103e-02	1.861915e-01	-1.220304e-01
192           	1.541126e-01	4.165251e-01	6.446452e-02	1.863449e-01	-1.218804e-01
193           	1.540923e-01	4.166127e-01	6.462050e-02	1.864026e-01	-1.217821e-01
194           	1.540238e-01	4.166076e-01	6.477103e-02	1.864094e-01	-1.216383e-01
195           	1.539479e-01	4.165582e-01	6.486151e-02	1.863786e-01	-1.215171e-01
196           	1.538646e-01	4.164746e-01	6.501412e-02	1.863716e-01	-1.213575e-01
197           	1.537669e-01	4.163683e-01	6.513273e-02	1.863333e-01	-1.212005e-01
198           	1.536529e-01	4.162231e-01	6.531499e-02	1.863104e-01	-1.209954e-01
199           	1.535277e-01	4.160696e-01	6.545790e-02	1.862566e-01	-1.207987e-01
200           	1.534078e-01	4.159273e-01	6.561294e-02	1.862143e-01	-1.206014e-01
201           	1.532754e-01	4.157727e-01	6.573373e-02	1.861423e-01	-1.204085e-01
202           	1.531576e-01	4.156136e-01	6.588635e-02	1.861007e-01	-1.202144e-01
203           	1.530371e-01	4.154245e-01	6.600125e-02	1.860377e-01	-1.200365e-01
204           	1.529414e-01	4.152257e-01	6.612883e-02	1.860058e-01	-1.198770e-01
205           	1.528729e-01	4.150740e-01	6.614170e-02	1.859437e-01	-1.198020e-01
206           	1.528256e-01	4.149261e-01	6.610701e-02	1.858792e-01	-1.197721e-01
207           	1.527946e-01	4.147915e-01	6.601441e-02	1.858018e-01	-1.197874e-01
208           	1.528027e-01	4.146787e-01	6.595520e-02	1.857803e-01	-1.198251e-01
209           	1.528036e-01	4.145567e-01	6.587682e-02	1.857420e-01	-1.198652e-01
210           	1.528103e-01	4.144393e-01	6.585890e-02	1.857397e-01	-1.198808e-01
211           	1.528119e-01	4.143597e-01	6.581495e-02	1.857193e-01	-1.199044e-01
212           	1.528226e-01	4.142859e-01	6.582887e-02	1.857370e-01	-1.199082e-01
213           	1.527928e-01	4.141981e-01	6.581670e-02	1.857012e-01	-1.198845e-01
214           	1.527645e-01	4.141386e-01	6.585641e-02	1.856927e-01	-1.198363e-01
215           	1.527375e-01	4.140602e-01	6.594175e-02	1.857084e-01	-1.197666e-01
216           	1.527209e-01	4.140278e-01	6.605427e-02	1.857480e-01	-1.196937e-01
217           	1.527242e-01	4.140458e-01	6.612643e-02	1.857874e-01	-1.196610e-01
218           	1.527315e-01	4.140645e-01	6.619631e-02	1.858297e-01	-1.196334e-01
219           	1.527355e-01	4.141075e-01	6.617763e-02	1.858244e-01	-1.196467e-01
220           	1.527611e-01	4.141394e-01	6.622362e-02	1.858729e-01	-1.196493e-01
221           	1.527973e-01	4.141462e-01	6.625781e-02	1.859262e-01	-1.196684e-01
222           	1.528216e-01	4.140973e-01	6.630013e-02	1.859717e-01	-1.196716e-01
223           	1.528246e-01	4.140009e-01	6.625562e-02	1.859524e-01	-1.196968e-01
224           	1.528257e-01	4.138517e-01	6.623641e-02	1.859439e-01	-1.197075e-01
225           	1.528468e-01	4.136799e-01	6.617807e-02	1.859358e-01	-1.197577e-01
226           	1.528644e-01	4.134993e-01	6.610069e-02	1.859147e-01	-1.198140e-01
227           	1.528590e-01	4.132731e-01	6.594121e-02	1.858296e-01	-1.198884e-01
228           	1.528313e-01	4.129944e-01	6.579682e-02	1.857297e-01	-1.199329e-01
229           	1.527791e-01	4.126893e-01	6.561555e-02	1.855869e-01	-1.199714e-01
230           	1.527169e-01	4.123591e-01	6.549765e-02	1.854657e-01	-1.199680e-01
231           	1.526540e-01	4.120549e-01	6.535099e-02	1.853295e-01	-1.199785e-01
232           	1.526260e-01	4.118301e-01	6.523554e-02	1.852438e-01	-1.200083e-01
233           	1.526249e-01	4.117107e-01	6.504884e-02	1.851493e-01	-1.201005e-01
234           	1.526314e-01	4.116149e-01	6.493172e-02	1.850972e-01	-1.201655e-01
235           	1.526598e-01	4.115843e-01	6.481437e-02	1.850670e-01	-1.202527e-01
236           	1.527340e-01	4.116160e-01	6.483090e-02	1.851494e-01	-1.203185e-01
237           	1.528514e-01	4.117555e-01	6.482202e-02	1.852624e-01	-1.204404e-01
238           	1.529679e-01	4.119105e-01	6.484407e-02	1.853900e-01	-1.205459e-01
239           	1.530707e-01	4.121003e-01	6.475719e-02	1.854493e-01	-1.206921e-01
240           	1.531555e-01	4.122644e-01	6.468593e-02	1.854985e-01	-1.208126e-01
241           	1.532010e-01	4.123922e-01	6.451642e-02	1.854592e-01	-1.209428e-01
242           	1.531898e-01	4.124742e-01	6.436997e-02	1.853748e-01	-1.210049e-01
243           	1.531624e-01	4.125101e-01	6.423413e-02	1.852795e-01	-1.210454e-01
244           	1.531342e-01	4.125694e-01	6.415628e-02	1.852123e-01	-1.210560e-01
245           	1.531051e-01	4.126507e-01	6.405465e-02	1.851324e-01	-1.210778e-01
246           	1.531026e-01	4.127686e-01	6.405953e-02	1.851323e-01	-1.210728e-01
247           	1.531041e-01	4.128827e-01	6.404087e-02	1.851245e-01	-1.210837e-01
248           	1.531294e-01	4.130097e-01	6.409072e-02	1.851748e-01	-1.210840e-01
249           	1.531462e-01	4.131315e-01	6.404618e-02	1.851693e-01	-1.211231e-01
250           	1.531922e-01	4.132689e-01	6.405379e-02	1.852191e-01	-1.211653e-01
251           	1.532404e-01	4.134218e-01	6.396104e-02	1.852209e-01	-1.212598e-01
252           	1.533018e-01	4.135853e-01	6.390604e-02	1.852548e-01	-1.213488e-01
253           	1.533347e-01	4.137436e-01	6.374187e-02	1.852056e-01	-1.214638e-01
254           	1.533716e-01	4.139131e-01	6.364282e-02	1.851930e-01	-1.215502e-01
255           	1.534002e-01	4.141146e-01	6.350820e-02	1.851543e-01	-1.216461e-01
256           	1.534303e-01	4.143370e-01	6.348234e-02	1.851715e-01	-1.216892e-01
257           	1.534449e-01	4.145689e-01	6.345566e-02	1.851728e-01	-1.217171e-01
258           	1.534492e-01	4.148022e-01	6.350664e-02	1.852025e-01	-1.216959e-01
259           	1.534340e-01	4.150326e-01	6.357641e-02	1.852222e-01	-1.216458e-01
260           	1.534315e-01	4.152645e-01	6.374174e-02	1.853024e-01	-1.215606e-01
261           	1.534197e-01	4.155063e-01	6.387494e-02	1.853572e-01	-1.214823e-01
262           	1.534110e-01	4.157339e-01	6.404384e-02	1.854330e-01	-1.213891e-01
263           	1.534086e-01	4.159461e-01	6.416435e-02	1.854908e-01	-1.213265e-01
264           	1.534380e-01	4.161728e-01	6.430388e-02	1.855900e-01	-1.212861e-01
265           	1.534498e-01	4.163307e-01	6.438657e-02	1.856431e-01	-1.212565e-01
266           	1.534803e-01	4.164793e-01	6.449280e-02	1.857267e-01	-1.212339e-01
267           	1.534926e-01	4.165723e-01	6.455711e-02	1.857711e-01	-1.212140e-01
268           	1.535121e-01	4.166493e-01	6.465905e-02	1.858416e-01	-1.211826e-01
269           	1.534985e-01	4.166922e-01	6.469436e-02	1.858457e-01	-1.211513e-01
270           	1.534806e-01	4.167005e-01	6.476849e-02	1.858648e-01	-1.210963e-01
271           	1.534007e-01	4.166356e-01	6.476006e-02	1.857807e-01	-1.210206e-01
272           	1.533422e-01	4.165213e-01	6.487899e-02	1.857817e-01	-1.209027e-01
273           	1.532240e-01	4.163808e-01	6.490264e-02	1.856753e-01	-1.207727e-01
274           	1.531203e-01	4.161841e-01	6.504561e-02	1.856431e-01	-1.205975e-01
275           	1.530114e-01	4.159915e-01	6.515846e-02	1.855907e-01	-1.204322e-01
276           	1.529325e-01	4.158206e-01	6.531204e-02	1.855885e-01	-1.202765e-01
277           	1.528572e-01	4.156487e-01	6.541474e-02	1.855646e-01	-1.201499e-01
278           	1.528008e-01	4.154843e-01	6.553181e-02	1.855667e-01	-1.200349e-01
279           	1.527725e-01	4.153094e-01	6.563318e-02	1.855891e-01	-1.199559e-01
280           	1.527703e-01	4.151565e-01	6.572997e-02	1.856353e-01	-1.199053e-01
281           	1.527671e-01	4.149932e-01	6.575737e-02	1.856458e-01	-1.198884e-01
282           	1.527824e-01	4.148436e-01	6.582395e-02	1.856944e-01	-1.198704e-01
283           	1.528138e-01	4.147379e-01	6.584906e-02	1.857383e-01	-1.198892e-01
284           	1.528692e-01	4.146886e-01	6.591525e-02	1.858268e-01	-1.199116e-01
285           	1.529138e-01	4.146750e-01	6.591918e-02	1.858734e-01	-1.199542e-01
286           	1.529432e-01	4.146784e-01	6.595600e-02	1.859212e-01	-1.199652e-01
287           	1.529445e-01	4.146481e-01	6.598808e-02	1.859385e-01	-1.199505e-01
288           	1.529533e-01	4.146115e-01	6.610958e-02	1.860081e-01	-1.198985e-01
289           	1.529513e-01	4.145606e-01	6.617851e-02	1.860406e-01	-1.198621e-01
290           	1.529481e-01	4.144991e-01	6.625745e-02	1.860768e-01	-1.198194e-01
291           	1.529585e-01	4.144271e-01	6.626869e-02	1.860928e-01	-1.198241e-01
292           	1.530079e-01	4.143509e-01	6.632589e-02	1.861709e-01	-1.198450e-01
293           	1.530481e-01	4.142115e-01	6.626516e-02	1.861807e-01	-1.199156e-01
294           	1.530405e-01	4.139391e-01	6.618730e-02	1.861342e-01	-1.199469e-01
295           	1.530072e-01	4.135869e-01	6.602010e-02	1.860173e-01	-1.199972e-01
296           	1.529732e-01	4.132119e-01	6.590037e-02	1.859233e-01	-1.200230e-01
297           	1.529461e-01	4.128956e-01	6.573632e-02	1.858143e-01	-1.200780e-01
298           	1.529231e-01	4.126171e-01	6.563499e-02	1.857406e-01	-1.201056e-01
299           	1.529181e-01	4.124181e-01	6.549914e-02	1.856677e-01	-1.201685e-01
300           	1.529189e-01	4.122757e-01	6.540967e-02	1.856237e-01	-1.202140e-01
301           	1.529252e-01	4.121954e-01	6.527742e-02	1.855639e-01	-1.202865e-01
302           	1.529526e-01	4.121680e-01	6.522359e-02	1.855644e-01	-1.203408e-01
303           	1.530170e-01	4.122463e-01	6.513929e-02	1.855867e-01	-1.204474e-01
304           	1.530887e-01	4.123421e-01	6.513628e-02	1.856568e-01	-1.205205e-01
305           	1.531727e-01	4.124754e-01	6.509455e-02	1.857200e-01	-1.206254e-01
306           	1.532164e-01	4.125496e-01	6.509528e-02	1.857640e-01	-1.206687e-01
307           	1.532456e-01	4.126306e-01	6.501869e-02	1.857549e-01	-1.207362e-01
308           	1.532447e-01	4.126597e-01	6.498934e-02	1.857393e-01	-1.207500e-01
309           	1.532232e-01	4.126875e-01	6.491097e-02	1.856787e-01	-1.207677e-01
310           	1.532023e-01	4.127467e-01	6.488806e-02	1.856463e-01	-1.207583e-01
311           	1.532049e-01	4.128806e-01	6.485093e-02	1.856303e-01	-1.207794e-01
312           	1.532458e-01	4.130841e-01	6.491130e-02	1.857014e-01	-1.207901e-01
313           	1.533141e-01	4.133642e-01	6.496868e-02	1.857984e-01	-1.208297e-01
314           	1.533891e-01	4.136325e-01	6.509317e-02	1.859357e-01	-1.208425e-01
315           	1.534658e-01	4.138970e-01	6.515532e-02	1.860435e-01	-1.208881e-01
316           	1.535540e-01	4.141390e-01	6.523843e-02	1.861732e-01	-1.209348e-01
317           	1.536262e-01	4.143496e-01	6.523596e-02	1.862442e-01	-1.210082e-01
318           	1.536921e-01	4.145134e-01	6.521472e-02	1.862995e-01	-1.210848e-01
319           	1.537319e-01	4.146565e-01	6.509356e-02	1.862787e-01	-1.211851e-01
320           	1.537637e-01	4.148006e-01	6.493814e-02	1.862327e-01	-1.212946e-01
321           	1.538107e-01	4.149837e-01	6.475074e-02	1.861861e-01	-1.214354e-01
322           	1.538427e-01	4.151527e-01	6.455680e-02	1.861211e-01	-1.215643e-01
323           	1.538660e-01	4.153523e-01	6.439026e-02	1.860611e-01	-1.216709e-01
324           	1.539193e-01	4.156140e-01	6.430675e-02	1.860727e-01	-1.217659e-01
325           	1.539899e-01	4.159503e-01	6.427227e-02	1.861260e-01	-1.218537e-01
326           	1.540997e-01	4.163253e-01	6.434158e-02	1.862704e-01	-1.219289e-01
327           	1.542441e-01	4.167820e-01	6.437698e-02	1.864326e-01	-1.220556e-01
328           	1.544143e-01	4.172429e-01	6.443519e-02	1.866319e-01	-1.221967e-01
329           	1.545650e-01	4.176946e-01	6.443615e-02	1.867831e-01	-1.223470e-01
330           	1.547078e-01	4.180638e-01	6.446005e-02	1.869379e-01	-1.224778e-01
331           	1.548284e-01	4.183877e-01	6.443994e-02	1.870483e-01	-1.226084e-01
332           	1.549093e-01	4.185885e-01	6.446078e-02	1.871397e-01	-1.226789e-01
333           	1.549242e-01	4.187273e-01	6.439334e-02	1.871209e-01	-1.227275e-01
334           	1.549159e-01	4.187541e-01	6.440878e-02	1.871203e-01	-1.227116e-01
335           	1.548584e-01	4.187419e-01	6.435482e-02	1.870358e-01	-1.226810e-01
336           	1.547714e-01	4.186581e-01	6.437899e-02	1.869609e-01	-1.225819e-01
337           	1.546481e-01	4.185354e-01	6.441159e-02	1.868539e-01	-1.224423e-01
338           	1.545132e-01	4.183431e-01	6.451144e-02	1.867689e-01	-1.222575e-01
339           	1.543629e-01	4.181478e-01	6.458362e-02	1.866547e-01	-1.220711e-01
340           	1.542336e-01	4.179425e-01	6.472373e-02	1.865955e-01	-1.218717e-01
341           	1.541252e-01	4.177900e-01	6.484512e-02	1.865478e-01	-1.217026e-01
342           	1.540427e-01	4.175986e-01	6.503826e-02	1.865618e-01	-1.215236e-01
343           	1.539960e-01	4.174645e-01	6.520113e-02	1.865965e-01	-1.213954e-01
344           	1.540005e-01	4.173747e-01	6.535535e-02	1.866782e-01	-1.213228e-01
345           	1.540167e-01	4.173102e-01	6.544319e-02	1.867383e-01	-1.212951e-01
346           	1.540498e-01	4.172193e-01	6.553488e-02	1.868173e-01	-1.212824e-01
347           	1.541078e-01	4.171565e-01	6.558476e-02	1.869002e-01	-1.213154e-01
348           	1.541642e-01	4.170524e-01	6.564664e-02	1.869875e-01	-1.213409e-01
349           	1.542302e-01	4.169822e-01	6.563833e-02	1.870494e-01	-1.214110e-01
350           	1.542708e-01	4.168828e-01	6.562511e-02	1.870834e-01	-1.214583e-01
351           	1.542603e-01	4.167525e-01	6.555048e-02	1.870356e-01	-1.214851e-01
352           	1.542360e-01	4.165813e-01	6.553482e-02	1.870035e-01	-1.214686e-01
353           	1.541758e-01	4.164377e-01	6.544772e-02	1.868997e-01	-1.214520e-01
354           	1.540699e-01	4.162049e-01	6.541941e-02	1.867797e-01	-1.213602e-01
355           	1.539196e-01	4.159494e-01	6.534491e-02	1.865920e-01	-1.212471e-01
356           	1.537790e-01	4.156667e-01	6.535888e-02	1.864584e-01	-1.210995e-01
357           	1.536450e-01	4.154026e-01	6.530364e-02	1.862968e-01	-1.209931e-01
358           	1.535618e-01	4.151295e-01	6.533217e-02	1.862279e-01	-1.208957e-01
359           	1.535383e-01	4.149302e-01	6.531793e-02	1.861972e-01	-1.208793e-01
360           	1.535381e-01	4.147467e-01	6.530821e-02	1.861922e-01	-1.208840e-01
361           	1.535313e-01	4.145337e-01	6.521127e-02	1.861370e-01	-1.209257e-01
362           	1.535136e-01	4.142668e-01	6.513874e-02	1.860830e-01	-1.209443e-01
363           	1.534939e-01	4.140242e-01	6.502465e-02	1.860062e-01	-1.209816e-01
364           	1.534752e-01	4.137900e-01	6.496721e-02	1.859588e-01	-1.209916e-01
365           	1.534484e-01	4.136138e-01	6.484994e-02	1.858734e-01	-1.210234e-01
366           	1.534067e-01	4.134373e-01	6.479066e-02	1.858021e-01	-1.210114e-01
367           	1.533700e-01	4.133198e-01	6.466111e-02	1.857006e-01	-1.210394e-01
368           	1.533334e-01	4.132057e-01	6.456532e-02	1.856160e-01	-1.210507e-01
369           	1.533085e-01	4.131585e-01	6.439722e-02	1.855071e-01	-1.211099e-01
370           	1.532973e-01	4.131238e-01	6.429829e-02	1.854464e-01	-1.211481e-01
371           	1.533058e-01	4.131280e-01	6.419268e-02	1.854021e-01	-1.212095e-01
372           	1.533233e-01	4.131240e-01	6.415942e-02	1.854030e-01	-1.212436e-01
373           	1.533474e-01	4.131518e-01	6.406915e-02	1.853820e-01	-1.213128e-01
374           	1.533371e-01	4.131216e-01	6.401519e-02	1.853447e-01	-1.213295e-01
375           	1.532987e-01	4.130728e-01	6.391340e-02	1.852554e-01	-1.213420e-01
376           	1.532700e-01	4.130478e-01	6.390577e-02	1.852229e-01	-1.213171e-01
377           	1.532356e-01	4.130415e-01	6.388818e-02	1.851797e-01	-1.212915e-01
378           	1.532333e-01	4.131269e-01	6.394063e-02	1.852037e-01	-1.212630e-01
379           	1.532649e-01	4.133177e-01	6.400190e-02	1.852659e-01	-1.212640e-01
380           	1.533289e-01	4.135540e-01	6.418245e-02	1.854201e-01	-1.212377e-01
381           	1.534027e-01	4.138187e-01	6.432690e-02	1.855662e-01	-1.212393e-01
382           	1.534752e-01	4.140523e-01	6.449597e-02	1.857232e-01	-1.212272e-01
383           	1.535482e-01	4.142832e-01	6.456643e-02	1.858314e-01	-1.212649e-01
384           	1.536219e-01	4.144714e-01	6.461014e-02	1.859270e-01	-1.213168e-01
385           	1.536793e-01	4.146347e-01	6.451630e-02	1.859375e-01	-1.214212e-01
386           	1.537252e-01	4.147558e-01	6.440311e-02	1.859268e-01	-1.215236e-01
387           	1.537609e-01	4.148745e-01	6.418558e-02	1.858537e-01	-1.216681e-01
388           	1.538125e-01	4.150060e-01	6.399805e-02	1.858116e-01	-1.218135e-01
389           	1.538665e-01	4.151892e-01	6.372819e-02	1.857306e-01	-1.220024e-01
390           	1.539192e-01	4.153689e-01	6.352921e-02	1.856838e-01	-1.221546e-01
391           	1.539862e-01	4.156199e-01	6.334443e-02	1.856584e-01	-1.223139e-01
392           	1.540917e-01	4.159443e-01	6.328665e-02	1.857350e-01	-1.224483e-01
393           	1.542161e-01	4.163677e-01	6.321996e-02	1.858261e-01	-1.226061e-01
394           	1.543643e-01	4.167988e-01	6.325764e-02	1.859931e-01	-1.227355e-01
395           	1.545048e-01	4.172666e-01	6.321736e-02	1.861135e-01	-1.228962e-01
396           	1.546799e-01	4.177095e-01	6.328362e-02	1.863217e-01	-1.230381e-01
397           	1.548184e-01	4.181379e-01	6.324887e-02	1.864428e-01	-1.231939e-01
398           	1.549303e-01	4.184578e-01	6.327737e-02	1.865689e-01	-1.232916e-01
399           	1.549922e-01	4.186857e-01	6.327234e-02	1.866284e-01	-1.233560e-01
400           	1.550289e-01	4.188287e-01	6.330700e-02	1.866824e-01	-1.233754e-01
401           	1.549991e-01	4.188872e-01	6.328128e-02	1.866397e-01	-1.233584e-01
402           	1.549308e-01	4.188318e-01	6.330019e-02	1.865809e-01	-1.232807e-01
403           	1.548105e-01	4.187345e-01	6.327289e-02	1.864469e-01	-1.231740e-01
404           	1.546673e-01	4.185368e-01	6.334703e-02	1.863408e-01	-1.229938e-01
405           	1.545249e-01	4.183554e-01	6.342288e-02	1.862363e-01	-1.228135e-01
406           	1.543838e-01	4.181256e-01	6.354648e-02	1.861571e-01	-1.226106e-01
407           	1.542443e-01	4.179265e-01	6.361432e-02	1.860514e-01	-1.224371e-01
408           	1.541333e-01	4.177213e-01	6.374646e-02	1.860065e-01	-1.222601e-01
409           	1.540606e-01	4.175879e-01	6.386359e-02	1.859924e-01	-1.221288e-01
410           	1.540255e-01	4.174316e-01	6.403571e-02	1.860433e-01	-1.220076e-01
411           	1.540155e-01	4.173344e-01	6.416588e-02	1.860984e-01	-1.219326e-01
412           	1.540490e-01	4.172808e-01	6.429732e-02	1.861976e-01	-1.219003e-01
413           	1.540824e-01	4.172377e-01	6.437130e-02	1.862680e-01	-1.218967e-01
414           	1.541235e-01	4.171634e-01	6.446795e-02	1.863575e-01	-1.218895e-01
415           	1.541650e-01	4.171174e-01	6.452205e-02	1.864260e-01	-1.219040e-01
416           	1.542026e-01	4.170117e-01	6.460186e-02	1.865035e-01	-1.219016e-01
417           	1.542211e-01	4.169306e-01	6.459494e-02	1.865186e-01	-1.219237e-01
418           	1.542214e-01	4.168270e-01	6.457899e-02	1.865108e-01	-1.219319e-01
419           	1.541752e-01	4.166846e-01	6.453199e-02	1.864412e-01	-1.219092e-01
420           	1.541182e-01	4.165016e-01	6.452505e-02	1.863807e-01	-1.218557e-01
421           	1.540441e-01	4.163502e-01	6.448007e-02	1.862842e-01	-1.218041e-01
422           	1.539492e-01	4.161465e-01	6.446922e-02	1.861838e-01	-1.217146e-01
423           	1.538267e-01	4.159333e-01	6.443184e-02	1.860426e-01	-1.216108e-01
424           	1.537331e-01	4.157238e-01	6.444052e-02	1.859534e-01	-1.215128e-01
425           	1.536606e-01	4.155455e-01	6.440401e-02	1.858626e-01	-1.214586e-01
426           	1.536278e-01	4.153625e-01	6.440285e-02	1.858292e-01	-1.214263e-01
427           	1.536349e-01	4.152411e-01	6.434346e-02	1.858066e-01	-1.214632e-01
428           	1.536836e-01	4.151359e-01	6.433109e-02	1.858491e-01	-1.215180e-01
429           	1.536983e-01	4.149812e-01	6.423495e-02	1.858158e-01	-1.215809e-01
430           	1.536923e-01	4.147594e-01	6.415791e-02	1.857713e-01	-1.216134e-01
431           	1.536723e-01	4.145474e-01	6.402294e-02	1.856838e-01	-1.216609e-01
432           	1.536398e-01	4.143175e-01	6.393264e-02	1.856061e-01	-1.216735e-01
433           	1.535944e-01	4.141276e-01	6.377906e-02	1.854839e-01	-1.217049e-01
434           	1.535253e-01	4.139173e-01	6.367828e-02	1.853645e-01	-1.216862e-01
435           	1.534644e-01	4.137623e-01	6.352045e-02	1.852246e-01	-1.217042e-01
436           	1.533888e-01	4.135910e-01	6.337882e-02	1.850782e-01	-1.216994e-01
437           	1.533751e-01	4.135133e-01	6.323000e-02	1.849901e-01	-1.217601e-01
438           	1.533690e-01	4.134720e-01	6.313111e-02	1.849346e-01	-1.218034e-01
439           	1.534009e-01	4.135093e-01	6.302247e-02	1.849121e-01	-1.218896e-01
440           	1.534453e-01	4.135321e-01	6.303970e-02	1.849651e-01	-1.219254e-01
441           	1.535075e-01	4.136095e-01	6.302905e-02	1.850220e-01	-1.219929e-01
442           	1.535359e-01	4.136444e-01	6.304693e-02	1.850594e-01	-1.220125e-01
443           	1.535463e-01	4.136771e-01	6.300981e-02	1.850512e-01	-1.220414e-01
444           	1.535370e-01	4.137122e-01	6.302032e-02	1.850472e-01	-1.220269e-01
445           	1.535245e-01	4.137514e-01	6.300884e-02	1.850289e-01	-1.220201e-01
446           	1.535217e-01	4.138279e-01	6.307491e-02	1.850591e-01	-1.219842e-01
447           	1.535384e-01	4.139825e-01	6.312445e-02	1.851006e-01	-1.219761e-01
448           	1.535865e-01	4.141825e-01	6.327879e-02	1.852258e-01	-1.219471e-01
449           	1.536387e-01	4.143962e-01	6.338248e-02	1.853299e-01	-1.219474e-01
450           	1.536814e-01	4.145751e-01	6.351189e-02	1.854374e-01	-1.219255e-01
451           	1.537382e-01	4.147631e-01	6.354458e-02	1.855105e-01	-1.219659e-01
452           	1.537930e-01	4.148915e-01	6.359870e-02	1.855923e-01	-1.219936e-01
453           	1.538411e-01	4.150058e-01	6.351713e-02	1.855997e-01	-1.220826e-01
454           	1.538806e-01	4.150757e-01	6.342362e-02	1.855924e-01	-1.221688e-01
455           	1.539180e-01	4.151605e-01	6.321606e-02	1.855260e-01	-1.223099e-01
456           	1.539838e-01	4.152860e-01	6.304461e-02	1.855061e-01	-1.224615e-01
457           	1.540481e-01	4.154788e-01	6.277812e-02	1.854371e-01	-1.226590e-01
458           	1.541175e-01	4.156809e-01	6.260888e-02	1.854219e-01	-1.228131e-01
459           	1.541831e-01	4.159338e-01	6.246038e-02	1.854133e-01	-1.229529e-01
460           	1.542810e-01	4.162492e-01	6.246271e-02	1.855123e-01	-1.230496e-01
461           	1.543873e-01	4.166373e-01	6.248598e-02	1.856303e-01	-1.231443e-01
462           	1.545148e-01	4.170496e-01	6.257614e-02	1.858029e-01	-1.232267e-01
463           	1.546296e-01	4.174873e-01	6.259724e-02	1.859282e-01	-1.233310e-01
464           	1.547629e-01	4.179115e-01	6.267493e-02	1.861003e-01	-1.234254e-01
465           	1.548652e-01	4.182834e-01	6.271099e-02	1.862207e-01	-1.235097e-01
466           	1.549634e-01	4.185972e-01	6.277244e-02	1.863497e-01	-1.235772e-01
467           	1.550095e-01	4.188048e-01	6.280926e-02	1.864141e-01	-1.236048e-01
468           	1.550445e-01	4.189402e-01	6.286203e-02	1.864756e-01	-1.236135e-01
469           	1.550173e-01	4.189882e-01	6.286262e-02	1.864486e-01	-1.235860e-01
470           	1.549597e-01	4.189617e-01	6.286628e-02	1.863928e-01	-1.235265e-01
471           	1.548682e-01	4.188607e-01	6.292126e-02	1.863288e-01	-1.234076e-01
472           	1.547726e-01	4.187322e-01	6.300085e-02	1.862730e-01	-1.232721e-01
473           	1.546473e-01	4.185520e-01	6.311376e-02	1.862041e-01	-1.230904e-01
474           	1.545139e-01	4.183568e-01	6.320534e-02	1.861165e-01	-1.229112e-01
475           	1.543583e-01	4.181256e-01	6.331412e-02	1.860154e-01	-1.227012e-01
476           	1.542565e-01	4.179274e-01	6.345126e-02	1.859821e-01	-1.225309e-01
477           	1.541734e-01	4.177592e-01	6.362076e-02	1.859838e-01	-1.223630e-01
478           	1.541300e-01	4.175911e-01	6.383687e-02	1.860485e-01	-1.222116e-01
479           	1.540824e-01	4.174491e-01	6.401324e-02	1.860891e-01	-1.220758e-01
480           	1.540885e-01	4.173535e-01	6.420563e-02	1.861913e-01	-1.219857e-01
481           	1.540814e-01	4.172430e-01	6.435063e-02	1.862567e-01	-1.219061e-01
482           	1.540977e-01	4.171245e-01	6.449166e-02	1.863435e-01	-1.218519e-01
483           	1.540998e-01	4.170125e-01	6.458268e-02	1.863911e-01	-1.218085e-01
484           	1.541160e-01	4.168543e-01	6.470783e-02	1.864699e-01	-1.217620e-01
485           	1.541006e-01	4.166980e-01	6.475400e-02	1.864777e-01	-1.217236e-01
486           	1.540887e-01	4.165514e-01	6.477933e-02	1.864783e-01	-1.216990e-01
487           	1.540299e-01	4.163839e-01	6.474570e-02	1.864027e-01	-1.216570e-01
488           	1.539732e-01	4.162037e-01	6.474664e-02	1.863465e-01	-1.215999e-01
489           	1.538775e-01	4.160128e-01	6.470588e-02	1.862305e-01	-1.215246e-01
490           	1.537562e-01	4.157793e-01	6.469417e-02	1.861033e-01	-1.214091e-01
491           	1.536370e-01	4.155316e-01	6.470215e-02	1.859881e-01	-1.212859e-01
492           	1.535360e-01	4.153098e-01	6.469465e-02	1.858834e-01	-1.211887e-01
493           	1.534725e-01	4.151176e-01	6.466390e-02	1.858044e-01	-1.211405e-01
494           	1.534656e-01	4.149554e-01	6.467485e-02	1.858030e-01	-1.211281e-01
495           	1.534852e-01	4.148321e-01	6.463307e-02	1.858017e-01	-1.211686e-01
496           	1.535198e-01	4.146832e-01	6.462058e-02	1.858301e-01	-1.212095e-01
497           	1.535146e-01	4.144793e-01	6.453457e-02	1.857819e-01	-1.212473e-01
498           	1.534959e-01	4.142371e-01	6.448568e-02	1.857387e-01	-1.212530e-01
499           	1.534728e-01	4.140419e-01	6.436159e-02	1.856536e-01	-1.212920e-01
500           	1.534673e-01	4.138655e-01	6.431874e-02	1.856267e-01	-1.213080e-01
