/*--------------------------------*- C++ -*----------------------------------*\
  =========                 |
  \\      /  F ield         | OpenFOAM: The Open Source CFD Toolbox
   \\    /   O peration     | Website:  https://openfoam.org
    \\  /    A nd           | Version:  9
     \\/     M anipulation  |
\*---------------------------------------------------------------------------*/
FoamFile
{
    format      ascii;
    class       surfaceScalarField;
    location    "0.55";
    object      phi;
}
// * * * * * * * * * * * * * * * * * * * * * * * * * * * * * * * * * * * * * //

dimensions      [0 3 -1 0 0 0 0];

internalField   nonuniform List<scalar> 
4432
(
5.17014e-06
-5.17014e-06
2.693e-06
2.47703e-06
-1.65937e-06
4.35239e-06
-5.35869e-06
3.69932e-06
-7.95366e-06
2.5949e-06
-9.35106e-06
1.39749e-06
-9.67172e-06
3.20695e-07
-9.09419e-06
-5.77557e-07
-7.79835e-06
-1.2957e-06
-5.87534e-06
-1.92313e-06
-3.35534e-06
-2.51989e-06
-2.3075e-07
-3.12465e-06
3.51642e-06
-3.74715e-06
7.90674e-06
-4.39038e-06
1.29381e-05
-5.0313e-06
1.84777e-05
-5.53975e-06
2.41671e-05
-5.68936e-06
2.92575e-05
-5.09048e-06
3.23628e-05
-3.10536e-06
3.06819e-05
1.68091e-06
2.15176e-05
9.16423e-06
8.1474e-06
1.33702e-05
8.14748e-06
8.58394e-07
-6.02851e-06
-1.79285e-06
5.12816e-06
-5.48535e-06
8.04485e-06
-8.67605e-06
6.89012e-06
-1.08965e-05
4.81528e-06
-1.21611e-05
2.66216e-06
-1.25896e-05
7.49361e-07
-1.22982e-05
-8.69054e-07
-1.13434e-05
-2.25034e-06
-9.77738e-06
-3.48928e-06
-7.63018e-06
-4.66702e-06
-4.9129e-06
-5.842e-06
-1.61714e-06
-7.04287e-06
2.26209e-06
-8.26976e-06
6.6865e-06
-9.45566e-06
1.15376e-05
-1.03909e-05
1.65211e-05
-1.0673e-05
2.10716e-05
-9.641e-06
2.43708e-05
-6.40475e-06
2.55334e-05
5.18481e-07
2.24053e-05
1.22922e-05
1.22568e-05
2.35186e-05
2.04044e-05
-1.90747e-06
-4.12102e-06
-4.74877e-06
7.9694e-06
-7.7738e-06
1.10698e-05
-1.04592e-05
9.57563e-06
-1.24886e-05
6.84462e-06
-1.38099e-05
3.98352e-06
-1.44469e-05
1.38647e-06
-1.44406e-05
-8.75543e-07
-1.38258e-05
-2.86502e-06
-1.26414e-05
-4.67371e-06
-1.09171e-05
-6.39126e-06
-8.67116e-06
-8.08803e-06
-5.91155e-06
-9.80244e-06
-2.65013e-06
-1.15313e-05
1.07453e-06
-1.31803e-05
5.16119e-06
-1.44777e-05
9.37688e-06
-1.48888e-05
1.32643e-05
-1.35284e-05
1.60747e-05
-9.21522e-06
1.72296e-05
-6.36451e-07
1.60387e-05
1.34832e-05
1.03146e-05
2.92426e-05
3.0719e-05
-3.62985e-06
-4.91172e-07
-6.65834e-06
1.09979e-05
-9.3939e-06
1.38053e-05
-1.18428e-05
1.20246e-05
-1.38174e-05
8.81915e-06
-1.5239e-05
5.40509e-06
-1.60855e-05
2.23306e-06
-1.63646e-05
-5.96495e-07
-1.60986e-05
-3.13102e-06
-1.53186e-05
-5.4537e-06
-1.40554e-05
-7.65446e-06
-1.23344e-05
-9.80901e-06
-1.01758e-05
-1.1961e-05
-7.60278e-06
-1.41044e-05
-4.65485e-06
-1.61282e-05
-1.40717e-06
-1.77254e-05
1.98033e-06
-1.82763e-05
5.18139e-06
-1.67294e-05
7.63054e-06
-1.16645e-05
8.80079e-06
-1.8067e-06
8.68212e-06
1.36019e-05
6.30759e-06
3.1617e-05
3.70266e-05
-4.67447e-06
4.18328e-06
-7.96527e-06
1.42887e-05
-1.06528e-05
1.64928e-05
-1.30381e-05
1.441e-05
-1.50417e-05
1.08228e-05
-1.65927e-05
6.95599e-06
-1.76551e-05
3.29558e-06
-1.82242e-05
-2.75017e-08
-1.83156e-05
-3.03958e-06
-1.79576e-05
-5.8117e-06
-1.71837e-05
-8.42828e-06
-1.6028e-05
-1.09648e-05
-1.45228e-05
-1.34662e-05
-1.2703e-05
-1.59243e-05
-1.06086e-05
-1.82225e-05
-8.29014e-06
-2.00438e-05
-5.83014e-06
-2.07364e-05
-3.40554e-06
-1.91539e-05
-1.36391e-06
-1.37062e-05
-4.86324e-08
-3.12201e-06
1.03668e-06
1.25166e-05
1.61491e-06
3.10386e-05
3.86416e-05
-5.3552e-06
9.53844e-06
-8.89529e-06
1.78288e-05
-1.16692e-05
1.92666e-05
-1.40982e-05
1.68389e-05
-1.61873e-05
1.29119e-05
-1.78904e-05
8.65904e-06
-1.91754e-05
4.58061e-06
-2.00359e-05
8.32925e-07
-2.04868e-05
-2.58858e-06
-2.05569e-05
-5.74163e-06
-2.02842e-05
-8.70096e-06
-1.97123e-05
-1.15367e-05
-1.88872e-05
-1.42912e-05
-1.7858e-05
-1.69535e-05
-1.6672e-05
-1.94086e-05
-1.53651e-05
-2.13507e-05
-1.39546e-05
-2.2147e-05
-1.24521e-05
-2.06564e-05
-1.08991e-05
-1.52593e-05
-9.29349e-06
-4.72772e-06
-7.17677e-06
1.04e-05
-3.75401e-06
2.76158e-05
3.48876e-05
-5.80068e-06
1.53391e-05
-9.57562e-06
2.16037e-05
-1.25036e-05
2.21946e-05
-1.50411e-05
1.93764e-05
-1.72534e-05
1.51242e-05
-1.91248e-05
1.05303e-05
-2.06356e-05
6.09142e-06
-2.17841e-05
1.98148e-06
-2.25884e-05
-1.78433e-06
-2.30797e-05
-5.25031e-06
-2.33016e-05
-8.479e-06
-2.33073e-05
-1.1531e-05
-2.31568e-05
-1.44416e-05
-2.29154e-05
-1.71949e-05
-2.26449e-05
-1.96791e-05
-2.23838e-05
-2.16118e-05
-2.21118e-05
-2.2419e-05
-2.16955e-05
-2.10726e-05
-2.08276e-05
-1.61272e-05
-1.90141e-05
-6.54133e-06
-1.54792e-05
6.86513e-06
-8.8004e-06
2.0937e-05
2.60873e-05
-6.07733e-06
2.14164e-05
-1.00842e-05
2.56106e-05
-1.31973e-05
2.53077e-05
-1.58814e-05
2.20605e-05
-1.82416e-05
1.74843e-05
-2.02915e-05
1.25802e-05
-2.20276e-05
7.82751e-06
-2.34558e-05
3.40976e-06
-2.45988e-05
-6.41356e-07
-2.54921e-05
-4.35704e-06
-2.61843e-05
-7.78674e-06
-2.67366e-05
-1.09788e-05
-2.72206e-05
-1.39576e-05
-2.77163e-05
-1.66993e-05
-2.83018e-05
-1.90935e-05
-2.90286e-05
-2.08849e-05
-2.98679e-05
-2.15798e-05
-3.05949e-05
-2.03456e-05
-3.06065e-05
-1.61156e-05
-2.8899e-05
-8.24886e-06
-2.42927e-05
2.25891e-06
-1.45577e-05
1.1202e-05
1.15296e-05
2.77446e-06
-2.77446e-06
-3.71721e-06
6.49166e-06
-1.22213e-05
8.50417e-06
-1.91969e-05
6.9756e-06
-2.41847e-05
4.98779e-06
-2.72004e-05
3.0157e-06
-2.85324e-05
1.33206e-06
-2.84763e-05
-5.62555e-08
-2.74024e-05
-1.07391e-06
-2.55552e-05
-1.84724e-06
-2.30582e-05
-2.49713e-06
-1.99878e-05
-3.0703e-06
-1.64268e-05
-3.56108e-06
-1.2489e-05
-3.93786e-06
-8.3395e-06
-4.14943e-06
-4.35283e-06
-3.98673e-06
-1.15404e-06
-3.19876e-06
6.60272e-07
-1.81433e-06
6.60271e-07
-2.02836e-06
-7.46007e-07
-9.86177e-06
1.43251e-05
-1.79429e-05
1.65853e-05
-2.39647e-05
1.29974e-05
-2.77698e-05
8.79286e-06
-2.97832e-05
5.02896e-06
-3.04592e-05
2.00808e-06
-3.0171e-05
-3.44515e-07
-2.90574e-05
-2.18763e-06
-2.72072e-05
-3.69743e-06
-2.47208e-05
-4.98363e-06
-2.16827e-05
-6.10838e-06
-1.81803e-05
-7.0635e-06
-1.43271e-05
-7.7911e-06
-1.0276e-05
-8.2005e-06
-6.24329e-06
-8.01949e-06
-2.64945e-06
-6.79259e-06
-2.31914e-07
-4.23175e-06
4.28366e-07
-6.59857e-06
5.85263e-06
-1.42102e-05
2.19368e-05
-2.09142e-05
2.32893e-05
-2.57721e-05
1.78553e-05
-2.88951e-05
1.19159e-05
-3.06183e-05
6.75205e-06
-3.1224e-05
2.6138e-06
-3.09172e-05
-6.51384e-07
-2.98139e-05
-3.29103e-06
-2.80111e-05
-5.50012e-06
-2.55969e-05
-7.39788e-06
-2.26534e-05
-9.05185e-06
-1.92664e-05
-1.04505e-05
-1.55426e-05
-1.1515e-05
-1.16289e-05
-1.21141e-05
-7.71865e-06
-1.19298e-05
-4.0751e-06
-1.04361e-05
-1.25687e-06
-7.04988e-06
-8.28482e-07
-1.03283e-05
1.6181e-05
-1.78451e-05
2.94536e-05
-2.34796e-05
2.89236e-05
-2.74436e-05
2.18194e-05
-3.00178e-05
1.44901e-05
-3.1455e-05
8.18918e-06
-3.1931e-05
3.08982e-06
-3.15725e-05
-1.00994e-06
-3.04724e-05
-4.39116e-06
-2.87127e-05
-7.2598e-06
-2.63672e-05
-9.74333e-06
-2.35107e-05
-1.19084e-05
-2.02234e-05
-1.37378e-05
-1.66037e-05
-1.51347e-05
-1.27858e-05
-1.5932e-05
-8.93522e-06
-1.57804e-05
-5.2577e-06
-1.41136e-05
-2.1149e-06
-1.01926e-05
-2.94336e-06
-1.38125e-05
2.99935e-05
-2.13056e-05
3.69467e-05
-2.60512e-05
3.36693e-05
-2.92394e-05
2.50076e-05
-3.12919e-05
1.65427e-05
-3.24207e-05
9.31789e-06
-3.27324e-05
3.40153e-06
-3.23e-05
-1.44237e-06
-3.1187e-05
-5.50418e-06
-2.94546e-05
-8.99219e-06
-2.71612e-05
-1.20367e-05
-2.43705e-05
-1.46991e-05
-2.11543e-05
-1.69539e-05
-1.76007e-05
-1.86884e-05
-1.38271e-05
-1.97055e-05
-9.9733e-06
-1.96342e-05
-6.19945e-06
-1.78875e-05
-2.73571e-06
-1.36562e-05
-5.67907e-06
-1.76445e-05
4.7638e-05
-2.4958e-05
4.42602e-05
-2.87898e-05
3.75011e-05
-3.1221e-05
2.74387e-05
-3.2752e-05
1.80737e-05
-3.3556e-05
1.01219e-05
-3.3682e-05
3.52754e-06
-3.31569e-05
-1.96752e-06
-3.20129e-05
-6.64817e-06
-3.02883e-05
-1.07168e-05
-2.8025e-05
-1.43001e-05
-2.52733e-05
-1.74508e-05
-2.20944e-05
-2.01328e-05
-1.85641e-05
-2.22187e-05
-1.47826e-05
-2.3487e-05
-1.08658e-05
-2.3551e-05
-6.938e-06
-2.18152e-05
-3.15964e-06
-1.74345e-05
-8.83873e-06
-2.22777e-05
6.99156e-05
-2.90944e-05
5.1077e-05
-3.17851e-05
4.01917e-05
-3.3413e-05
2.90667e-05
-3.44106e-05
1.90714e-05
-3.4879e-05
1.05902e-05
-3.48056e-05
3.45403e-06
-3.41724e-05
-2.60068e-06
-3.29801e-05
-7.84055e-06
-3.12429e-05
-1.24539e-05
-2.89852e-05
-1.65578e-05
-2.62432e-05
-2.01928e-05
-2.30655e-05
-2.33106e-05
-1.95152e-05
-2.5769e-05
-1.56757e-05
-2.73265e-05
-1.16432e-05
-2.75835e-05
-7.52026e-06
-2.59381e-05
-3.45025e-06
-2.15044e-05
-1.2289e-05
-2.83613e-05
9.82768e-05
-3.37968e-05
5.65126e-05
-3.50496e-05
4.14446e-05
-3.57949e-05
2.98119e-05
-3.62509e-05
1.95275e-05
-3.63811e-05
1.07203e-05
-3.61013e-05
3.17425e-06
-3.53487e-05
-3.3533e-06
-3.40923e-05
-9.09697e-06
-3.23229e-05
-1.42234e-05
-3.00469e-05
-1.88338e-05
-2.72857e-05
-2.29541e-05
-2.40747e-05
-2.65216e-05
-2.04643e-05
-2.93794e-05
-1.65236e-05
-3.12671e-05
-1.2334e-05
-3.17731e-05
-7.98984e-06
-3.02822e-05
-3.64937e-06
-2.58449e-05
-1.59383e-05
-1.32438e-05
3.46602e-05
-2.27333e-05
3.51e-05
-3.00865e-05
3.26609e-05
-3.63539e-05
2.83279e-05
-4.19187e-05
2.30492e-05
-4.68947e-05
1.75561e-05
-5.13244e-05
1.22572e-05
-5.52496e-05
7.33487e-06
-5.87335e-05
2.84259e-06
-6.18644e-05
-1.22609e-06
-6.47553e-05
-4.89585e-06
-6.75485e-05
-8.18561e-06
-7.04141e-05
-1.1092e-05
-7.35423e-05
-1.3571e-05
-7.71208e-05
-1.5515e-05
-8.12753e-05
-1.67304e-05
-8.59272e-05
-1.69279e-05
-9.05045e-05
-1.57684e-05
-9.36495e-05
-1.29705e-05
-9.35017e-05
-8.39665e-06
-8.8921e-05
-2.32177e-06
-8.1618e-05
3.89913e-06
9.20931e-06
-7.92978e-05
-1.39185e-05
4.85787e-05
-2.43007e-05
4.54822e-05
-3.26629e-05
4.10231e-05
-3.98275e-05
3.54925e-05
-4.62129e-05
2.94346e-05
-5.20173e-05
2.33605e-05
-5.73463e-05
1.75862e-05
-6.22784e-05
1.22669e-05
-6.68939e-05
7.45817e-06
-7.12857e-05
3.16567e-06
-7.55608e-05
-6.20711e-07
-7.98426e-05
-3.90384e-06
-8.42696e-05
-6.665e-06
-8.89844e-05
-8.85616e-06
-9.41081e-05
-1.03912e-05
-9.9694e-05
-1.11445e-05
-0.000105658
-1.09642e-05
-0.000111726
-9.70005e-06
-0.000117486
-7.20986e-06
-0.000122509
-3.37445e-06
-0.000126506
1.67608e-06
-0.000129931
7.3241e-06
1.34492e-05
-0.000134171
-1.46859e-05
6.32646e-05
-2.60048e-05
5.68011e-05
-3.53205e-05
5.03388e-05
-4.33445e-05
4.35165e-05
-5.05004e-05
3.65904e-05
-5.70355e-05
2.98956e-05
-6.30989e-05
2.36497e-05
-6.87937e-05
1.79617e-05
-7.42066e-05
1.28711e-05
-7.94217e-05
8.38079e-06
-8.45248e-05
4.48238e-06
-8.96018e-05
1.17314e-06
-9.47338e-05
-1.533e-06
-9.99886e-05
-3.60126e-06
-0.000105403
-4.97713e-06
-0.000110957
-5.59047e-06
-0.000116556
-5.3649e-06
-0.000122029
-4.22735e-06
-0.000127133
-2.10528e-06
-0.000131538
1.03061e-06
-0.000134927
5.06471e-06
-0.000137196
9.5938e-06
1.43861e-05
-0.000138133
-1.56651e-05
7.89296e-05
-2.791e-05
6.9046e-05
-3.80713e-05
6.05e-05
-4.68278e-05
5.2273e-05
-5.4623e-05
4.43856e-05
-6.17388e-05
3.70115e-05
-6.83511e-05
3.0262e-05
-7.45746e-05
2.41853e-05
-8.04931e-05
1.87897e-05
-8.61757e-05
1.40634e-05
-9.1683e-05
9.98963e-06
-9.70673e-05
6.55751e-06
-0.000102369
3.76829e-06
-0.000107608
1.63789e-06
-0.000112779
1.9429e-07
-0.000117842
-5.27514e-07
-0.000122713
-4.93394e-07
-0.000127263
3.22374e-07
-0.000131297
1.92895e-06
-0.000134551
4.28395e-06
-0.000136716
7.23e-06
-0.000137611
1.04886e-05
1.38734e-05
-0.000137098
-1.69055e-05
9.58351e-05
-3.00293e-05
8.21698e-05
-4.08787e-05
7.13494e-05
-5.01925e-05
6.15868e-05
-5.84595e-05
5.26526e-05
-6.59914e-05
4.45435e-05
-7.29783e-05
3.72489e-05
-7.95362e-05
3.07432e-05
-8.57405e-05
2.49941e-05
-9.16452e-05
1.99681e-05
-9.72911e-05
1.56355e-05
-0.000102708
1.19749e-05
-0.000107916
8.97577e-06
-0.000112917
6.63899e-06
-0.000117697
4.97389e-06
-0.000122216
3.99238e-06
-0.00012641
3.7005e-06
-0.000130178
4.0903e-06
-0.000133375
5.12552e-06
-0.000135811
6.72015e-06
-0.000137294
8.71311e-06
-0.000137701
1.08951e-05
1.31294e-05
-0.000136957
-1.84546e-05
0.00011429
-3.23632e-05
9.60783e-05
-4.36972e-05
8.26834e-05
-5.33626e-05
7.12522e-05
-6.19223e-05
6.12124e-05
-6.97137e-05
5.23351e-05
-7.69294e-05
4.44646e-05
-8.36772e-05
3.74909e-05
-9.00199e-05
3.13368e-05
-9.59975e-05
2.59457e-05
-0.000101638
2.12757e-05
-0.00010696
1.72966e-05
-0.000111973
1.39896e-05
-0.00011668
1.13455e-05
-0.000121067
9.36129e-06
-0.000125108
8.03296e-06
-0.000128754
7.34691e-06
-0.000131934
7.27e-06
-0.000134547
7.73839e-06
-0.000136472
8.64567e-06
-0.000137599
9.83979e-06
-0.000137855
1.11506e-05
1.24736e-05
-0.000137199
-2.03882e-05
0.000134678
-3.49067e-05
0.000110597
-4.64634e-05
9.42401e-05
-5.62545e-05
8.10433e-05
-6.49338e-05
6.98918e-05
-7.28522e-05
6.02535e-05
-8.01885e-05
5.1801e-05
-8.70314e-05
4.43339e-05
-9.34263e-05
3.77317e-05
-9.93997e-05
3.19191e-05
-0.00010497
2.68458e-05
-0.00011015
2.2477e-05
-0.00011495
1.87895e-05
-0.000119373
1.57685e-05
-0.000123415
1.34029e-05
-0.000127059
1.16777e-05
-0.000130278
1.05653e-05
-0.000133024
1.00157e-05
-0.000135234
9.94879e-06
-0.000136838
1.02499e-05
-0.000137775
1.07763e-05
-0.000138005
1.1381e-05
1.19847e-05
-0.000137516
-2.28048e-05
0.000157483
-3.76098e-05
0.000125402
-4.90591e-05
0.000105689
-5.87482e-05
9.07324e-05
-6.74032e-05
7.85469e-05
-7.53561e-05
6.82064e-05
-8.27495e-05
5.91943e-05
-8.96396e-05
5.12241e-05
-9.60494e-05
4.41414e-05
-0.000101991
3.78606e-05
-0.000107475
3.23297e-05
-0.000112512
2.75145e-05
-0.000117114
2.33912e-05
-0.000121288
1.99429e-05
-0.000125039
1.71537e-05
-0.000128363
1.50015e-05
-0.000131247
1.34492e-05
-0.000133667
1.24362e-05
-0.000135592
1.18734e-05
-0.000136985
1.16432e-05
-0.00013782
1.16106e-05
-0.000138082
1.16438e-05
1.16857e-05
-0.000137783
-2.57234e-05
0.000183206
-4.02537e-05
0.000139932
-5.12373e-05
0.000116673
-6.06514e-05
0.000100147
-6.92071e-05
8.71027e-05
-7.7165e-05
7.61644e-05
-8.4604e-05
6.66333e-05
-9.15374e-05
5.81575e-05
-9.79623e-05
5.05663e-05
-0.000103878
4.37758e-05
-0.000109288
3.77402e-05
-0.000114204
3.24303e-05
-0.000118639
2.78257e-05
-0.000122606
2.391e-05
-0.000126117
2.06653e-05
-0.000129181
1.80655e-05
-0.0001318
1.6068e-05
-0.00013397
1.46062e-05
-0.000135683
1.35864e-05
-0.000136931
1.2891e-05
-0.000137711
1.23911e-05
-0.000138035
1.19672e-05
1.15823e-05
-0.000137931
-2.84771e-05
0.000211683
-4.21899e-05
0.000153645
-5.25439e-05
0.000127027
-6.16815e-05
0.000109284
-7.01908e-05
9.5612e-05
-7.82122e-05
8.41858e-05
-8.57435e-05
7.41646e-05
-9.27549e-05
6.51689e-05
-9.92233e-05
5.70346e-05
-0.000105139
4.96913e-05
-0.000110504
4.31052e-05
-0.00011533
3.72563e-05
-0.000119633
3.21294e-05
-0.000123434
2.77108e-05
-0.000126752
2.39831e-05
-0.000129606
2.0919e-05
-0.000132011
1.84733e-05
-0.000133982
1.6577e-05
-0.000135531
1.51352e-05
-0.000136671
1.40318e-05
-0.000137424
1.31438e-05
-0.000137819
1.23624e-05
1.16699e-05
-0.000137907
-2.84538e-05
0.000240137
-4.21897e-05
0.000167381
-5.23522e-05
0.000137189
-6.15304e-05
0.000118463
-7.02241e-05
0.000104306
-7.84594e-05
9.24212e-05
-8.61772e-05
8.18824e-05
-9.33269e-05
7.23186e-05
-9.9881e-05
6.35887e-05
-0.000105832
5.56419e-05
-0.000111185
4.84583e-05
-0.000115955
4.2027e-05
-0.000120165
3.6339e-05
-0.000123839
3.13843e-05
-0.000127003
2.71477e-05
-0.000129687
2.36025e-05
-0.000131918
2.07044e-05
-0.000133725
1.83848e-05
-0.00013514
1.655e-05
-0.000136195
1.5087e-05
-0.000136931
1.38792e-05
-0.000137396
1.28282e-05
1.19347e-05
-0.000137661
-2.31424e-05
0.000263279
-3.91601e-05
0.000183398
-5.02463e-05
0.000148276
-6.00906e-05
0.000128307
-6.9316e-05
0.000113531
-7.79529e-05
0.000101058
-8.59581e-05
8.98876e-05
-9.33036e-05
7.96641e-05
-9.99814e-05
7.02665e-05
-0.000105998
6.16583e-05
-0.000111369
5.3829e-05
-0.000116116
4.67739e-05
-0.000120265
4.04885e-05
-0.000123847
3.49663e-05
-0.000126894
3.01951e-05
-0.000129443
2.61513e-05
-0.000131532
2.27935e-05
-0.000133204
2.00563e-05
-0.000134504
1.78501e-05
-0.000135483
1.60667e-05
-0.000136201
1.45966e-05
-0.000136725
1.33526e-05
1.23539e-05
-0.000137144
-1.76844e-05
0.000280964
-3.43727e-05
0.000200087
-4.6831e-05
0.000160734
-5.77493e-05
0.000139225
-6.77168e-05
0.000123499
-7.68524e-05
0.000110194
-8.51888e-05
9.8224e-05
-9.27505e-05
8.72258e-05
-9.95649e-05
7.70809e-05
-0.000105661
6.77543e-05
-0.000111067
5.92355e-05
-0.000115814
5.15205e-05
-0.000119932
4.46064e-05
-0.000123455
3.8489e-05
-0.000126419
3.31595e-05
-0.000128866
2.85986e-05
-0.000130843
2.47701e-05
-0.000132402
2.16149e-05
-0.000133601
1.90498e-05
-0.000134509
1.69741e-05
-0.000135199
1.52873e-05
-0.000135762
1.39149e-05
1.28947e-05
-0.000136303
-1.45911e-05
0.000295555
-3.0148e-05
0.000215644
-4.33998e-05
0.000173986
-5.51808e-05
0.000151006
-6.57925e-05
0.00013411
-7.53648e-05
0.000119766
-8.39851e-05
0.000106844
-9.17275e-05
9.49682e-05
-9.86549e-05
8.40084e-05
-0.000104819
7.39182e-05
-0.000110261
6.46781e-05
-0.000115019
5.62785e-05
-0.000119127
4.8714e-05
-0.000122619
4.19811e-05
-0.000125534
3.6074e-05
-0.000127914
3.09786e-05
-0.000129809
2.66658e-05
-0.00013128
2.30854e-05
-0.000132394
2.0164e-05
-0.000133231
1.78114e-05
-0.000133883
1.59389e-05
-0.000134455
1.44874e-05
1.3515e-05
-0.000135076
-1.28112e-05
0.000308366
-2.71195e-05
0.000229952
-4.05587e-05
0.000187425
-5.27968e-05
0.000163244
-6.37999e-05
0.000145114
-7.36406e-05
0.000129607
-8.24258e-05
0.000115629
-9.02628e-05
0.000102805
-9.72424e-05
9.09879e-05
-0.000103435
8.01103e-05
-0.000108892
7.01357e-05
-0.000113657
6.10432e-05
-0.000117765
5.28215e-05
-0.000121249
4.54653e-05
-0.000124145
3.89705e-05
-0.000126495
3.33284e-05
-0.000128347
2.85181e-05
-0.000129762
2.45003e-05
-0.000130813
2.12149e-05
-0.000131588
1.85862e-05
-0.000132191
1.65412e-05
-0.000132743
1.50398e-05
1.41645e-05
-0.000133393
-1.11353e-05
0.000319501
-2.48497e-05
0.000243666
-3.82849e-05
0.000200861
-5.06857e-05
0.000175645
-6.18282e-05
0.000156256
-7.17361e-05
0.000139515
-8.05281e-05
0.000124421
-8.83368e-05
0.000110614
-9.52748e-05
9.7926e-05
-0.000101427
8.62622e-05
-0.000106854
7.55626e-05
-0.0001116
6.579e-05
-0.000115703
5.69237e-05
-0.000119192
4.89541e-05
-0.000122098
4.18771e-05
-0.000124457
3.56875e-05
-0.000126311
3.03724e-05
-0.000127716
2.59048e-05
-0.000128741
2.22401e-05
-0.000129476
1.93212e-05
-0.000130031
1.70958e-05
-0.000130539
1.55482e-05
1.47902e-05
-0.000131165
-9.8187e-06
0.00032932
-2.31404e-05
0.000256988
-3.64609e-05
0.000214181
-4.88131e-05
0.000187997
-5.98677e-05
0.000167311
-6.96333e-05
0.00014928
-7.8251e-05
0.000133039
-8.58802e-05
0.000118243
-9.26532e-05
0.000104699
-9.86666e-05
9.22756e-05
-0.000103988
8.08839e-05
-0.000108665
7.0467e-05
-0.000112733
6.09918e-05
-0.000116221
5.24416e-05
-0.000119153
4.48094e-05
-0.000121557
3.8091e-05
-0.000123463
3.22792e-05
-0.000124916
2.73576e-05
-0.000125974
2.32982e-05
-0.000126718
2.00646e-05
-0.000127252
1.763e-05
-0.000127712
1.60087e-05
1.53493e-05
-0.000128272
-9.00061e-06
0.00033832
-2.19086e-05
0.000269896
-3.49974e-05
0.00022727
-4.71165e-05
0.000200116
-5.78624e-05
0.000178057
-6.72653e-05
0.000158683
-7.55075e-05
0.000141281
-8.27802e-05
0.000125516
-8.9235e-05
0.000111154
-9.49793e-05
9.802e-05
-0.000100087
8.59911e-05
-0.000104608
7.4988e-05
-0.000108579
6.49634e-05
-0.000112029
5.58911e-05
-0.000114977
4.7758e-05
-0.000117443
4.05571e-05
-0.000119446
3.42823e-05
-0.000121013
2.89243e-05
-0.000122183
2.44678e-05
-0.000123015
2.08966e-05
-0.000123596
1.82109e-05
-0.000124046
1.64587e-05
1.5832e-05
-0.000124528
-8.7794e-06
0.0003471
-2.1031e-05
0.000282148
-3.38087e-05
0.000240048
-4.55255e-05
0.000211833
-5.57321e-05
0.000188263
-6.45323e-05
0.000167483
-7.21757e-05
0.000148925
-7.88894e-05
0.000132229
-8.48429e-05
0.000117107
-9.01527e-05
0.00010333
-9.4898e-05
9.07364e-05
-9.91345e-05
7.92245e-05
-0.000102903
6.87319e-05
-0.000106233
5.92215e-05
-0.000109147
5.06713e-05
-0.000111657
4.3067e-05
-0.000113773
3.63985e-05
-0.000115505
3.06565e-05
-0.00011687
2.58322e-05
-0.000117896
2.1923e-05
-0.000118636
1.89511e-05
-0.000119173
1.69958e-05
1.62925e-05
-0.000119634
-9.22753e-06
0.000356327
-2.0427e-05
0.000293347
-3.28641e-05
0.000252485
-4.39831e-05
0.000222952
-5.338e-05
0.00019766
-6.13111e-05
0.000175415
-6.81092e-05
0.000155723
-7.40375e-05
0.000138158
-7.92776e-05
0.000122347
-8.39524e-05
0.000108004
-8.81468e-05
9.49308e-05
-9.19238e-05
8.30015e-05
-9.53321e-05
7.21401e-05
-9.84085e-05
6.2298e-05
-0.000101179
5.34418e-05
-0.000103659
4.55465e-05
-0.000105852
3.85924e-05
-0.000107759
3.25633e-05
-0.000109374
2.74475e-05
-0.000110696
2.3245e-05
-0.000111734
1.99882e-05
-0.000112513
1.77751e-05
1.6871e-05
-0.000113091
-9.75379e-06
0.000366081
-2.02173e-05
0.00030381
-3.22346e-05
0.000264502
-4.24342e-05
0.000233152
-5.06891e-05
0.000205915
-5.7456e-05
0.000182181
-6.31464e-05
0.000161413
-6.8044e-05
0.000143055
-7.23339e-05
0.000126637
-7.61412e-05
0.000111812
-7.95579e-05
9.83475e-05
-8.2657e-05
8.61007e-05
-8.54994e-05
7.49825e-05
-8.81338e-05
6.49324e-05
-9.05962e-05
5.59043e-05
-9.29087e-05
4.78591e-05
-9.50792e-05
4.07629e-05
-9.71022e-05
3.45862e-05
-9.89606e-05
2.93059e-05
-0.000100628
2.49129e-05
-0.000102074
2.14338e-05
-0.000103264
1.89646e-05
1.77721e-05
-0.000104165
-9.50255e-06
0.000375584
-2.06038e-05
0.000314912
-3.19277e-05
0.000275826
-4.07481e-05
0.000241972
-4.74918e-05
0.000212659
-5.28001e-05
0.00018749
-5.71223e-05
0.000165735
-6.07372e-05
0.00014667
-6.38229e-05
0.000129723
-6.6506e-05
0.000114495
-6.88885e-05
0.00010073
-7.10586e-05
8.82709e-05
-7.30939e-05
7.70178e-05
-7.50596e-05
6.68981e-05
-7.70059e-05
5.78506e-05
-7.8966e-05
4.98191e-05
-8.09546e-05
4.27514e-05
-8.29682e-05
3.65998e-05
-8.49851e-05
3.13227e-05
-8.6965e-05
2.68928e-05
-8.88482e-05
2.3317e-05
-9.05521e-05
2.06685e-05
1.91817e-05
-9.19618e-05
-8.16268e-06
0.000383746
-2.13615e-05
0.00032811
-3.16581e-05
0.000286122
-3.86513e-05
0.000248965
-4.3571e-05
0.000217578
-4.71763e-05
0.000191095
-4.98947e-05
0.000168454
-5.19792e-05
0.000148755
-5.35984e-05
0.000131342
-5.4886e-05
0.000115783
-5.59616e-05
0.000101806
-5.6936e-05
8.92453e-05
-5.7909e-05
7.79909e-05
-5.89661e-05
6.79552e-05
-6.01738e-05
5.90582e-05
-6.15773e-05
5.12226e-05
-6.31993e-05
4.43733e-05
-6.50392e-05
3.84397e-05
-6.70739e-05
3.33573e-05
-6.92556e-05
2.90745e-05
-7.1508e-05
2.55695e-05
-7.37181e-05
2.28785e-05
2.11772e-05
-7.57136e-05
-8.94121e-06
0.000392688
-2.2589e-05
0.000341758
-3.0941e-05
0.000294474
-3.57825e-05
0.000253807
-3.87199e-05
0.000220515
-4.04618e-05
0.000192837
-4.13778e-05
0.00016937
-4.16938e-05
0.000149071
-4.15821e-05
0.000131231
-4.11987e-05
0.000115399
-4.06937e-05
0.000101301
-4.02095e-05
8.87611e-05
-3.98747e-05
7.76561e-05
-3.97974e-05
6.78779e-05
-4.00606e-05
5.93215e-05
-4.07196e-05
5.18815e-05
-4.18011e-05
4.54548e-05
-4.33045e-05
3.99432e-05
-4.52027e-05
3.52555e-05
-4.7441e-05
3.13127e-05
-4.99323e-05
2.80608e-05
-5.25461e-05
2.54923e-05
2.37094e-05
-5.50783e-05
-1.13912e-05
0.000404079
-2.29051e-05
0.000353272
-2.90328e-05
0.000300602
-3.18569e-05
0.000256631
-3.28511e-05
0.00022151
-3.2648e-05
0.000192634
-3.15836e-05
0.000168305
-2.98926e-05
0.00014738
-2.77825e-05
0.000129121
-2.54552e-05
0.000113072
-2.31067e-05
9.89521e-05
-2.09211e-05
8.65756e-05
-1.90615e-05
7.57965e-05
-1.76605e-05
6.64769e-05
-1.68148e-05
5.84758e-05
-1.65838e-05
5.16506e-05
-1.69917e-05
4.58627e-05
-1.803e-05
4.09815e-05
-1.96615e-05
3.6887e-05
-2.18208e-05
3.34719e-05
-2.44101e-05
3.065e-05
-2.72897e-05
2.83719e-05
2.66528e-05
-3.02331e-05
-1.41402e-05
0.000418219
-2.21385e-05
0.00036127
-2.60745e-05
0.000304538
-2.7069e-05
0.000257625
-2.61679e-05
0.000220609
-2.39096e-05
0.000190376
-2.06473e-05
0.000165043
-1.66804e-05
0.000143413
-1.22909e-05
0.000124731
-7.74887e-06
0.00010853
-3.31026e-06
9.45135e-05
7.8975e-07
8.24756e-05
4.34914e-06
7.22372e-05
7.21159e-06
6.36145e-05
9.27279e-06
5.64146e-05
1.04789e-05
5.04446e-05
1.08199e-05
4.55217e-05
1.03221e-05
4.14793e-05
9.04138e-06
3.81677e-05
7.0602e-06
3.54531e-05
4.49116e-06
3.32191e-05
1.49019e-06
3.13728e-05
2.98904e-05
-1.7474e-06
-1.6088e-05
0.000434307
-2.07718e-05
0.000365954
-2.27417e-05
0.000306508
-2.20143e-05
0.000256898
-1.91272e-05
0.000217721
-1.4565e-05
0.000185814
-8.78436e-06
0.000159262
-2.21222e-06
0.000136841
4.7638e-06
0.000117755
1.17914e-05
0.000101502
1.85462e-05
8.77587e-05
2.47364e-05
7.62854e-05
3.01198e-05
6.68538e-05
3.4521e-05
5.92134e-05
3.78383e-05
5.30972e-05
4.0038e-05
4.82449e-05
4.11386e-05
4.4421e-05
4.11969e-05
4.1421e-05
4.02964e-05
3.90683e-05
3.85417e-05
3.72078e-05
3.60585e-05
3.57023e-05
3.30013e-05
3.44301e-05
3.32983e-05
2.95934e-05
-1.66333e-05
0.00045094
-1.92892e-05
0.00036861
-1.98475e-05
0.000307066
-1.74381e-05
0.000254488
-1.22524e-05
0.000212536
-4.93115e-06
0.000178492
3.83066e-06
0.000150501
1.34154e-05
0.000127256
2.33116e-05
0.000107859
3.30865e-05
9.17274e-05
4.23501e-05
7.8495e-05
5.07551e-05
6.78804e-05
5.80215e-05
5.95874e-05
6.39641e-05
5.32708e-05
6.85014e-05
4.856e-05
7.16396e-05
4.51066e-05
7.34454e-05
4.26153e-05
7.40206e-05
4.08459e-05
7.34858e-05
3.96031e-05
7.1973e-05
3.87206e-05
6.96249e-05
3.80504e-05
6.66016e-05
3.74535e-05
3.67955e-05
6.31043e-05
-1.30132e-05
0.000463953
-1.84178e-05
0.000374014
-1.83984e-05
0.000307047
-1.40286e-05
0.000250118
-5.87942e-06
0.000204387
4.91342e-06
0.000167699
1.72811e-05
0.000138133
3.03587e-05
0.000114178
4.3508e-05
9.47098e-05
5.62373e-05
7.89981e-05
6.81168e-05
6.66156e-05
7.87588e-05
5.72384e-05
8.78562e-05
5.04899e-05
9.52303e-05
4.58967e-05
0.000100844
4.29464e-05
0.000104771
4.11791e-05
0.00010715
4.02364e-05
0.000108143
3.98532e-05
0.000107916
3.98302e-05
0.000106631
4.00057e-05
0.000104448
4.02338e-05
0.000101528
4.03732e-05
4.02732e-05
9.80503e-05
-7.88414e-06
0.000471837
-2.08214e-05
0.000386952
-1.96758e-05
0.000305901
-1.21103e-05
0.000242553
1.63125e-07
0.000192113
1.54527e-05
0.00015241
3.22303e-05
0.000121355
4.9313e-05
9.70957e-05
6.59551e-05
7.80678e-05
8.16809e-05
6.32723e-05
9.60905e-05
5.2206e-05
0.000108796
4.45328e-05
0.000119483
3.9803e-05
0.000128002
3.73777e-05
0.000134395
3.65536e-05
0.000138839
3.67349e-05
0.000141567
3.75082e-05
0.000142814
3.86065e-05
0.000142794
3.98497e-05
0.000141699
4.11015e-05
0.000139698
4.22344e-05
0.000136954
4.31174e-05
4.36166e-05
0.00013361
-9.1539e-07
0.000472753
-2.54513e-05
0.000411488
-2.27171e-05
0.000303167
-1.07585e-05
0.000230594
6.99587e-06
0.000174359
2.81305e-05
0.000131275
5.02959e-05
9.91898e-05
7.18257e-05
7.5566e-05
9.19294e-05
5.79642e-05
0.00011033
4.4872e-05
0.000126807
3.57284e-05
0.000141051
3.0289e-05
0.000152769
2.80847e-05
0.000161874
2.82728e-05
0.000168533
2.98944e-05
0.000173068
3.22e-05
0.000175823
3.47531e-05
0.000177103
3.73271e-05
0.000177161
3.97916e-05
0.000176208
4.2055e-05
0.000174414
4.40275e-05
0.000171932
4.56001e-05
4.66929e-05
0.000168855
-2.99766e-06
0.00047575
-2.89948e-05
0.000437485
-2.47101e-05
0.000298882
-8.04259e-06
0.000213927
1.68104e-05
0.000149506
4.56306e-05
0.000102455
7.43595e-05
7.04609e-05
0.000100515
4.94105e-05
0.000123467
3.50121e-05
0.00014354
2.47996e-05
0.000160997
1.82714e-05
0.000175694
1.55917e-05
0.000187389
1.63899e-05
0.000196118
1.9543e-05
0.000202254
2.37585e-05
0.000206298
2.81565e-05
0.000208689
3.23616e-05
0.000209761
3.62556e-05
0.00020977
3.97828e-05
0.000208926
4.28985e-05
0.000207398
4.55554e-05
0.000205311
4.76872e-05
4.93058e-05
0.000202698
-6.19422e-06
0.000481945
-2.65967e-05
0.000457887
-2.46819e-05
0.000296968
-2.12183e-06
0.000191367
3.28102e-05
0.000114574
7.21616e-05
6.31039e-05
0.000108696
3.39264e-05
0.000138887
1.92195e-05
0.000162909
1.09903e-05
0.000182457
5.25172e-06
0.000198768
1.95992e-06
0.000212031
2.32899e-06
0.000222075
6.34591e-06
0.000229088
1.25302e-05
0.000233703
1.91431e-05
0.000236617
2.52429e-05
0.000238303
3.06757e-05
0.000239024
3.55338e-05
0.000238953
3.98541e-05
0.000238267
4.35849e-05
0.000237132
4.66899e-05
0.000235647
4.91719e-05
5.11753e-05
0.000233778
-9.2197e-06
0.000491164
-3.19778e-05
0.000480645
-2.72122e-05
0.000292202
8.97836e-06
0.000155176
6.07759e-05
6.27762e-05
0.000114194
9.68592e-06
0.000158532
-1.04122e-05
0.000190029
-1.22769e-05
0.000211188
-1.01692e-05
0.000226287
-9.84694e-06
0.000238143
-9.89568e-06
0.000247349
-6.87721e-06
0.00025365
4.45942e-08
0.000257395
8.78498e-06
0.000259534
1.70049e-05
0.000260901
2.38757e-05
0.000261838
2.97381e-05
0.000262356
3.50159e-05
0.00026244
3.97704e-05
0.000262176
4.38494e-05
0.000261727
4.71384e-05
0.000261204
4.96952e-05
5.19198e-05
0.00026046
-3.70148e-06
0.000494866
-4.86771e-05
0.000525621
-2.51524e-05
0.000268677
4.10607e-05
8.89631e-05
0.000115874
-1.2037e-05
0.000181365
-5.58049e-05
0.000227024
-5.60718e-05
0.000251802
-3.70546e-05
0.000262851
-2.12177e-05
0.000267905
-1.49016e-05
0.000271437
-1.3427e-05
0.000274148
-9.58816e-06
0.000274795
-6.03126e-07
0.000274557
9.02356e-06
0.000274213
1.73491e-05
0.000274501
2.35872e-05
0.000275381
2.8858e-05
0.000276382
3.40148e-05
0.000277224
3.89287e-05
0.000277956
4.3117e-05
0.000278766
4.63282e-05
0.000279838
4.86238e-05
5.01941e-05
0.000281563
1.77989e-05
0.000477067
-9.25373e-06
0.000552674
4.30396e-05
0.000216384
0.000141317
-9.3146e-06
0.000224678
-9.53975e-05
0.000276266
-0.000107393
0.000298888
-7.86935e-05
0.000301897
-4.0064e-05
0.000295698
-1.50181e-05
0.000287604
-6.80825e-06
0.000281643
-7.46587e-06
0.000277049
-4.99414e-06
0.000273384
3.06221e-06
0.000270899
1.15086e-05
0.000270519
1.77294e-05
0.00027203
2.20761e-05
0.000274617
2.62714e-05
0.000277421
3.12103e-05
0.000280153
3.61974e-05
0.000282927
4.03424e-05
0.000285811
4.34444e-05
0.000288663
4.57716e-05
4.76637e-05
0.000291194
3.91044e-05
0.000437962
9.58584e-05
0.00049592
0.000223702
8.85404e-05
0.00032229
-0.000107903
0.000352102
-0.00012521
0.000337909
-9.32e-05
0.000309632
-5.04168e-05
0.000285584
-1.60163e-05
0.000270691
-1.25499e-07
0.000260172
3.71105e-06
0.0002489
3.80672e-06
0.00023989
4.01565e-06
0.000237038
5.9142e-06
0.000239611
8.93543e-06
0.000245037
1.23037e-05
0.000251082
1.60306e-05
0.000256622
2.07317e-05
0.000261985
2.58469e-05
0.000268072
3.01109e-05
0.000275054
3.33596e-05
0.000282595
3.5904e-05
0.000290296
3.80708e-05
3.99456e-05
0.000298014
9.11257e-05
0.000346837
0.000260172
0.000326873
0.000390477
-4.17645e-05
0.00037621
-9.36354e-05
0.000302303
-5.13034e-05
0.000232201
-2.30977e-05
0.000192109
-1.03248e-05
0.000182241
-6.14848e-06
0.000188266
-6.15044e-06
0.00019901
-7.03209e-06
0.000209587
-6.77071e-06
0.000217992
-4.38945e-06
0.000224904
-9.97967e-07
0.000231517
2.32283e-06
0.000238217
5.60359e-06
0.000244755
9.49282e-06
0.000251264
1.42225e-05
0.000257934
1.91765e-05
0.00026489
2.31558e-05
0.000272313
2.59362e-05
0.000280162
2.80551e-05
0.000288297
2.99353e-05
3.14724e-05
0.000296771
0.000145362
0.000201475
0.000327499
0.000144736
0.000282397
3.33729e-06
0.000208198
-1.94362e-05
0.000176445
-1.95502e-05
0.000171026
-1.76785e-05
0.000174056
-1.33549e-05
0.000180263
-1.23553e-05
0.000188293
-1.41811e-05
0.000197027
-1.57656e-05
0.00020555
-1.52943e-05
0.000213324
-1.21634e-05
0.00022026
-7.93384e-06
0.000226572
-3.9892e-06
0.000232865
-6.89395e-07
0.000239121
3.2367e-06
0.000245959
7.3852e-06
0.000253456
1.16792e-05
0.000261201
1.54107e-05
0.00026922
1.79176e-05
0.000277611
1.96634e-05
0.000286285
2.12615e-05
2.23551e-05
0.000295402
0.00011688
8.45949e-05
0.00019781
6.38056e-05
0.000187235
1.39122e-05
0.000174855
-7.05566e-06
0.000167278
-1.19734e-05
0.000168542
-1.89428e-05
0.000174412
-1.92245e-05
0.000182384
-2.0327e-05
0.000190708
-2.25055e-05
0.000198267
-2.33244e-05
0.000205059
-2.20865e-05
0.000211306
-1.84102e-05
0.000217228
-1.38564e-05
0.000222624
-9.3851e-06
0.000228259
-6.32472e-06
0.000234246
-2.7498e-06
0.000241429
2.01685e-07
0.000249678
3.43089e-06
0.000257697
7.39164e-06
0.000266092
9.52201e-06
0.000275301
1.04544e-05
0.000284289
1.22741e-05
1.29838e-05
0.00029366
6.09511e-05
2.36438e-05
9.72371e-05
2.75196e-05
0.000108328
2.82088e-06
0.000131514
-3.02416e-05
0.000144889
-2.53477e-05
0.000165638
-3.96926e-05
0.000179311
-3.28972e-05
0.000188649
-2.96645e-05
0.000196846
-3.07027e-05
0.000202025
-2.85031e-05
0.000205913
-2.59747e-05
0.000209579
-2.20766e-05
0.000212945
-1.72216e-05
0.000215816
-1.22562e-05
0.000220904
-1.14133e-05
0.00022678
-8.62542e-06
0.000235293
-8.31151e-06
0.0002459
-7.17618e-06
0.000253947
-6.54956e-07
0.00026253
9.39013e-07
0.000273406
-4.22439e-07
0.000282944
2.73691e-06
2.56027e-06
0.000293367
0.000110593
4.59084e-05
0.000129704
0.000125977
0.000124909
0.00017301
0.000174187
0.000179963
0.000205712
0.000182125
0.000177326
0.000178038
0.000175148
0.00015123
0.000202657
0.000166861
0.000210412
0.000264668
0.000242947
0.000221912
0.000292136
0.000251445
0.000314176
-8.61131e-05
6.8153e-06
-9.6175e-05
1.0062e-05
-0.000110879
1.47044e-05
2.10129e-05
-0.000131892
-0.000136259
8.90356e-06
-0.000137308
1.11108e-05
-0.000136446
1.38422e-05
1.67622e-05
-0.000132195
-0.000137835
8.60556e-06
-0.000136633
9.90894e-06
-0.000134129
1.13378e-05
1.27266e-05
-0.000130093
-0.000136259
7.76647e-06
-0.000134993
8.64285e-06
-0.000133238
9.5834e-06
1.04692e-05
-0.000130981
-0.000136177
6.98712e-06
-0.000135121
7.58634e-06
-0.000133796
8.25886e-06
8.90524e-06
-0.000132232
-0.000136571
6.35961e-06
-0.000135752
6.76726e-06
-0.000134765
7.27131e-06
7.77983e-06
-0.000133639
-0.000137046
5.88901e-06
-0.000136442
6.16344e-06
-0.000135734
6.56361e-06
6.99788e-06
-0.000134952
-0.000137466
5.57148e-06
-0.000137059
5.75644e-06
-0.000136593
6.09809e-06
6.50136e-06
-0.000136097
-0.00013776
5.39983e-06
-0.000137534
5.5311e-06
-0.000137286
5.84994e-06
6.25571e-06
-0.00013704
-0.000137872
5.36493e-06
-0.000137814
5.47355e-06
-0.000137765
5.80016e-06
6.2372e-06
-0.000137746
-0.000137752
5.45547e-06
-0.000137848
5.56934e-06
-0.000137979
5.93112e-06
6.42542e-06
-0.000138167
-0.000137346
5.65703e-06
-0.000137578
5.80156e-06
-0.000137871
6.22336e-06
6.79871e-06
-0.000138244
-0.000136597
5.95086e-06
-0.000136944
6.14893e-06
-0.000137373
6.65294e-06
7.33068e-06
-0.000137905
-0.000135438
6.31301e-06
-0.000135873
6.58421e-06
-0.000136409
7.1892e-06
7.98737e-06
-0.000137066
-0.000133793
6.71396e-06
-0.000134283
7.07328e-06
-0.000134887
7.79315e-06
8.72508e-06
-0.000135624
-0.000131571
7.11964e-06
-0.000132073
7.57525e-06
-0.000132696
8.41696e-06
9.48932e-06
-0.000133461
-0.000128647
7.49537e-06
-0.000129118
8.04542e-06
-0.000129707
9.00602e-06
1.02161e-05
-0.000130433
-0.000124848
7.8153e-06
-0.000125247
8.44381e-06
-0.000125747
9.50636e-06
1.08387e-05
-0.00012637
-0.000119897
8.07886e-06
-0.000120205
8.75194e-06
-0.00012058
9.88112e-06
1.13029e-05
-0.000121044
-0.000113342
8.32983e-06
-0.000113586
8.99602e-06
-0.000113842
1.01363e-05
1.15943e-05
-0.000114133
-0.000104496
8.66075e-06
-0.00010476
9.26057e-06
-0.000104966
1.03424e-05
1.17657e-05
-0.000105138
-9.24832e-05
9.18223e-06
-9.28889e-05
9.66617e-06
-9.31695e-05
1.0623e-05
1.19361e-05
-9.334e-05
-7.65008e-05
9.96937e-06
-7.71469e-05
1.03123e-05
-7.76222e-05
1.10982e-05
1.224e-05
-7.79261e-05
-5.61421e-05
1.10331e-05
-5.70648e-05
1.1235e-05
-5.77977e-05
1.18311e-05
1.27644e-05
-5.83222e-05
-3.15349e-05
1.23347e-05
-3.27131e-05
1.24132e-05
-3.37049e-05
1.28228e-05
1.35342e-05
-3.44746e-05
-3.23068e-06
1.3818e-05
-4.61574e-06
1.37983e-05
-5.83229e-06
1.40394e-05
1.45346e-05
-6.83271e-06
2.7978e-05
1.54335e-05
2.64329e-05
1.53434e-05
2.50321e-05
1.54402e-05
1.57347e-05
2.3832e-05
6.13966e-05
1.71411e-05
5.97288e-05
1.70113e-05
5.81771e-05
1.69919e-05
1.71076e-05
5.68042e-05
9.63028e-05
1.88886e-05
9.45604e-05
1.87536e-05
9.29017e-05
1.86506e-05
1.86158e-05
9.13935e-05
0.000131888
2.06113e-05
0.000130135
2.05063e-05
0.000128432
2.03536e-05
2.01992e-05
0.000126849
0.000167237
2.22298e-05
0.000165558
2.21852e-05
0.000163899
2.20119e-05
2.17653e-05
0.000162333
0.000201291
2.36377e-05
0.000199794
2.3682e-05
0.000198297
2.35086e-05
2.31871e-05
0.000196875
0.000232748
2.46673e-05
0.000231603
2.4827e-05
0.000230444
2.46675e-05
2.42753e-05
0.000229356
0.00026
2.51273e-05
0.000259472
2.53551e-05
0.000258955
2.5184e-05
2.4745e-05
0.000258485
0.000281631
2.50599e-05
0.000281758
2.52278e-05
0.000281946
2.49957e-05
2.45361e-05
0.000282155
0.00029385
2.24031e-05
0.000296835
2.22432e-05
0.000299881
2.19493e-05
2.16156e-05
0.000302802
0.000301364
1.90526e-05
0.0003047
1.89077e-05
0.000308155
1.84939e-05
1.80205e-05
0.00031175
0.000300866
1.49568e-05
0.000304865
1.49094e-05
0.000308658
1.47002e-05
1.44541e-05
0.000312225
0.00029948
1.08788e-05
0.000303507
1.08827e-05
0.00030738
1.08277e-05
1.07465e-05
0.000311087
0.000297981
6.55802e-06
0.000302003
6.86025e-06
0.000306053
6.77845e-06
6.53218e-06
0.000310267
0.000298118
1.80755e-06
0.000301535
3.44258e-06
0.000304228
4.0854e-06
1.30443e-06
0.000309456
0.000291968
0.000265399
0.000282531
0.00029851
-9.59276e-05
6.23122e-05
-8.84584e-05
4.90434e-05
-8.56895e-05
3.86757e-05
-8.43255e-05
2.8448e-05
-8.35616e-05
1.87635e-05
-8.27534e-05
9.91214e-06
-8.14795e-05
1.90023e-06
-7.94644e-05
-5.36842e-06
-7.65445e-05
-1.20169e-05
-7.26247e-05
-1.81432e-05
-6.76603e-05
-2.37982e-05
-6.16473e-05
-2.8967e-05
-5.46162e-05
-3.35527e-05
-4.66326e-05
-3.7363e-05
-3.78062e-05
-4.00936e-05
-2.82865e-05
-4.12929e-05
-1.82628e-05
-4.03059e-05
-8.1212e-06
-3.59865e-05
-2.40595e-05
-0.00011376
4.3877e-05
-0.00010377
3.9054e-05
-9.79248e-05
3.28302e-05
-9.44176e-05
2.49407e-05
-9.20844e-05
1.64303e-05
-9.01501e-05
7.97776e-06
-8.80899e-05
-1.60042e-07
-8.55399e-05
-7.91843e-06
-8.22512e-05
-1.53055e-05
-7.80532e-05
-2.23412e-05
-7.28331e-05
-2.90183e-05
-6.65252e-05
-3.52749e-05
-5.91057e-05
-4.09721e-05
-5.05953e-05
-4.58734e-05
-4.10691e-05
-4.96199e-05
-3.06681e-05
-5.1694e-05
-1.96364e-05
-5.13376e-05
-8.57043e-06
-4.70524e-05
-3.263e-05
-0.000119612
3.33961e-05
-0.000112399
3.18407e-05
-0.000106938
2.73697e-05
-0.000102927
2.09297e-05
-9.98957e-05
1.33985e-05
-9.73157e-05
5.3977e-06
-9.47346e-05
-2.74119e-06
-9.17903e-05
-1.08627e-05
-8.82006e-05
-1.88953e-05
-8.37469e-05
-2.67948e-05
-7.82639e-05
-3.45013e-05
-7.16331e-05
-4.19057e-05
-6.37825e-05
-4.88227e-05
-5.4693e-05
-5.49629e-05
-4.44141e-05
-5.98989e-05
-3.30902e-05
-6.30178e-05
-2.10327e-05
-6.33951e-05
-9.02981e-06
-5.90553e-05
-4.16598e-05
-0.00012446
2.68749e-05
-0.000118764
2.61443e-05
-0.000114007
2.26131e-05
-0.000110152
1.70747e-05
-0.000106984
1.02307e-05
-0.00010417
2.58304e-06
-0.000101353
-5.55756e-06
-9.82088e-05
-1.40072e-05
-9.44481e-05
-2.26559e-05
-8.98244e-05
-3.14186e-05
-8.41315e-05
-4.01942e-05
-7.72053e-05
-4.8832e-05
-6.89278e-05
-5.71001e-05
-5.92398e-05
-6.46509e-05
-4.8163e-05
-7.09757e-05
-3.58434e-05
-7.53374e-05
-2.2656e-05
-7.65824e-05
-9.58612e-06
-7.21252e-05
-5.12459e-05
-0.000127946
2.25889e-05
-0.000123658
2.18563e-05
-0.000119762
1.87167e-05
-0.000116385
1.36975e-05
-0.000113442
7.28814e-06
-0.000110718
-1.41319e-07
-0.000107936
-8.33915e-06
-0.000104808
-1.71361e-05
-0.000101047
-2.64164e-05
-9.63882e-05
-3.60774e-05
-9.059e-05
-4.59924e-05
-8.34437e-05
-5.59782e-05
-7.47823e-05
-6.57614e-05
-6.44978e-05
-7.49354e-05
-5.25728e-05
-8.29007e-05
-3.91429e-05
-8.87673e-05
-2.46444e-05
-9.10809e-05
-1.02896e-05
-8.648e-05
-6.15355e-05
-0.000130661
1.96105e-05
-0.000127553
1.87489e-05
-0.000124574
1.57368e-05
-0.00012186
1.09845e-05
-0.000119391
4.81871e-06
-0.000117018
-2.51466e-06
-0.000114519
-1.0838e-05
-0.000111631
-2.00243e-05
-0.00010807
-2.99773e-05
-0.00010355
-4.05972e-05
-9.77941e-05
-5.17483e-05
-9.0544e-05
-6.32284e-05
-8.15731e-05
-7.47323e-05
-7.07082e-05
-8.58003e-05
-5.78723e-05
-9.57365e-05
-4.31733e-05
-0.000103466
-2.71103e-05
-0.000107144
-1.1179e-05
-0.000102411
-7.27145e-05
-0.000132935
1.75928e-05
-0.000130811
1.66253e-05
-0.000128726
1.36519e-05
-0.000126778
9.03646e-06
-0.000124958
2.99871e-06
-0.000123151
-4.32175e-06
-0.000121165
-1.28245e-05
-0.000118746
-2.24424e-05
-0.000115606
-3.31177e-05
-0.000111431
-4.47723e-05
-0.000105901
-5.72787e-05
-9.86967e-05
-7.04322e-05
-8.9516e-05
-8.3913e-05
-7.80943e-05
-9.7222e-05
-6.42653e-05
-0.000109566
-4.80875e-05
-0.000119644
-3.01376e-05
-0.000125094
-1.22809e-05
-0.000120268
-8.49955e-05
-0.000134874
1.63701e-05
-0.000133618
1.53689e-05
-0.000132401
1.24351e-05
-0.000131282
7.91792e-06
-0.000130249
1.96582e-06
-0.000129196
-5.37492e-06
-0.000127941
-1.40801e-05
-0.000126227
-2.41558e-05
-0.000123746
-3.5599e-05
-0.000120148
-4.83706e-05
-0.000115057
-6.23692e-05
-0.000108081
-7.74083e-05
-9.88134e-05
-9.31809e-05
-8.68605e-05
-0.000109175
-7.19247e-05
-0.000124501
-5.39961e-05
-0.000137573
-3.37711e-05
-0.000145319
-1.3604e-05
-0.000140435
-9.85995e-05
-0.000136516
1.58456e-05
-0.000136056
1.49094e-05
-0.000135693
1.20721e-05
-0.00013546
7.6842e-06
-0.000135331
1.8369e-06
-0.000135206
-5.49923e-06
-0.000134896
-1.439e-05
-0.00013413
-2.49221e-05
-0.000132566
-3.71636e-05
-0.000129805
-5.11313e-05
-0.000125406
-6.67683e-05
-0.000118879
-8.39352e-05
-0.000109679
-0.00010238
-9.72308e-05
-0.000121624
-8.105e-05
-0.000140682
-6.10471e-05
-0.000157576
-3.81024e-05
-0.000168263
-1.51868e-05
-0.000163351
-0.000113786
-0.000137856
1.59554e-05
-0.000138147
1.52007e-05
-0.000138633
1.25578e-05
-0.000139334
8.3853e-06
-0.000140223
2.72585e-06
-0.000141194
-4.52789e-06
-0.000142047
-1.35368e-05
-0.000142486
-2.44833e-05
-0.000142126
-3.75241e-05
-0.000140507
-5.27498e-05
-0.000137105
-7.01702e-05
-0.000131309
-8.97313e-05
-0.000122393
-0.000111297
-0.000109542
-0.000134474
-9.2044e-05
-0.00015818
-6.97105e-05
-0.000179909
-4.35979e-05
-0.000194376
-1.72933e-05
-0.000189655
-0.00013108
-0.000138859
1.6648e-05
-0.000139864
1.62053e-05
-0.000141195
1.38892e-05
-0.000142878
1.00679e-05
-0.000144889
4.73691e-06
-0.000147123
-2.29336e-06
-0.00014937
-1.12898e-05
-0.000151305
-2.25486e-05
-0.00015249
-3.63395e-05
-0.000152386
-5.28533e-05
-0.00015036
-7.21958e-05
-0.000145656
-9.44355e-05
-0.000137356
-0.000119597
-0.000124419
-0.000147411
-0.00010589
-0.000176709
-8.13591e-05
-0.00020444
-5.17444e-05
-0.000223991
-2.0861e-05
-0.000220539
-0.000151941
-0.000139465
1.78692e-05
-0.000141141
1.78814e-05
-0.000143307
1.60548e-05
-0.000146007
1.27677e-05
-0.000149237
7.96689e-06
-0.000152907
1.3767e-06
-0.000156809
-7.38759e-06
-0.000160595
-1.87628e-05
-0.000163755
-3.31788e-05
-0.00016563
-5.09781e-05
-0.000165442
-7.23838e-05
-0.000162327
-9.7551e-05
-0.000155323
-0.000126601
-0.00014331
-0.000159424
-0.000125
-0.000195018
-9.92501e-05
-0.000230191
-6.59709e-05
-0.00025727
-2.83207e-05
-0.000258189
-0.000180261
-0.000139588
1.95516e-05
-0.000141878
2.01712e-05
-0.000144847
1.90246e-05
-0.000148581
1.65012e-05
-0.000153116
1.25024e-05
-0.000158409
6.66962e-06
-0.000164289
-1.50821e-06
-0.000170392
-1.26594e-05
-0.000176093
-2.74777e-05
-0.000180524
-4.65472e-05
-0.000182773
-7.01347e-05
-0.000182136
-9.81883e-05
-0.000178028
-0.000130708
-0.000169337
-0.000168115
-0.000153759
-0.000210596
-0.000128232
-0.000255718
-9.08308e-05
-0.000294671
-4.33042e-05
-0.000305716
-0.000223565
-0.00013912
2.16057e-05
-0.000141939
2.299e-05
-0.000145651
2.27368e-05
-0.000150405
2.12548e-05
-0.000156319
1.84168e-05
-0.000163451
1.3802e-05
-0.00017173
6.7704e-06
-0.000180787
-3.60204e-06
-0.000189777
-1.84881e-05
-0.000197497
-3.8827e-05
-0.000203055
-6.45771e-05
-0.000206419
-9.4824e-05
-0.000207638
-0.000129489
-0.000204858
-0.000170895
-0.000193212
-0.000222242
-0.000166928
-0.000282001
-0.00012371
-0.00033789
-6.47663e-05
-0.000364659
-0.000288332
-0.000137931
2.39127e-05
-0.000141157
2.62156e-05
-0.000145505
2.70849e-05
-0.000151221
2.69707e-05
-0.000158566
2.57624e-05
-0.000167795
2.30311e-05
-0.000179032
1.80071e-05
-0.000191905
9.27108e-06
-0.000205155
-5.23857e-06
-0.000217009
-2.69724e-05
-0.000226583
-5.50038e-05
-0.000234274
-8.71325e-05
-0.000239786
-0.000123977
-0.000239321
-0.00017136
-0.000225924
-0.000235639
-0.000194254
-0.000313671
-0.000143292
-0.000388852
-7.97446e-05
-0.000428207
-0.000368076
-0.000135868
2.63205e-05
-0.000139332
2.96788e-05
-0.000144147
3.19e-05
-0.000150699
3.35233e-05
-0.000159482
3.4545e-05
-0.000171089
3.46383e-05
-0.000185996
3.29141e-05
-0.000203818
2.70927e-05
-0.000222551
1.34945e-05
-0.000239084
-1.04393e-05
-0.00025117
-4.2918e-05
-0.000257555
-8.07473e-05
-0.000256668
-0.000124865
-0.000243747
-0.000184281
-0.000215869
-0.000263517
-0.000174054
-0.000355486
-0.000121815
-0.000441091
-7.13194e-05
-0.000478703
-0.000439396
-0.000132758
2.86448e-05
-0.000136234
3.31555e-05
-0.000141265
3.69303e-05
-0.000148417
4.06758e-05
-0.000158526
4.46534e-05
-0.000172731
4.88432e-05
-0.00019212
5.23029e-05
-0.00021641
5.13828e-05
-0.00024202
3.91047e-05
-0.000262889
1.04302e-05
-0.000272763
-3.30443e-05
-0.000268622
-8.48885e-05
-0.000251018
-0.000142468
-0.000220681
-0.000214618
-0.000180622
-0.000303576
-0.000135413
-0.000400696
-8.88373e-05
-0.000487666
-4.6909e-05
-0.000520631
-0.000486305
-0.000128406
3.06813e-05
-0.000131618
3.63671e-05
-0.000136503
4.18152e-05
-0.000143831
4.80043e-05
-0.000154867
5.56891e-05
-0.000171533
6.5509e-05
-0.000195868
7.66377e-05
-0.000227642
8.31573e-05
-0.000260913
7.2376e-05
-0.00028364
3.31566e-05
-0.000287861
-2.88228e-05
-0.000271873
-0.000100876
-0.00023953
-0.000174812
-0.000195474
-0.000258674
-0.000143052
-0.000355998
-9.14835e-05
-0.000452264
-5.0153e-05
-0.000528997
-4.36029e-06
-0.000566424
-0.000490665
-0.000122602
3.22394e-05
-0.000125236
3.90003e-05
-0.000129495
4.60745e-05
-0.000136292
5.4801e-05
-0.000147255
6.66523e-05
-0.000165037
8.32908e-05
-0.000192454
0.000104055
-0.000228733
0.000119437
-0.000264533
0.000108175
-0.000285064
5.36883e-05
-0.000285586
-2.83008e-05
-0.000267001
-0.000119462
-0.000229758
-0.000212055
-0.000173949
-0.000314483
-0.000103714
-0.000426233
-3.7728e-05
-0.00051825
-6.29887e-06
-0.000560426
8.33374e-06
-0.000581056
-0.000482331
-0.000115099
3.32055e-05
-0.000116871
4.07727e-05
-0.000119958
4.91611e-05
-0.000125225
6.00677e-05
-0.000134287
7.57145e-05
-0.000149867
9.88711e-05
-0.000174886
0.000129073
-0.000208333
0.000152884
-0.000240029
0.000139872
-0.000257233
7.08925e-05
-0.000258422
-2.71114e-05
-0.000243826
-0.000134058
-0.000207124
-0.000248757
-0.000146089
-0.000375518
-7.50651e-05
-0.000497257
-1.09523e-05
-0.000582363
2.56145e-05
-0.000596993
-1.66515e-06
-0.000553776
-0.000483996
-0.000105558
3.36257e-05
-0.000106339
4.15539e-05
-0.00010782
5.06417e-05
-0.00011056
6.28076e-05
-0.000115607
8.07621e-05
-0.000124818
0.000108082
-0.000140534
0.000144789
-0.000163115
0.000175465
-0.00018645
0.000163206
-0.000202261
8.67035e-05
-0.000206084
-2.32883e-05
-0.000192825
-0.000147316
-0.000152104
-0.000289478
-9.85075e-05
-0.000429115
-5.0582e-05
-0.000545183
-1.26084e-05
-0.000620336
1.15552e-05
-0.000621156
-7.31026e-07
-0.00054149
-0.000484727
-9.34573e-05
3.37429e-05
-9.3392e-05
4.14887e-05
-9.32052e-05
5.04549e-05
-9.29477e-05
6.255e-05
-9.26981e-05
8.05127e-05
-9.27501e-05
0.000108134
-9.4265e-05
0.000146304
-0.000100013
0.000181213
-0.000111526
0.000174719
-0.000122716
9.78938e-05
-0.000125302
-2.07022e-05
-0.000109701
-0.000162918
-7.25564e-05
-0.000326623
-3.9051e-05
-0.00046262
-1.73079e-05
-0.000566926
-3.88994e-06
-0.000633755
1.05562e-05
-0.000635602
3.37506e-07
-0.000531272
-0.00048439
-7.80879e-05
3.39047e-05
-7.75802e-05
4.0981e-05
-7.61598e-05
4.90345e-05
-7.33172e-05
5.97076e-05
-6.80945e-05
7.529e-05
-5.89888e-05
9.90282e-05
-4.50294e-05
0.000132345
-2.90673e-05
0.000165251
-2.05176e-05
0.000166169
-2.09532e-05
9.83294e-05
-1.85527e-05
-2.31026e-05
-2.40021e-07
-0.00018123
1.83657e-05
-0.000345229
2.5078e-05
-0.000469332
2.37654e-05
-0.000565613
1.82975e-05
-0.000628287
1.57588e-05
-0.000633064
2.46837e-06
-0.000517981
-0.000481922
-5.88079e-05
3.43904e-05
-5.83124e-05
4.04855e-05
-5.63965e-05
4.71186e-05
-5.21498e-05
5.54609e-05
-4.39096e-05
6.70498e-05
-2.88586e-05
8.39772e-05
-3.79108e-06
0.000107278
3.08287e-05
0.000130632
6.56234e-05
0.000131374
8.7454e-05
7.64988e-05
9.90847e-05
-3.47333e-05
0.00010602
-0.000188166
9.60938e-05
-0.000335302
8.03614e-05
-0.0004536
6.24791e-05
-0.000547731
4.42124e-05
-0.00061002
2.04439e-05
-0.000609295
4.97682e-06
-0.000502514
-0.000476945
-3.54184e-05
3.53342e-05
-3.52336e-05
4.03007e-05
-3.34696e-05
4.53546e-05
-2.91268e-05
5.11182e-05
-2.04267e-05
5.83497e-05
-4.32063e-06
6.78711e-05
2.32885e-05
7.96685e-05
6.39701e-05
8.995e-05
0.000110988
8.43571e-05
0.000148496
3.89903e-05
0.000167401
-5.3638e-05
0.000162115
-0.00018288
0.000140154
-0.000313341
0.00011513
-0.000428576
9.15308e-05
-0.000524132
6.78651e-05
-0.000586354
2.75436e-05
-0.000568974
6.49311e-06
-0.000481464
-0.000470452
-8.27204e-06
3.67735e-05
-8.52355e-06
4.05522e-05
-7.25529e-06
4.40864e-05
-3.64058e-06
4.75036e-05
3.76622e-06
5.0943e-05
1.72859e-05
5.43515e-05
3.99952e-05
5.69591e-05
7.42545e-05
5.56908e-05
0.000116381
4.22307e-05
0.000153168
2.20346e-06
0.000172763
-7.32335e-05
0.000168814
-0.000178931
0.00015027
-0.000294797
0.000127865
-0.000406171
0.000106168
-0.000502434
8.32425e-05
-0.000563429
3.34435e-05
-0.000519175
5.75227e-06
-0.000453772
-0.000464699
2.19135e-05
3.86919e-05
2.1188e-05
4.12777e-05
2.18523e-05
4.3422e-05
2.4467e-05
4.48889e-05
2.99971e-05
4.54128e-05
3.98776e-05
4.4471e-05
5.59474e-05
4.08892e-05
7.95856e-05
3.20526e-05
0.000109167
1.26491e-05
0.000137194
-2.5823e-05
0.000154049
-9.00883e-05
0.000154456
-0.000179339
0.000142616
-0.000282957
0.000125099
-0.000388654
0.00010524
-0.000482576
7.9431e-05
-0.00053762
2.95296e-05
-0.000469273
4.09997e-06
-0.000428343
-0.000460599
5.44266e-05
4.10695e-05
5.32122e-05
4.24922e-05
5.32546e-05
4.33796e-05
5.48784e-05
4.3265e-05
5.86518e-05
4.16394e-05
6.53856e-05
3.77373e-05
7.59974e-05
3.02775e-05
9.10371e-05
1.70129e-05
0.000109584
-5.89821e-06
0.000127474
-4.3713e-05
0.000138889
-0.000101503
0.000139628
-0.000180078
0.000130554
-0.000273883
0.000114749
-0.000372849
9.35342e-05
-0.00046136
6.28258e-05
-0.000506912
2.288e-05
-0.000429327
2.59703e-06
-0.00040806
-0.000458002
8.86101e-05
4.38528e-05
8.69219e-05
4.41805e-05
8.63517e-05
4.39498e-05
8.704e-05
4.25767e-05
8.92598e-05
3.94195e-05
9.3397e-05
3.36001e-05
9.98366e-05
2.38378e-05
0.000108663
8.18622e-06
0.000119002
-1.62364e-05
0.000128489
-5.32007e-05
0.000133495
-0.000106508
0.000131029
-0.000177612
0.000120558
-0.000263413
0.000102843
-0.000355133
7.74106e-05
-0.000435928
4.26293e-05
-0.00047213
1.64666e-05
-0.000403165
1.16708e-06
-0.00039276
-0.000456835
0.000123784
4.69173e-05
0.000121701
4.62634e-05
0.000120567
4.50843e-05
0.000120386
4.27576e-05
0.000121216
3.85898e-05
0.00012315
3.16658e-05
0.000126232
2.07555e-05
0.000130261
4.15716e-06
0.00013446
-2.04348e-05
0.000137204
-5.59449e-05
0.000136137
-0.000105441
0.00012918
-0.000170655
0.000115472
-0.000249705
9.44394e-05
-0.0003341
6.40513e-05
-0.00040554
2.51628e-05
-0.000433242
6.94777e-06
-0.00038495
4.25018e-07
-0.000386237
-0.00045641
0.000159211
5.00398e-05
0.000156913
4.8561e-05
0.000155337
4.66606e-05
0.000154397
4.3697e-05
0.000154002
3.89852e-05
0.000154048
3.16197e-05
0.000154359
2.0444e-05
0.000154569
3.94719e-06
0.000153952
-1.98175e-05
0.000151279
-5.32719e-05
0.000144973
-9.91351e-05
0.000133805
-0.000159487
0.00011743
-0.00023333
9.51285e-05
-0.000311799
6.37894e-05
-0.000374201
2.12242e-05
-0.000390677
7.33914e-06
-0.000371065
1.3221e-06
-0.00038022
-0.000455088
0.000194002
5.29131e-05
0.000191798
5.07649e-05
0.000190035
4.8424e-05
0.000188553
4.51784e-05
0.000187159
4.03793e-05
0.000185636
3.31427e-05
0.000183695
2.23852e-05
0.000180874
6.76818e-06
0.000176466
-1.54094e-05
0.000169479
-4.62851e-05
0.000158885
-8.85413e-05
0.000144382
-0.000144983
0.000126956
-0.000215904
0.000107056
-0.000291899
8.06406e-05
-0.000347786
3.49555e-05
-0.000344992
1.35854e-05
-0.000349694
4.41525e-06
-0.00037105
-0.000450673
0.000227163
5.51055e-05
0.000225393
5.25356e-05
0.000223734
5.00824e-05
0.000222026
4.68866e-05
0.00022004
4.2365e-05
0.000217456
3.57266e-05
0.000213915
2.59264e-05
0.000208916
1.17675e-05
0.000201741
-8.2343e-06
0.000191518
-3.60625e-05
0.000177561
-7.45845e-05
0.000160329
-0.000127751
0.000142188
-0.000197763
0.000124209
-0.00027392
0.000102195
-0.000325771
5.8753e-05
-0.00030155
2.23906e-05
-0.000313332
9.93398e-06
-0.000358594
-0.000440739
0.000257634
5.59567e-05
0.000256776
5.33934e-05
0.000255594
5.12649e-05
0.000254066
4.84144e-05
0.000252028
4.44035e-05
0.000249105
3.86494e-05
0.000244909
3.01222e-05
0.000238947
1.77295e-05
0.000230449
2.63543e-07
0.000218481
-2.40945e-05
0.000202473
-5.85767e-05
0.000182986
-0.000108264
0.000161743
-0.000176519
0.000136631
-0.000248808
0.000101522
-0.000290663
6.58131e-05
-0.000265841
3.0995e-05
-0.000278514
1.91183e-05
-0.000346717
-0.000421621
0.000284148
5.39637e-05
0.000284947
5.25946e-05
0.000285002
5.121e-05
0.000284466
4.89503e-05
0.000283237
4.56321e-05
0.000280988
4.08985e-05
0.000277391
3.37196e-05
0.000272084
2.30367e-05
0.000264321
8.02604e-06
0.00025303
-1.28039e-05
0.000237164
-4.27105e-05
0.000216076
-8.71754e-05
0.000188512
-0.000148956
0.000149726
-0.000210022
0.000100236
-0.000241173
6.63869e-05
-0.000231991
5.33449e-05
-0.000265472
3.55707e-05
-0.000328943
-0.00038605
0.000306644
5.01217e-05
0.000309413
4.98251e-05
0.000311616
4.90076e-05
0.000313506
4.706e-05
0.000314762
4.43758e-05
0.000314891
4.07702e-05
0.000313666
3.49442e-05
0.000311066
2.56364e-05
0.000306352
1.27406e-05
0.000298246
-4.69845e-06
0.000284544
-2.90085e-05
0.00026201
-6.46411e-05
0.000227555
-0.000114501
0.000181506
-0.000163973
0.000131307
-0.000190974
0.000107284
-0.000207968
9.0683e-05
-0.000248871
5.80468e-05
-0.000296307
-0.000328003
0.000320223
4.16494e-05
0.000328345
4.17028e-05
0.000335835
4.1517e-05
0.000342442
4.04535e-05
0.000348129
3.86885e-05
0.0003528
3.60991e-05
0.000356339
3.14056e-05
0.000358553
2.34223e-05
0.000358338
1.29562e-05
0.00035383
-1.90747e-07
0.000342828
-1.8006e-05
0.000321665
-4.34788e-05
0.000285111
-7.79467e-05
0.000237415
-0.000116277
0.000194087
-0.000147646
0.000166236
-0.000180118
0.000133455
-0.00021609
8.06682e-05
-0.00024352
-0.000247335
0.000320268
3.36064e-05
0.000328181
3.37894e-05
0.000335858
3.38399e-05
0.000343175
3.31371e-05
0.000349964
3.18994e-05
0.000355981
3.00814e-05
0.000361044
2.63432e-05
0.000364828
1.96376e-05
0.000366664
1.11203e-05
0.000365211
1.26205e-06
0.000358784
-1.15787e-05
0.000344725
-2.94197e-05
0.000319962
-5.31834e-05
0.000285533
-8.18481e-05
0.000250578
-0.000112691
0.00021392
-0.000143459
0.000164913
-0.000167083
9.55087e-05
-0.000174116
-0.000151826
0.000319696
2.49979e-05
0.000327578
2.59072e-05
0.000335233
2.61846e-05
0.000342895
2.54755e-05
0.000350185
2.46089e-05
0.000356446
2.38211e-05
0.000361767
2.10219e-05
0.000366334
1.50707e-05
0.000369257
8.1969e-06
0.000369447
1.07195e-06
0.000365486
-7.617e-06
0.000355255
-1.91892e-05
0.000336713
-3.46411e-05
0.000309318
-5.44532e-05
0.000274527
-7.78999e-05
0.000230768
-9.97008e-05
0.000172097
-0.000108412
9.62484e-05
-9.82672e-05
-5.55777e-05
0.000319496
1.57687e-05
0.000326869
1.85344e-05
0.000333809
1.92445e-05
0.000341711
1.75738e-05
0.000349564
1.67554e-05
0.000354766
1.86187e-05
0.000358473
1.73152e-05
0.000363222
1.03219e-05
0.00036694
4.47941e-06
0.000367782
2.29788e-07
0.000364361
-4.19666e-06
0.000354105
-8.93251e-06
0.000334408
-1.49441e-05
0.000303794
-2.38399e-05
0.000263575
-3.76804e-05
0.000215113
-5.12394e-05
0.00015188
-4.51785e-05
7.81862e-05
-2.45732e-05
2.26085e-05
0.000320373
4.85189e-06
0.00032559
1.33172e-05
0.000330059
1.47754e-05
0.000338546
9.0869e-06
0.000348221
7.08054e-06
0.000349665
1.71751e-05
0.000347655
1.9325e-05
0.000352277
5.69946e-06
0.000357019
-2.6264e-07
0.000357949
-6.99722e-07
0.000353775
-2.31913e-08
0.000339705
5.13782e-06
0.000310183
1.45782e-05
0.000264425
2.19182e-05
0.000212619
1.41251e-05
0.000164429
-3.0494e-06
9.83738e-05
2.08767e-05
3.04017e-05
4.33989e-05
5.30102e-05
0.000354473
0.000320482
0.000283366
0.00032396
0.000370467
0.000321647
0.000258009
0.00029843
0.000311802
0.000314256
0.000303976
0.000270698
0.000208599
0.000131685
6.80827e-05
9.63702e-05
-6.5446e-08
-9.93556e-05
)
;

boundaryField
{
    leftWall
    {
        type            calculated;
        value           uniform 0;
    }
    rightWall
    {
        type            calculated;
        value           uniform 0;
    }
    lowerWall
    {
        type            calculated;
        value           uniform 0;
    }
    atmosphere
    {
        type            calculated;
        value           nonuniform List<scalar> 
46
(
-8.69491e-05
9.22042e-05
-8.09743e-05
-2.65151e-05
-2.42795e-05
-8.77939e-05
-3.40735e-05
-3.54411e-05
-5.64517e-05
-4.91627e-06
-2.11753e-05
-2.27885e-05
-1.43321e-05
1.16624e-05
-6.28409e-05
2.71713e-05
-5.18633e-05
-6.14316e-05
2.10656e-05
2.19746e-05
-7.06472e-05
4.34283e-05
-6.0171e-05
2.40158e-05
3.00116e-05
-1.30462e-05
-1.4675e-05
-5.11106e-05
4.73081e-05
5.18915e-05
-3.15078e-05
-3.94258e-05
6.59944e-05
8.29636e-05
-3.47213e-05
-1.36352e-05
-3.15383e-06
1.02573e-05
3.84153e-05
7.66776e-05
9.88325e-05
7.7727e-05
-3.13369e-05
0.000117312
0.000142689
-4.63454e-05
)
;
    }
    defaultFaces
    {
        type            empty;
        value           nonuniform List<scalar> 0();
    }
}


// ************************************************************************* //
