/*--------------------------------*- C++ -*----------------------------------*\
  =========                 |
  \\      /  F ield         | OpenFOAM: The Open Source CFD Toolbox
   \\    /   O peration     | Website:  https://openfoam.org
    \\  /    A nd           | Version:  9
     \\/     M anipulation  |
\*---------------------------------------------------------------------------*/
FoamFile
{
    format      ascii;
    class       volScalarField;
    location    "1350";
    object      alphat;
}
// * * * * * * * * * * * * * * * * * * * * * * * * * * * * * * * * * * * * * //

dimensions      [1 -1 -1 0 0 0 0];

internalField   nonuniform List<scalar> 
4000
(
0.000359434
0.000316705
0.000234751
0.000185144
0.000165337
0.000155776
0.000142934
0.000133508
0.000128278
0.000126062
0.000124313
0.000122788
0.000124564
0.000130751
0.000142043
0.000153598
0.000172594
0.000214002
0.000281833
0.000323932
0.000401499
0.000366162
0.000321015
0.000294468
0.000273426
0.000231254
0.000171098
0.000164048
0.000159489
0.000161143
0.000160906
0.000156608
0.000158036
0.000161876
0.000233878
0.000279765
0.000303778
0.000327691
0.00035514
0.00039426
0.00042483
0.000408949
0.000382745
0.000355511
0.000327304
0.000294479
0.000260064
0.000213536
0.000172767
0.000178345
0.000178591
0.000172933
0.000202373
0.000250368
0.000289743
0.000328522
0.000362267
0.000389251
0.000409489
0.000422731
0.000436479
0.000426193
0.000402882
0.000374078
0.000340857
0.000304773
0.000268132
0.000231968
0.000201281
0.000197433
0.000198829
0.000208095
0.000235346
0.000269174
0.00030387
0.000340276
0.000375959
0.000406003
0.000427189
0.000435351
0.000443431
0.000439832
0.00042414
0.000401751
0.000377294
0.000354322
0.0003323
0.000311428
0.000297247
0.000292561
0.000302116
0.00031248
0.000327928
0.000345561
0.000363493
0.000384378
0.000407007
0.000427238
0.000441081
0.000442637
0.000448463
0.000452053
0.000447484
0.000439698
0.00043094
0.000421511
0.000411952
0.000402439
0.00039367
0.000386858
0.000392837
0.000402244
0.00041186
0.000421115
0.000429727
0.000438006
0.000445313
0.000451288
0.000453627
0.000447964
0.000453341
0.000464725
0.000470777
0.000473847
0.000475086
0.000474016
0.000470569
0.000465053
0.00045756
0.000448804
0.00045307
0.000463544
0.000472033
0.00047785
0.000481026
0.000481424
0.000479147
0.00047464
0.000466689
0.000453195
0.000459092
0.000478243
0.000493284
0.00050434
0.00051239
0.000517227
0.000518649
0.000516163
0.00050927
0.000498288
0.000501723
0.000513866
0.000521721
0.000524678
0.000523339
0.000518116
0.000509311
0.000497131
0.000480509
0.000459333
0.000467085
0.000495249
0.000518356
0.000536144
0.0005499
0.000559545
0.000565084
0.000565614
0.000559645
0.000546297
0.000549373
0.000563387
0.000570189
0.000570271
0.000565021
0.000555224
0.000540834
0.000522098
0.000497698
0.000467774
0.000479141
0.000516015
0.000546731
0.00057018
0.000589031
0.000603947
0.000614667
0.000620201
0.00061888
0.000608299
0.000611039
0.000622199
0.000624133
0.000619093
0.000608673
0.000593793
0.00057466
0.000550643
0.000518955
0.000480389
0.000316705
0.000279816
0.000227563
0.000203535
0.000197673
0.000197444
0.000181834
0.000160261
0.00015052
0.000145945
0.000143939
0.000142737
0.000147947
0.000166271
0.000179668
0.000183875
0.000192478
0.000210119
0.000238778
0.000254474
0.000366162
0.000431527
0.000401192
0.000403676
0.000434179
0.000427616
0.000379296
0.000354807
0.000371658
0.000419903
0.000434663
0.000381268
0.000344068
0.000355962
0.000414522
0.000436655
0.000428628
0.00043422
0.000443251
0.000359544
0.000408949
0.000611544
0.000585588
0.000525157
0.000479797
0.000445173
0.000413799
0.000381378
0.00037986
0.000437354
0.000446588
0.000384199
0.000375348
0.000401414
0.000435187
0.000473276
0.000516764
0.000560619
0.000554819
0.000408358
0.000426193
0.000595308
0.000604414
0.000555177
0.000491276
0.000440969
0.000398485
0.000360977
0.000347739
0.000408915
0.000407522
0.000344427
0.000357132
0.000393799
0.000437632
0.000489517
0.000553101
0.000589662
0.000569559
0.000425321
0.000439832
0.000610461
0.000634715
0.000592666
0.000517434
0.000452221
0.000401427
0.000356637
0.000326643
0.000327734
0.000331647
0.000333792
0.000365161
0.000411196
0.000464405
0.000533984
0.000608349
0.000637484
0.000601228
0.000439003
0.000452053
0.000634893
0.000678071
0.000661195
0.000601435
0.000511588
0.000453139
0.000408226
0.000380448
0.000373164
0.000379808
0.00039233
0.000424546
0.000473907
0.00053612
0.000626622
0.000678065
0.000681666
0.000628787
0.000451381
0.000464725
0.000653815
0.000709843
0.000729905
0.000722081
0.000673248
0.000594343
0.000528795
0.000489224
0.000470973
0.00048125
0.000510114
0.000560561
0.000633971
0.000710397
0.00074807
0.000744633
0.000711681
0.000647532
0.000464341
0.000478243
0.000663798
0.000724532
0.000777951
0.000831148
0.000852379
0.000842414
0.000813208
0.000772586
0.000742009
0.00075441
0.000795788
0.000837562
0.00086372
0.000872094
0.000850397
0.000788885
0.000724815
0.000657693
0.000478245
0.000495249
0.000646072
0.000716946
0.000771769
0.000811965
0.00083021
0.000834362
0.000820637
0.000782693
0.000727584
0.000736244
0.000795497
0.000835325
0.000850489
0.000846316
0.000824247
0.000777033
0.000715638
0.000642652
0.000495874
0.000516015
0.000556366
0.000590973
0.000618915
0.000642879
0.000663276
0.000679285
0.00068893
0.00068958
0.000678736
0.000681676
0.000693258
0.000693051
0.000683729
0.000667863
0.000647302
0.000622869
0.000594367
0.000559045
0.000517662
0.000234751
0.000227563
0.000213888
0.000210091
0.000216343
0.000214553
0.00019847
0.000175219
0.000163176
0.000157704
0.000156093
0.000155837
0.000162071
0.000181862
0.000199294
0.000201911
0.000201867
0.000204014
0.000206655
0.000193178
0.000321015
0.000401192
0.000428158
0.000472911
0.000516618
0.000508626
0.00045668
0.000429856
0.000445406
0.000500886
0.000521263
0.000459845
0.000417778
0.000427935
0.000491599
0.000524711
0.00050383
0.000474698
0.00044338
0.000335544
0.000382745
0.000585588
0.000602019
0.000574613
0.000551486
0.000527675
0.000502632
0.000475741
0.000473513
0.000522886
0.000542465
0.000478515
0.000474062
0.000493101
0.000516012
0.000544287
0.000567238
0.000587906
0.000555593
0.000385437
0.000402882
0.000604414
0.000648496
0.000619455
0.000569542
0.000525743
0.000487803
0.000456598
0.000455178
0.000503825
0.000514593
0.000461889
0.00045586
0.000482289
0.000519108
0.000563514
0.000611841
0.000633757
0.000581508
0.000401304
0.00042414
0.000634715
0.000691555
0.000665091
0.000594976
0.000529657
0.000477144
0.000432143
0.000401296
0.000401198
0.000404196
0.000403703
0.000433605
0.000479693
0.000534851
0.000603626
0.000674626
0.000691319
0.000627051
0.000422616
0.000447485
0.000678071
0.000750134
0.000733506
0.000655401
0.000560686
0.000488426
0.000430483
0.00038829
0.000375676
0.000379526
0.000396318
0.000441552
0.000503257
0.000578227
0.00067122
0.000741039
0.000746026
0.000669212
0.000446888
0.000470777
0.000709843
0.000798402
0.000804291
0.000746466
0.000657963
0.000574488
0.000507849
0.000461568
0.000443722
0.000450476
0.000477371
0.000530763
0.000602234
0.000684791
0.000762968
0.000805696
0.000786627
0.000695817
0.000470589
0.000493284
0.000724532
0.000837489
0.000896193
0.000896115
0.00084825
0.000793874
0.000738843
0.000683571
0.000642502
0.000651997
0.000703497
0.0007624
0.000819249
0.000871435
0.000907109
0.000890485
0.000819593
0.000707032
0.000493462
0.000518356
0.000716946
0.000889649
0.00104814
0.00114869
0.00119116
0.00119905
0.00116845
0.00109157
0.000981582
0.00099003
0.00110511
0.00118163
0.00121544
0.00120838
0.00115432
0.00104031
0.000872406
0.000703458
0.000519086
0.000546731
0.000590973
0.000628612
0.000659951
0.000687883
0.000712736
0.000733474
0.000747119
0.000749946
0.000738349
0.000741804
0.000754155
0.000751581
0.00073803
0.000717197
0.000691912
0.000663346
0.000631636
0.000593763
0.000549102
0.000185144
0.000203535
0.000210091
0.000219836
0.000225303
0.000219579
0.000203284
0.000184021
0.000172794
0.000168628
0.00016794
0.000167412
0.000173073
0.000186829
0.000207247
0.000216352
0.00021288
0.000204396
0.000193444
0.000164727
0.000294468
0.000403676
0.000472911
0.000533371
0.000562844
0.000536948
0.000491777
0.000473328
0.000496223
0.000560631
0.000587016
0.000520213
0.00047083
0.000468046
0.000511162
0.000566579
0.000561645
0.000515572
0.000446299
0.000308051
0.000355511
0.000525157
0.000574613
0.000585876
0.000585874
0.000573186
0.000553503
0.000528743
0.000529554
0.0005925
0.000623917
0.000551724
0.000530244
0.000546823
0.000561641
0.000577339
0.000579873
0.000564834
0.000508535
0.000355183
0.000374078
0.000555177
0.000619455
0.000620879
0.00059883
0.000571314
0.000543666
0.000521744
0.000527383
0.000578433
0.00059784
0.000545721
0.000527986
0.00054025
0.000562142
0.000586949
0.000605513
0.000597695
0.000531845
0.000366733
0.000401751
0.000592666
0.000665091
0.000666258
0.000627835
0.00058162
0.000539653
0.000504138
0.000486473
0.000520883
0.000531587
0.000492127
0.000504825
0.00053767
0.000577379
0.000621274
0.000656937
0.000651443
0.000579793
0.000398635
0.000439698
0.000661195
0.000733506
0.000736292
0.000684766
0.000613497
0.00054973
0.000495609
0.000454679
0.000444588
0.00044766
0.000459084
0.000500284
0.00055477
0.000615907
0.000679343
0.000720604
0.000713115
0.000648303
0.000439152
0.000473847
0.000729905
0.000804291
0.000816617
0.000771734
0.000696043
0.000622651
0.000561545
0.000516038
0.00050163
0.000505054
0.000524318
0.000572862
0.000634829
0.000702238
0.00076228
0.000789945
0.000772479
0.000711563
0.00047411
0.00050434
0.000777951
0.000896193
0.000957405
0.000946009
0.000892116
0.000833753
0.000778943
0.000723164
0.000678393
0.000685659
0.000734482
0.000789314
0.000841691
0.000891525
0.000926201
0.000917389
0.000854361
0.000753893
0.000504958
0.000536144
0.000771769
0.00104814
0.00130287
0.00135265
0.00137284
0.00138424
0.00137193
0.00130046
0.00117374
0.0011774
0.00130401
0.0013715
0.00137941
0.00136065
0.00132536
0.00125955
0.00101099
0.000749225
0.000537166
0.00057018
0.000618915
0.000659951
0.00069508
0.000728112
0.00075869
0.000785042
0.000803867
0.000810668
0.000801948
0.000806233
0.000815661
0.000808982
0.000790001
0.000763233
0.000731911
0.000698112
0.000662936
0.000622147
0.00057337
0.000165337
0.000197673
0.000216343
0.000225303
0.000225259
0.000216521
0.000202433
0.000189716
0.000181672
0.000179878
0.000179937
0.000177939
0.000181666
0.000191265
0.000204985
0.000219301
0.00022148
0.000212526
0.00019354
0.000153759
0.000273426
0.000434179
0.000516618
0.000562844
0.000564332
0.000532759
0.000506706
0.000500287
0.000533048
0.0006127
0.000647869
0.000571952
0.000510729
0.000496738
0.000508302
0.000548936
0.000571098
0.00053832
0.00045528
0.000278205
0.000327304
0.000479797
0.000551486
0.000585874
0.000598219
0.000593689
0.000576418
0.000555186
0.000567265
0.000652255
0.000694957
0.000602716
0.000562296
0.00057325
0.000585935
0.000587883
0.000577729
0.000543432
0.000468619
0.000319512
0.000340857
0.000491276
0.000569542
0.00059883
0.000601151
0.000590472
0.00057493
0.000562405
0.000573375
0.000642495
0.000678596
0.000600083
0.000575101
0.000576934
0.000583186
0.000587655
0.000581194
0.000547986
0.000468596
0.000328144
0.000377294
0.000517434
0.000594976
0.000627835
0.000623831
0.000602492
0.00057652
0.00055449
0.000555074
0.000616787
0.00064084
0.00057075
0.000558548
0.000573725
0.000593065
0.000607662
0.000605827
0.000569398
0.000495226
0.000373177
0.00043094
0.000601435
0.000655401
0.000684766
0.000673857
0.000636895
0.000593595
0.000554601
0.000534066
0.000567434
0.000573126
0.000537379
0.00055455
0.00058967
0.000625291
0.000650327
0.000649448
0.000616903
0.000577392
0.000430778
0.000475086
0.000722081
0.000746466
0.000771734
0.00076254
0.000720567
0.000668576
0.000622222
0.000595783
0.000618092
0.000614722
0.000594319
0.000621224
0.000663798
0.00070422
0.000727083
0.000719553
0.000695616
0.000699084
0.000476038
0.00051239
0.000831148
0.000896115
0.000946009
0.000945243
0.000904998
0.000856506
0.000809295
0.000760385
0.000725439
0.000725788
0.000759898
0.000804517
0.000844331
0.000878109
0.000895758
0.000877541
0.000830446
0.000804981
0.000513697
0.0005499
0.000811965
0.00114869
0.00135265
0.00145274
0.00151675
0.00156113
0.00156276
0.00146946
0.00128836
0.00128966
0.00146966
0.00155755
0.00154694
0.00148939
0.00140651
0.00128997
0.00109877
0.000784892
0.000551502
0.000589031
0.000642879
0.000687883
0.000728112
0.000768301
0.000805658
0.000838114
0.000862472
0.000873942
0.00086911
0.000874797
0.000880181
0.000868722
0.000844055
0.000810999
0.000772744
0.000731608
0.000691532
0.000646975
0.000593116
0.000155776
0.000197444
0.000214553
0.000219579
0.000216521
0.000208793
0.000201171
0.000194632
0.000190373
0.000191506
0.000192436
0.000188123
0.000188959
0.000194367
0.000201132
0.000208795
0.000214612
0.000211039
0.00019343
0.000147636
0.000231254
0.000427616
0.000508626
0.000536948
0.000532759
0.000521948
0.00051428
0.00052059
0.000561894
0.000645487
0.000684167
0.000610092
0.000542619
0.000519884
0.000514694
0.000513381
0.000513814
0.000491193
0.000411009
0.000205692
0.000294479
0.000445173
0.000527675
0.000573186
0.000593689
0.000593299
0.000579354
0.000568002
0.000594313
0.000681015
0.00072406
0.000639358
0.000584445
0.000581687
0.000590099
0.000587476
0.000565488
0.000517905
0.000433941
0.000280791
0.000304773
0.000440969
0.000525743
0.000571314
0.000590472
0.000593905
0.000589271
0.000584448
0.000603219
0.000676282
0.000712465
0.000636601
0.000601366
0.000597656
0.000593733
0.000582154
0.00055752
0.000508648
0.000423083
0.00029174
0.000354322
0.000452221
0.000529657
0.00058162
0.000602492
0.000602329
0.000592467
0.00058514
0.000602981
0.000673381
0.00070092
0.000628375
0.000595045
0.000593294
0.000595272
0.000588095
0.000561892
0.000508394
0.000436291
0.000351498
0.000421511
0.000511588
0.000560686
0.000613497
0.000636895
0.000631416
0.000611302
0.000592047
0.000597515
0.0006601
0.000671486
0.000604732
0.000591413
0.000604094
0.000615505
0.000610708
0.000579493
0.000527139
0.000491364
0.000422463
0.000474016
0.000673248
0.000657963
0.000696043
0.000720567
0.000712724
0.000685609
0.000658679
0.000657994
0.000718086
0.000713172
0.000651685
0.000649624
0.000669929
0.000684629
0.000676516
0.000640627
0.000605709
0.000642867
0.000475812
0.000517227
0.000852379
0.00084825
0.000892116
0.000904998
0.000886624
0.000856453
0.000820827
0.000777258
0.000751719
0.000745906
0.000767996
0.000805656
0.000831177
0.000845732
0.000844938
0.000819886
0.000783268
0.000825482
0.000519368
0.000559546
0.00083021
0.00119116
0.00137284
0.00151675
0.00162657
0.00170031
0.00169612
0.00154232
0.00125344
0.00124993
0.00153921
0.00169369
0.00168968
0.00160114
0.00147253
0.00131458
0.0011429
0.000806083
0.000562044
0.000603947
0.000663276
0.000712736
0.00075869
0.000805658
0.000849735
0.000888849
0.000919589
0.000937365
0.00093932
0.000946893
0.000945066
0.000927202
0.000896137
0.000856396
0.000811503
0.000763706
0.000717781
0.000668506
0.000608883
0.000142934
0.000181834
0.00019847
0.000203284
0.000202433
0.000201171
0.000200206
0.000199109
0.000199659
0.00020594
0.000208162
0.000199325
0.000195639
0.000196099
0.000196985
0.000196607
0.000194693
0.000189254
0.000172083
0.000133233
0.000171098
0.000379296
0.00045668
0.000491777
0.000506706
0.00051428
0.000522188
0.000541596
0.000588464
0.000652147
0.00068419
0.000641141
0.000574187
0.000540742
0.000523536
0.000505478
0.000479298
0.000438185
0.000364939
0.000165924
0.000260064
0.000413799
0.000502632
0.000553503
0.000576418
0.000579354
0.000574262
0.000578069
0.00061026
0.000636446
0.000657385
0.000656187
0.00060517
0.000587091
0.000582599
0.000573443
0.000546879
0.000493086
0.000400722
0.000239642
0.000268132
0.000398485
0.000487803
0.000543666
0.00057493
0.000589271
0.000592411
0.000594896
0.000615795
0.000612803
0.000620314
0.000648435
0.000615697
0.000606175
0.000597628
0.000576981
0.000539191
0.000477986
0.000384968
0.000257795
0.0003323
0.000401427
0.000477144
0.000539653
0.00057652
0.000592467
0.000597156
0.000603024
0.000624817
0.0006051
0.000606202
0.000650995
0.00061888
0.000604746
0.000593387
0.000571328
0.000529844
0.000464762
0.000391074
0.000333834
0.000411952
0.00045314
0.000488426
0.00054973
0.000593595
0.000611302
0.000612138
0.000612524
0.00063021
0.000606457
0.000602594
0.000639896
0.000615187
0.000607627
0.000599479
0.000574625
0.00052597
0.000464941
0.000438621
0.00041445
0.000470569
0.000594343
0.000574488
0.000622651
0.000668576
0.000685609
0.00068033
0.000673192
0.000689882
0.000700616
0.000691025
0.000683636
0.000661875
0.000661585
0.000656785
0.000629013
0.000576589
0.000531618
0.000569215
0.000473275
0.000518649
0.000842414
0.000793874
0.000833753
0.000856506
0.000856453
0.000840951
0.00080989
0.00076532
0.000735304
0.000727457
0.000752114
0.000790299
0.000811798
0.000813854
0.000800033
0.00076974
0.000735337
0.000814101
0.000521404
0.000565084
0.000834362
0.00119905
0.00138424
0.00156113
0.00170031
0.00177818
0.00173207
0.00146694
0.00109287
0.00109315
0.00144985
0.00172639
0.00177414
0.00168433
0.00153035
0.00134063
0.00115328
0.000813263
0.000568286
0.000614667
0.000679285
0.000733474
0.000785042
0.000838114
0.000888849
0.000935189
0.000974082
0.00100236
0.00102058
0.00103094
0.00101179
0.000982949
0.00094369
0.000896773
0.000845356
0.000791614
0.000739855
0.000685473
0.000620229
0.000133508
0.000160261
0.000175219
0.000184021
0.000189716
0.000194632
0.000199109
0.000204116
0.000210698
0.000222236
0.000225908
0.00021254
0.00020289
0.000197261
0.000192967
0.000187997
0.00018125
0.000171627
0.000155665
0.000126939
0.000164048
0.000354807
0.000429856
0.000473328
0.000500287
0.00052059
0.000541596
0.000571091
0.000581894
0.000475421
0.000500967
0.000626509
0.000609792
0.000569799
0.000541096
0.000513633
0.000479271
0.000430002
0.000349405
0.000157784
0.000213536
0.000381378
0.000475741
0.000528743
0.000555186
0.000568002
0.000578069
0.000592228
0.000551459
0.000374816
0.000395936
0.000573607
0.00062409
0.000602435
0.000583099
0.000560878
0.000526182
0.000468932
0.000372914
0.000179992
0.000231968
0.000360977
0.000456598
0.000521744
0.000562405
0.000584448
0.000594896
0.00060005
0.000530917
0.000375599
0.000402589
0.000536752
0.000621431
0.00061381
0.000599574
0.000574186
0.000529227
0.000457974
0.000353845
0.00022269
0.000311428
0.000356637
0.000432143
0.000504138
0.00055449
0.00058514
0.000603024
0.000611185
0.00052357
0.000420058
0.000464337
0.000525838
0.000627713
0.000618291
0.000596657
0.00056138
0.000505732
0.000427559
0.000349456
0.000319614
0.000402439
0.000408226
0.000430483
0.000495609
0.000554601
0.000592047
0.000612524
0.00062081
0.00052204
0.000476116
0.000527642
0.000517426
0.000624783
0.000614472
0.000588546
0.000544976
0.000480097
0.000412207
0.000397316
0.000406524
0.000465053
0.000528795
0.000507849
0.000561545
0.000622222
0.000658679
0.000673192
0.000678846
0.000609331
0.000582827
0.00062485
0.000596967
0.000667556
0.000656228
0.000633936
0.00058958
0.000523603
0.000472498
0.000508475
0.000468595
0.000516163
0.000813208
0.000738843
0.000778943
0.000809295
0.000820827
0.00080989
0.000775521
0.000719946
0.000692107
0.000718931
0.000707902
0.000753433
0.000779531
0.000779964
0.000758223
0.000722497
0.000686904
0.000787601
0.000519383
0.000565614
0.000820637
0.00116845
0.00137193
0.00156276
0.00169612
0.00173207
0.00157238
0.00123748
0.00115305
0.00118947
0.00123162
0.00154486
0.00171742
0.00168327
0.00154143
0.00133924
0.00113106
0.000801358
0.000569179
0.000620201
0.00068893
0.000747119
0.000803867
0.000862472
0.000919589
0.000974082
0.00102461
0.00107394
0.00112833
0.00114237
0.00108616
0.00103474
0.000983351
0.000928357
0.000870633
0.000811367
0.000754345
0.000695677
0.000626075
0.000128278
0.00015052
0.000163176
0.000172794
0.000181672
0.000190373
0.000199659
0.000210698
0.000222042
0.000234821
0.000237718
0.000225385
0.000211987
0.000200382
0.000191295
0.000182852
0.000173673
0.000162237
0.000148098
0.000123989
0.000159489
0.000371658
0.000445406
0.000496223
0.000533048
0.000561894
0.000588464
0.000581894
0.000432293
0.000542924
0.000572987
0.000465901
0.000616372
0.000621947
0.000590507
0.000555866
0.000515521
0.000458268
0.000382594
0.000154426
0.000172767
0.00037986
0.000473513
0.000529554
0.000567265
0.000594313
0.00061026
0.000551459
0.000360634
0.000743953
0.000778059
0.000383836
0.00056927
0.00064085
0.000622716
0.000589758
0.000545121
0.000480429
0.000387929
0.00016753
0.000201281
0.000347739
0.000455178
0.000527383
0.000573375
0.000603219
0.000615795
0.000530917
0.000390446
0.00101135
0.00105916
0.000421075
0.000534349
0.000637968
0.000627417
0.000594876
0.000545494
0.000473119
0.000355577
0.000187597
0.000297247
0.000326643
0.000401296
0.000486473
0.000555074
0.000602981
0.000624817
0.00052357
0.000465477
0.00129895
0.00136556
0.000513989
0.0005219
0.00064425
0.000628459
0.000580834
0.000506916
0.0004065
0.000321771
0.000310099
0.00039367
0.000380448
0.00038829
0.000454679
0.000534066
0.000597515
0.00063021
0.00052204
0.000534379
0.00154182
0.00162575
0.000595014
0.00051298
0.000637951
0.000608159
0.000538976
0.000448039
0.000373741
0.000373921
0.000399026
0.00045756
0.000489224
0.000461568
0.000516038
0.000595783
0.000657994
0.000689882
0.000609331
0.000642732
0.00169784
0.00179141
0.00070067
0.000590314
0.000675436
0.000640013
0.000570749
0.00048454
0.000432755
0.000474512
0.000461772
0.00050927
0.000772586
0.000683571
0.000723164
0.000760385
0.000777258
0.00076532
0.000719946
0.000758644
0.00172543
0.00182575
0.000804981
0.000697758
0.000731793
0.000735707
0.000711576
0.0006713
0.000638686
0.000750258
0.000512838
0.000559645
0.000782693
0.00109157
0.00130046
0.00146946
0.00154232
0.00146694
0.00123748
0.00123452
0.00172201
0.00179264
0.00128506
0.00122628
0.0014357
0.00151828
0.00144564
0.00127046
0.00105819
0.000764706
0.000563354
0.00061888
0.00068958
0.000749946
0.000810668
0.000873942
0.000937365
0.00100236
0.00107394
0.00116186
0.00126284
0.00127971
0.00117729
0.00108643
0.00101257
0.000946447
0.000882277
0.000818338
0.000757254
0.000696375
0.000624728
0.000126062
0.000145945
0.000157704
0.000168628
0.000179878
0.000191506
0.00020594
0.000222236
0.000234821
0.000244305
0.00024651
0.000237488
0.000225572
0.000209013
0.000194787
0.000183259
0.000171666
0.000159217
0.000145799
0.000123082
0.000161143
0.000419902
0.000500886
0.000560631
0.0006127
0.000645487
0.000652147
0.000475421
0.000542924
0.00036472
0.000380072
0.000569892
0.000509563
0.00068294
0.000675983
0.000639492
0.000584448
0.000521062
0.000434556
0.000156006
0.000178345
0.000437354
0.000522886
0.0005925
0.000652255
0.000681015
0.000636446
0.000374816
0.000743953
0.00054285
0.00056882
0.00076254
0.000397844
0.000662637
0.000717769
0.00068879
0.000624777
0.000554137
0.000463619
0.000172721
0.000197433
0.000408915
0.000503825
0.000578433
0.000642495
0.000676282
0.000612803
0.000375599
0.00101135
0.000737006
0.000774902
0.00103392
0.000395779
0.000626785
0.000712329
0.00068468
0.000616589
0.00053916
0.000456732
0.000187009
0.000292561
0.000327734
0.000401198
0.000520883
0.000616787
0.000673381
0.0006051
0.000420058
0.00129895
0.00095267
0.00100341
0.00133418
0.00044834
0.000613515
0.000712977
0.00066921
0.000579245
0.00044222
0.000333098
0.000306236
0.000386858
0.000373164
0.000375676
0.000444588
0.000567434
0.0006601
0.000606457
0.000476116
0.00154182
0.00118415
0.00124633
0.00159151
0.000509079
0.000607642
0.00069124
0.000605213
0.000462729
0.000373737
0.000371857
0.000393031
0.000448804
0.000470973
0.000443722
0.00050163
0.000618092
0.000718086
0.000700616
0.000582827
0.00169784
0.00140999
0.00147948
0.00175566
0.000605173
0.00068336
0.000712611
0.000608471
0.000482168
0.000424632
0.000462213
0.000453739
0.000498288
0.000742009
0.000642502
0.000678393
0.000725439
0.000751719
0.000735304
0.000692107
0.00172543
0.00158624
0.00165743
0.00180202
0.000704249
0.000703014
0.000712068
0.00068131
0.000633504
0.000605926
0.000722731
0.000502555
0.000546297
0.000727584
0.000981582
0.00117374
0.00128836
0.00125344
0.00109287
0.00115305
0.00172201
0.00169791
0.00176674
0.00178353
0.00118555
0.00107747
0.00121436
0.00125288
0.00114165
0.000952124
0.000712938
0.00055065
0.000608299
0.000678736
0.000738349
0.000801948
0.00086911
0.00093932
0.00102058
0.00112833
0.00126284
0.00132156
0.00134082
0.00127857
0.00114246
0.00103194
0.000948256
0.000876785
0.000809022
0.000745313
0.000685457
0.000614315
0.000124313
0.000143939
0.000156093
0.00016794
0.000179937
0.000192436
0.000208162
0.000225908
0.000237718
0.00024651
0.000240316
0.000231538
0.000222029
0.000206524
0.000192397
0.000180919
0.000169403
0.000157565
0.000144673
0.000122331
0.000160906
0.000434663
0.000521263
0.000587016
0.000647869
0.000684167
0.00068419
0.000500967
0.000572987
0.000380072
0.000375939
0.000574697
0.000529623
0.000701954
0.000694866
0.000656239
0.000595654
0.000527321
0.000438202
0.000156202
0.000178591
0.000446588
0.000542465
0.000623917
0.000694957
0.00072406
0.000657385
0.000395936
0.000778058
0.00056882
0.000564035
0.000764423
0.000408199
0.000679326
0.000744218
0.000712818
0.000640308
0.000560896
0.000466019
0.000174589
0.000198829
0.000407522
0.000514593
0.00059784
0.000678596
0.000712465
0.000620314
0.000402589
0.00105916
0.000774902
0.000768941
0.00104119
0.000407799
0.000635551
0.000736913
0.000706319
0.000626663
0.000542791
0.000445533
0.00019384
0.000302116
0.000331647
0.000404196
0.000531587
0.00064084
0.00070092
0.000606202
0.000464337
0.00136556
0.00100341
0.000996675
0.00135107
0.000475757
0.000617693
0.000729266
0.000679911
0.000576971
0.000437623
0.000338698
0.000314732
0.000392837
0.000379808
0.000379526
0.00044766
0.000573126
0.000671486
0.000602594
0.000527642
0.00162575
0.00124633
0.00123964
0.00161927
0.000542021
0.000608327
0.000693926
0.00060306
0.00046345
0.000379853
0.000380333
0.000399084
0.00045307
0.00048125
0.000450476
0.000505054
0.000614722
0.000713172
0.000691025
0.00062485
0.00179141
0.00147948
0.00147335
0.00179389
0.000640279
0.000684213
0.000711567
0.000609769
0.000489583
0.000433627
0.000473166
0.000458708
0.000501723
0.00075441
0.000651997
0.000685659
0.000725788
0.000745906
0.000727457
0.000718931
0.00182575
0.00165743
0.00165099
0.00185002
0.000738231
0.000719118
0.00072762
0.000698501
0.000651599
0.000620467
0.000739286
0.00050724
0.000549373
0.000736244
0.00099003
0.0011774
0.00128966
0.00124993
0.00109315
0.00118947
0.00179264
0.00176674
0.00176223
0.00181367
0.00121042
0.0010818
0.0012081
0.00125359
0.00115249
0.000970776
0.000730547
0.000555397
0.000611039
0.000681676
0.000741804
0.000806233
0.000874797
0.000946893
0.00103094
0.00114237
0.0012797
0.00134082
0.00133138
0.00127655
0.00114279
0.00103253
0.000948706
0.000877596
0.000810594
0.00074776
0.000688742
0.000618481
0.000122788
0.000142737
0.000155837
0.000167412
0.000177939
0.000188123
0.000199325
0.00021254
0.000225385
0.000237488
0.000231538
0.000215671
0.000203231
0.000192248
0.000183469
0.000175378
0.000166825
0.000156644
0.000143915
0.000121942
0.000156608
0.000381268
0.000459845
0.000520213
0.000571952
0.000610092
0.000641141
0.000626509
0.000465901
0.000569892
0.000574697
0.00048152
0.000633324
0.000637231
0.000605853
0.000569497
0.000524467
0.000466068
0.000388539
0.000153962
0.000172933
0.000384199
0.000478515
0.000551724
0.000602716
0.000639358
0.000656187
0.000573607
0.000383836
0.00076254
0.000764423
0.000382177
0.000579294
0.000662358
0.000645657
0.000608102
0.000556525
0.000484735
0.000392293
0.000170081
0.000208095
0.000344427
0.000461889
0.000545721
0.000600083
0.000636601
0.000648435
0.000536752
0.000421075
0.00103392
0.00104119
0.000422631
0.000533259
0.000653847
0.000646298
0.000611532
0.000557724
0.000476911
0.000353894
0.000201478
0.00031248
0.000333792
0.000403703
0.000492127
0.00057075
0.000628375
0.000650995
0.000525838
0.000513989
0.00133418
0.00135107
0.000523658
0.000521568
0.000656178
0.000639184
0.000583936
0.00050404
0.000408485
0.000333731
0.000324383
0.000402244
0.00039233
0.000396318
0.000459084
0.000537379
0.000604732
0.000639896
0.000517426
0.000595014
0.00159151
0.00161927
0.000615233
0.000510995
0.000638957
0.000607956
0.000538761
0.000453349
0.000386415
0.000389596
0.000408805
0.000463544
0.000510114
0.000477371
0.000524318
0.000594319
0.000651685
0.000683636
0.000596967
0.00070067
0.00175566
0.00179389
0.000726371
0.000587924
0.000672474
0.00063853
0.000575833
0.000498973
0.000453094
0.000499743
0.000469787
0.000513866
0.000795788
0.000703497
0.000734482
0.000759898
0.000767996
0.000752114
0.000707902
0.000804981
0.00180202
0.00185002
0.000837931
0.000707509
0.000743054
0.000752461
0.000735917
0.000701856
0.000670248
0.000784907
0.000520257
0.000563387
0.000795497
0.00110511
0.00130401
0.00146966
0.00153921
0.00144985
0.00123162
0.00128506
0.00178353
0.00181367
0.00131329
0.00122202
0.00140529
0.0015018
0.00144758
0.00129002
0.00109311
0.000796643
0.000570358
0.000622199
0.000693258
0.000754155
0.000815661
0.000880181
0.000945066
0.00101179
0.00108616
0.00117729
0.00127857
0.00127655
0.00117698
0.00108642
0.00101202
0.000946175
0.00088297
0.000820284
0.000760357
0.00070058
0.000630007
0.000124564
0.000147947
0.000162071
0.000173073
0.000181666
0.000188959
0.000195639
0.00020289
0.000211987
0.000225572
0.000222029
0.000203231
0.00019244
0.000186351
0.000181667
0.000176385
0.000169783
0.000160909
0.000147009
0.000122515
0.000158036
0.000344068
0.000417778
0.00047083
0.000510729
0.000542619
0.000574187
0.000609792
0.000616372
0.000509563
0.000529623
0.000633324
0.000605619
0.000563579
0.000533244
0.000503912
0.000468231
0.000418351
0.000342818
0.000154003
0.000202373
0.000375348
0.000474062
0.000530244
0.000562296
0.000584445
0.00060517
0.00062409
0.00056927
0.000397844
0.000408199
0.000579294
0.000626023
0.000600787
0.000577296
0.000553725
0.000520283
0.000464191
0.000368419
0.000183186
0.000235346
0.000357132
0.00045586
0.000527986
0.000575101
0.000601366
0.000615697
0.000621431
0.000534349
0.000395779
0.000407799
0.000533259
0.000619388
0.000612266
0.000599259
0.000572766
0.000524212
0.000449924
0.000348452
0.000230325
0.000327928
0.000365161
0.000433605
0.000504825
0.000558548
0.000595045
0.00061888
0.000627713
0.0005219
0.00044834
0.000475757
0.000521568
0.000624049
0.000613616
0.000588949
0.000551884
0.000496398
0.000422995
0.000357719
0.000335717
0.00041186
0.000424546
0.000441552
0.000500284
0.00055455
0.000591413
0.000615187
0.000624783
0.00051298
0.000509079
0.000542021
0.000510995
0.00061503
0.00060338
0.000577353
0.000537733
0.000480357
0.000422365
0.000417078
0.000418136
0.000472033
0.000560561
0.000530763
0.000572862
0.000621224
0.000649624
0.000661875
0.000667556
0.000590314
0.000605173
0.000640279
0.000587924
0.000653565
0.000642563
0.000625192
0.000591161
0.000538091
0.000499942
0.000551364
0.000478319
0.000521721
0.000837562
0.0007624
0.000789314
0.000804517
0.000805656
0.000790299
0.000753433
0.000697758
0.000704249
0.000738231
0.000707509
0.000751288
0.000781979
0.00079029
0.000778344
0.000753116
0.000725938
0.00082612
0.000528269
0.000570189
0.000835325
0.00118163
0.0013715
0.00155755
0.00169369
0.00172639
0.00154486
0.00122628
0.00118555
0.00121042
0.00122202
0.00150597
0.00169066
0.00167421
0.00154806
0.00136224
0.00116939
0.000838375
0.000577322
0.000624133
0.000693051
0.000751581
0.000808982
0.000868722
0.000927202
0.000982949
0.00103474
0.00108643
0.00114246
0.00114279
0.00108642
0.00103425
0.000982925
0.000928686
0.000872105
0.000814104
0.000758035
0.0007005
0.000631947
0.000130751
0.000166271
0.000181862
0.000186829
0.000191265
0.000194367
0.000196099
0.000197261
0.000200382
0.000209013
0.000206524
0.000192248
0.000186351
0.000185305
0.000185168
0.000184086
0.000181291
0.000175928
0.000162012
0.00012767
0.000161876
0.000355962
0.000427935
0.000468046
0.000496738
0.000519884
0.000540742
0.000569799
0.000621947
0.00068294
0.000701954
0.000637231
0.000563579
0.000525374
0.000502946
0.000479956
0.000450133
0.000407952
0.000338741
0.000157069
0.000250368
0.000401414
0.000493101
0.000546823
0.00057325
0.000581687
0.000587091
0.000602435
0.00064085
0.000662637
0.000679326
0.000662358
0.000600787
0.000573369
0.000566112
0.0005589
0.000532403
0.000478797
0.000388975
0.000241117
0.000269174
0.000393799
0.000482289
0.00054025
0.000576934
0.000597656
0.000606175
0.00061381
0.000637968
0.000626785
0.000635551
0.000653847
0.000612266
0.000599286
0.000589343
0.00056635
0.000527572
0.000467899
0.000380073
0.000263915
0.000345561
0.000411196
0.000479693
0.00053767
0.000573725
0.000593294
0.000604746
0.000618291
0.00064425
0.000613515
0.000617693
0.000656178
0.000613616
0.00059247
0.000578913
0.000557711
0.000519528
0.000460935
0.000398995
0.000349994
0.000421115
0.000473907
0.000503257
0.00055477
0.00058967
0.000604094
0.000607627
0.000614472
0.000637951
0.000607642
0.000608327
0.000638957
0.00060338
0.00059005
0.000582799
0.00056447
0.000525829
0.000476087
0.000461263
0.000426963
0.00047785
0.000633971
0.000602234
0.000634829
0.000663798
0.000669929
0.000661585
0.000656228
0.000675436
0.00068336
0.000684213
0.000672474
0.000642563
0.000640739
0.000642397
0.000628088
0.00059225
0.00056373
0.000619689
0.000484008
0.000524678
0.00086372
0.000819249
0.000841691
0.000844331
0.000831177
0.000811798
0.000779531
0.000731793
0.000703014
0.000719118
0.000743054
0.000781979
0.000807644
0.000817463
0.000815377
0.000799692
0.000777874
0.000852615
0.000531243
0.000570271
0.000850489
0.00121544
0.00137941
0.00154694
0.00168968
0.00177414
0.00171742
0.0014357
0.00107747
0.0010818
0.00140529
0.00169066
0.00176113
0.00168571
0.00154261
0.00136685
0.00119848
0.000852252
0.00057734
0.000619093
0.000683729
0.00073803
0.000790001
0.000844055
0.000896137
0.00094369
0.000983351
0.00101257
0.00103194
0.00103253
0.00101202
0.000982925
0.000944411
0.000898472
0.000848198
0.000795606
0.00074476
0.000691329
0.000626946
0.000142043
0.000179668
0.000199294
0.000207247
0.000204985
0.000201132
0.000196985
0.000192967
0.000191295
0.000194787
0.000192397
0.000183469
0.000181667
0.000185168
0.000191058
0.000196773
0.000198517
0.000190723
0.000172651
0.000139817
0.000233878
0.000414522
0.000491599
0.000511162
0.000508302
0.000514694
0.000523536
0.000541096
0.000590507
0.000675983
0.000694866
0.000605853
0.000533245
0.000502946
0.000489355
0.000480892
0.000483768
0.000471008
0.000404032
0.000228463
0.000289743
0.000435187
0.000516012
0.000561641
0.000585935
0.000590099
0.000582599
0.000583099
0.000622716
0.000717769
0.000744218
0.000645657
0.000577296
0.000566112
0.000574578
0.000568738
0.000542191
0.000499705
0.000422716
0.000280231
0.00030387
0.000437632
0.000519108
0.000562142
0.000583186
0.000593733
0.000597628
0.000599574
0.000627417
0.000712329
0.000736913
0.000646298
0.000599259
0.000589343
0.000581744
0.000569892
0.000547669
0.000504065
0.000423647
0.000297895
0.000363493
0.000464405
0.000534851
0.000577379
0.000593065
0.000595272
0.000593387
0.000596657
0.000628459
0.000712977
0.000729266
0.000639184
0.000588949
0.000578913
0.000579404
0.000575963
0.000557581
0.000513015
0.000449141
0.000367009
0.000429727
0.00053612
0.000578227
0.000615907
0.000625291
0.000615505
0.000599479
0.000588546
0.000608159
0.00069124
0.000693926
0.000607956
0.000577353
0.000582799
0.000595978
0.000601356
0.000585313
0.000546316
0.000518703
0.000435286
0.000481026
0.000710397
0.000684791
0.000702238
0.00070422
0.00068463
0.000656785
0.000633936
0.000640013
0.000712611
0.000711567
0.00063853
0.000625192
0.000642397
0.000663975
0.000673393
0.000659804
0.000643096
0.000694131
0.000487108
0.000523339
0.000872094
0.000871435
0.000891525
0.000878109
0.000845732
0.000813854
0.000779964
0.000735707
0.000712068
0.00072762
0.000752461
0.00079029
0.000817463
0.0008386
0.000854081
0.000849742
0.000828145
0.000861212
0.00052989
0.000565021
0.000846316
0.00120838
0.00136065
0.00148939
0.00160114
0.00168433
0.00168327
0.00151828
0.00121436
0.0012081
0.0015018
0.00167421
0.00168571
0.00160624
0.0014851
0.00134228
0.00119183
0.000845493
0.000571975
0.000608673
0.000667863
0.000717197
0.000763233
0.000810999
0.000856396
0.000896773
0.000928357
0.000946447
0.000948256
0.000948706
0.000946175
0.000928686
0.000898472
0.000859747
0.000815846
0.000769204
0.000724225
0.000675665
0.000616619
0.000153598
0.000183875
0.000201911
0.000216352
0.000219301
0.000208795
0.000196607
0.000187997
0.000182852
0.000183259
0.000180919
0.000175378
0.000176385
0.000184086
0.000196773
0.00020581
0.000202189
0.000195523
0.000180656
0.000150257
0.000279765
0.000436655
0.000524711
0.000566579
0.000548936
0.000513381
0.000505478
0.000513633
0.000555866
0.000639492
0.000656239
0.000569497
0.000503912
0.000479956
0.000480892
0.000519173
0.000551031
0.000528978
0.000453931
0.000292114
0.000328522
0.000473276
0.000544287
0.000577339
0.000587883
0.000587476
0.000573443
0.000560878
0.000589758
0.00068879
0.000712818
0.000608102
0.000553725
0.0005589
0.000568738
0.000565889
0.000561973
0.000536545
0.000467432
0.000322423
0.000340276
0.000489517
0.000563514
0.000586949
0.000587655
0.000582154
0.000576981
0.000574186
0.000594876
0.00068468
0.000706319
0.000611532
0.000572766
0.00056635
0.000569892
0.000576634
0.000579296
0.000556415
0.000480547
0.000335633
0.000384378
0.000533984
0.000603626
0.000621274
0.000607662
0.000588095
0.000571328
0.00056138
0.000580834
0.00066921
0.000679911
0.000583936
0.000551884
0.000557711
0.000575963
0.000597257
0.000609025
0.000586213
0.000518472
0.000387993
0.000438006
0.000626622
0.00067122
0.000679343
0.000650327
0.000610708
0.000574625
0.000544976
0.000538976
0.000605213
0.00060306
0.000538761
0.000537733
0.00056447
0.000601356
0.000639184
0.000659627
0.000645534
0.000612947
0.00044366
0.000481424
0.00074807
0.000762968
0.00076228
0.000727083
0.000676516
0.000629013
0.00058958
0.000570749
0.000608471
0.000609769
0.000575833
0.000591161
0.000628088
0.000673393
0.00071579
0.00073602
0.000731785
0.000737804
0.000487646
0.000518116
0.000850397
0.000907109
0.000926201
0.000895758
0.000844938
0.000800033
0.000758223
0.000711576
0.00068131
0.000698501
0.000735917
0.000778344
0.000815377
0.000854081
0.00089091
0.000901278
0.000875186
0.000843034
0.000524744
0.000555224
0.000824247
0.00115432
0.00132536
0.00140651
0.00147253
0.00153035
0.00154143
0.00144564
0.00125288
0.00125359
0.00144758
0.00154806
0.00154261
0.0014851
0.00141027
0.00131392
0.0011445
0.000823091
0.000562214
0.000593793
0.000647302
0.000691912
0.000731911
0.000772744
0.000811503
0.000845356
0.000870633
0.000882277
0.000876785
0.000877596
0.00088297
0.000872105
0.000848198
0.000815846
0.000778471
0.000738522
0.000699384
0.000655386
0.000601852
0.000172594
0.000192477
0.000201867
0.00021288
0.00022148
0.000214612
0.000194693
0.00018125
0.000173673
0.000171666
0.000169403
0.000166825
0.000169783
0.000181291
0.000198517
0.000202189
0.000201498
0.000195914
0.000187617
0.000166901
0.000303778
0.000428628
0.00050383
0.000561645
0.000571098
0.000513814
0.000479298
0.000479271
0.000515521
0.000584448
0.000595654
0.000524467
0.000468231
0.000450133
0.000483768
0.000551031
0.000561389
0.000527259
0.00046592
0.000326054
0.000362267
0.000516764
0.000567238
0.000579873
0.000577729
0.000565488
0.000546879
0.000526182
0.000545121
0.000624777
0.000640308
0.000556525
0.000520283
0.000532403
0.000542191
0.000561973
0.000574465
0.000567634
0.000514585
0.00036043
0.000375959
0.000553101
0.000611841
0.000605513
0.000581194
0.00055752
0.000539191
0.000529227
0.000545494
0.000616589
0.000626663
0.000557724
0.000524212
0.000527572
0.000547669
0.000579296
0.000612253
0.000618652
0.000555006
0.000375959
0.000407007
0.000608349
0.000674626
0.000656937
0.000605827
0.000561892
0.000529844
0.000505732
0.000506916
0.000579245
0.000576971
0.00050404
0.000496398
0.000519528
0.000557581
0.000609025
0.000661661
0.00067299
0.000605934
0.000411569
0.000445313
0.000678065
0.000741039
0.000720604
0.000649448
0.000579493
0.00052597
0.000480097
0.000448039
0.000462729
0.00046345
0.000453349
0.000480357
0.000525829
0.000585313
0.000659627
0.000723399
0.00073497
0.000675284
0.000451372
0.000479147
0.000744633
0.000805696
0.000789945
0.000719553
0.000640627
0.000576589
0.000523603
0.00048454
0.000482168
0.000489583
0.000498973
0.000538091
0.00059225
0.000659804
0.00073602
0.00079172
0.000796452
0.000740692
0.000485641
0.000509311
0.000788885
0.000890485
0.000917389
0.000877541
0.000819886
0.00076974
0.000722497
0.0006713
0.000633504
0.000651599
0.000701856
0.000753116
0.000799692
0.000849742
0.000901278
0.000923066
0.000883823
0.000786714
0.000516155
0.000540834
0.000777033
0.00104031
0.00125955
0.00128997
0.00131458
0.00134063
0.00133924
0.00127046
0.00114165
0.00115249
0.00129002
0.00136224
0.00136685
0.00134228
0.00131392
0.00127112
0.00104511
0.0007805
0.000548165
0.00057466
0.000622869
0.000663346
0.000698112
0.000731608
0.000763706
0.000791614
0.000811367
0.000818338
0.000809022
0.000810594
0.000820284
0.000814104
0.000795606
0.000769204
0.000738522
0.00070584
0.00067165
0.000631442
0.000582882
0.000214002
0.000210119
0.000204014
0.000204396
0.000212526
0.000211039
0.000189254
0.000171627
0.000162237
0.000159217
0.000157565
0.000156644
0.000160909
0.000175928
0.000190723
0.000195523
0.000195914
0.000201445
0.000218791
0.000225115
0.000327691
0.00043422
0.000474698
0.000515572
0.00053832
0.000491193
0.000438185
0.000430002
0.000458268
0.000521062
0.000527321
0.000466068
0.000418351
0.000407952
0.000471008
0.000528978
0.000527259
0.000512798
0.000485751
0.000353302
0.000389251
0.000560619
0.000587906
0.000564834
0.000543432
0.000517905
0.000493086
0.000468932
0.000480429
0.000554137
0.000560896
0.000484735
0.000464191
0.000478797
0.000499705
0.000536545
0.000567634
0.000595416
0.000563106
0.000392146
0.000406003
0.000589662
0.000633757
0.000597695
0.000547986
0.000508648
0.000477986
0.000457974
0.000473119
0.00053916
0.000542791
0.000476911
0.000449924
0.000467899
0.000504065
0.000556415
0.000618652
0.000653154
0.000601623
0.000410428
0.000427238
0.000637484
0.000691319
0.000651443
0.000569398
0.000508394
0.000464762
0.000427559
0.0004065
0.00044222
0.000437623
0.000408485
0.000422995
0.000460935
0.000513015
0.000586213
0.00067299
0.000705584
0.000646217
0.000432976
0.000451288
0.000681666
0.000746026
0.000713115
0.000616903
0.000527139
0.000464941
0.000412207
0.000373741
0.000373737
0.000379853
0.000386415
0.000422365
0.000476087
0.000546316
0.000645534
0.00073497
0.000756906
0.000687594
0.000457863
0.00047464
0.000711681
0.000786627
0.000772479
0.000695616
0.000605709
0.000531618
0.000472498
0.000432755
0.000424632
0.000433627
0.000453094
0.000499942
0.00056373
0.000643096
0.000731785
0.000796452
0.000797139
0.000716
0.000481513
0.000497131
0.000724815
0.000819593
0.000854361
0.000830446
0.000783268
0.000735337
0.000686904
0.000638686
0.000605926
0.000620467
0.000670248
0.000725938
0.000777874
0.000828145
0.000875186
0.000883823
0.000833569
0.000730238
0.000504347
0.000522098
0.000715638
0.000872406
0.00101099
0.00109877
0.0011429
0.00115328
0.00113106
0.00105819
0.000952124
0.000970776
0.00109311
0.00116939
0.00119848
0.00119183
0.0011445
0.00104511
0.000891573
0.000725405
0.000529877
0.000550643
0.000594367
0.000631636
0.000662936
0.000691532
0.000717781
0.000739855
0.000754345
0.000757254
0.000745313
0.00074776
0.000760357
0.000758035
0.00074476
0.000724225
0.000699384
0.00067165
0.000640795
0.000603496
0.00055902
0.000281833
0.000238778
0.000206655
0.000193444
0.00019354
0.00019343
0.000172083
0.000155665
0.000148098
0.000145799
0.000144673
0.000143915
0.000147009
0.000162012
0.000172651
0.000180656
0.000187617
0.000218791
0.000270281
0.000301512
0.00035514
0.000443251
0.00044338
0.000446299
0.00045528
0.000411009
0.000364939
0.000349405
0.000382594
0.000434556
0.000438202
0.000388539
0.000342818
0.000338741
0.000404032
0.000453931
0.00046592
0.000485751
0.00049982
0.0003824
0.000409489
0.000554819
0.000555593
0.000508535
0.000468619
0.000433941
0.000400722
0.000372914
0.000387929
0.000463619
0.000466019
0.000392293
0.000368419
0.000388975
0.000422716
0.000467432
0.000514585
0.000563106
0.000560456
0.00041679
0.000427189
0.000569559
0.000581508
0.000531845
0.000468596
0.000423083
0.000384968
0.000353845
0.000355577
0.000456732
0.000445533
0.000353894
0.000348452
0.000380073
0.000423647
0.000480547
0.000555006
0.000601623
0.000583048
0.000433857
0.000441081
0.000601228
0.000627051
0.000579793
0.000495226
0.00043629
0.000391074
0.000349456
0.000321771
0.000333098
0.000338698
0.000333731
0.000357719
0.000398995
0.000449141
0.000518472
0.000605934
0.000646217
0.000613596
0.000447715
0.000453627
0.000628787
0.000669212
0.000648303
0.000577392
0.000491364
0.00043862
0.000397316
0.000373921
0.000371857
0.000380333
0.000389596
0.000417078
0.000461263
0.000518703
0.000612947
0.000675284
0.000687594
0.000640369
0.000460575
0.000466689
0.000647532
0.000695817
0.000711563
0.000699084
0.000642867
0.000569215
0.000508475
0.000474512
0.000462213
0.000473166
0.000499743
0.000551364
0.000619689
0.000694131
0.000737804
0.000740692
0.000716
0.00065939
0.00047389
0.000480509
0.000657693
0.000707032
0.000753893
0.000804981
0.000825482
0.000814101
0.000787601
0.000750258
0.000722731
0.000739286
0.000784907
0.00082612
0.000852615
0.000861212
0.000843034
0.000786714
0.000730238
0.000670809
0.000488048
0.000497698
0.000642652
0.000703458
0.000749225
0.000784892
0.000806083
0.000813263
0.000801358
0.000764706
0.000712938
0.000730547
0.000796643
0.000838375
0.000852252
0.000845493
0.000823091
0.0007805
0.000725405
0.000656051
0.00050578
0.000518955
0.000559045
0.000593763
0.000622147
0.000646975
0.000668506
0.000685473
0.000695677
0.000696375
0.000685457
0.000688742
0.00070058
0.0007005
0.000691329
0.000675665
0.000655386
0.000631442
0.000603496
0.000568588
0.000527364
0.000323932
0.000254474
0.000193178
0.000164727
0.000153759
0.000147636
0.000133233
0.000126939
0.000123989
0.000123082
0.000122331
0.000121942
0.000122515
0.00012767
0.000139817
0.000150257
0.000166901
0.000225115
0.000301512
0.000349151
0.00039426
0.000359544
0.000335544
0.000308051
0.000278205
0.000205692
0.000165924
0.000157784
0.000154426
0.000156006
0.000156202
0.000153962
0.000154003
0.000157069
0.000228463
0.000292114
0.000326054
0.000353302
0.0003824
0.000407819
0.000422731
0.000408358
0.000385437
0.000355183
0.000319512
0.000280791
0.000239642
0.000179992
0.00016753
0.000172721
0.000174589
0.000170081
0.000183186
0.000241117
0.000280231
0.000322423
0.00036043
0.000392146
0.00041679
0.000430868
0.000435351
0.000425321
0.000401304
0.000366733
0.000328144
0.00029174
0.000257795
0.00022269
0.000187596
0.000187009
0.00019384
0.000201478
0.000230325
0.000263915
0.000297895
0.000335633
0.000375959
0.000410428
0.000433857
0.000442266
0.000442637
0.000439003
0.000422616
0.000398635
0.000373177
0.000351498
0.000333834
0.000319614
0.000310099
0.000306236
0.000314732
0.000324383
0.000335717
0.000349994
0.000367009
0.000387993
0.000411569
0.000432976
0.000447715
0.000449385
0.000447964
0.000451381
0.000446888
0.000439152
0.000430778
0.000422463
0.00041445
0.000406524
0.000399026
0.000393031
0.000399084
0.000408805
0.000418136
0.000426963
0.000435286
0.00044366
0.000451372
0.000457863
0.000460575
0.000454951
0.000453195
0.000464341
0.000470589
0.00047411
0.000476038
0.000475812
0.000473275
0.000468595
0.000461772
0.000453739
0.000458708
0.000469787
0.000478319
0.000484008
0.000487108
0.000487646
0.000485641
0.000481513
0.00047389
0.00046054
0.000459333
0.000478245
0.000493462
0.000504958
0.000513697
0.000519368
0.000521404
0.000519383
0.000512838
0.000502555
0.00050724
0.000520257
0.000528269
0.000531243
0.00052989
0.000524744
0.000516155
0.000504347
0.000488048
0.000467039
0.000467774
0.000495874
0.000519086
0.000537166
0.000551502
0.000562044
0.000568286
0.000569179
0.000563354
0.00055065
0.000555397
0.000570358
0.000577322
0.00057734
0.000571975
0.000562214
0.000548165
0.000529877
0.00050578
0.000475827
0.000480389
0.000517662
0.000549102
0.00057337
0.000593116
0.000608883
0.000620229
0.000626075
0.000624728
0.000614315
0.000618481
0.000630007
0.000631947
0.000626946
0.000616619
0.000601852
0.000582882
0.00055902
0.000527364
0.000488724
)
;

boundaryField
{
    floor
    {
        type            compressible::alphatWallFunction;
        Prt             0.85;
        value           nonuniform List<scalar> 
400
(
4.8265e-05
4.17098e-05
2.82221e-05
1.88195e-05
1.49917e-05
1.3236e-05
1.09929e-05
9.26788e-06
8.30231e-06
7.8871e-06
7.54902e-06
7.27276e-06
7.59247e-06
8.73134e-06
1.07141e-05
1.28947e-05
1.64387e-05
2.412e-05
3.58427e-05
4.26547e-05
4.17098e-05
3.61153e-05
2.65696e-05
2.18156e-05
2.04631e-05
2.0477e-05
1.79568e-05
1.41606e-05
1.24232e-05
1.15855e-05
1.11825e-05
1.09305e-05
1.18592e-05
1.50923e-05
1.73312e-05
1.8235e-05
1.98237e-05
2.31114e-05
2.83673e-05
3.12756e-05
2.82221e-05
2.65696e-05
2.37008e-05
2.27166e-05
2.35296e-05
2.33779e-05
2.08066e-05
1.68282e-05
1.47295e-05
1.37429e-05
1.33944e-05
1.32772e-05
1.43508e-05
1.78275e-05
2.07352e-05
2.12102e-05
2.13625e-05
2.18217e-05
2.24456e-05
2.02836e-05
1.88195e-05
2.18156e-05
2.27166e-05
2.40808e-05
2.50599e-05
2.42282e-05
2.16069e-05
1.83459e-05
1.64363e-05
1.57045e-05
1.55135e-05
1.53231e-05
1.62621e-05
1.86797e-05
2.21521e-05
2.36301e-05
2.30595e-05
2.17404e-05
1.99002e-05
1.49234e-05
1.49917e-05
2.04631e-05
2.35296e-05
2.50599e-05
2.51062e-05
2.37265e-05
2.14288e-05
1.92861e-05
1.79596e-05
1.76748e-05
1.76234e-05
1.71723e-05
1.77715e-05
1.94262e-05
2.18087e-05
2.41795e-05
2.45079e-05
2.29994e-05
1.97927e-05
1.28766e-05
1.3236e-05
2.0477e-05
2.33779e-05
2.42282e-05
2.37265e-05
2.24621e-05
2.1171e-05
2.01144e-05
1.94498e-05
1.96823e-05
1.97926e-05
1.89533e-05
1.90558e-05
1.99756e-05
2.11442e-05
2.24718e-05
2.34108e-05
2.27974e-05
1.98199e-05
1.17944e-05
1.09929e-05
1.79568e-05
2.08066e-05
2.16069e-05
2.14288e-05
2.1171e-05
2.10302e-05
2.08917e-05
2.10437e-05
2.21628e-05
2.25043e-05
2.09058e-05
2.02352e-05
2.03044e-05
2.04526e-05
2.03986e-05
2.01051e-05
1.91836e-05
1.62066e-05
9.17531e-06
9.26788e-06
1.41606e-05
1.68282e-05
1.83459e-05
1.92861e-05
2.01144e-05
2.08917e-05
2.17769e-05
2.29466e-05
2.49564e-05
2.55514e-05
2.32057e-05
2.1523e-05
2.05466e-05
1.98035e-05
1.89461e-05
1.77858e-05
1.61078e-05
1.3267e-05
8.03365e-06
8.30231e-06
1.24232e-05
1.47295e-05
1.64363e-05
1.79596e-05
1.94498e-05
2.10437e-05
2.29466e-05
2.49115e-05
2.71403e-05
2.75575e-05
2.54403e-05
2.31434e-05
2.1141e-05
1.95674e-05
1.80972e-05
1.64873e-05
1.4467e-05
1.19136e-05
7.49059e-06
7.8871e-06
1.15855e-05
1.37429e-05
1.57045e-05
1.76748e-05
1.96823e-05
2.21628e-05
2.49564e-05
2.71403e-05
7.22987e-06
7.38571e-06
2.75417e-05
2.55324e-05
2.26857e-05
2.02175e-05
1.8199e-05
1.61493e-05
1.39181e-05
1.14836e-05
7.31782e-06
7.54902e-06
1.11825e-05
1.33944e-05
1.55135e-05
1.76234e-05
1.97926e-05
2.25043e-05
2.55514e-05
2.75575e-05
7.38571e-06
6.78071e-06
2.64711e-05
2.48647e-05
2.22112e-05
1.97654e-05
1.77568e-05
1.57208e-05
1.3599e-05
1.12605e-05
7.16549e-06
7.27276e-06
1.09305e-05
1.32772e-05
1.53231e-05
1.71723e-05
1.89533e-05
2.09058e-05
2.32058e-05
2.54403e-05
2.75417e-05
2.64711e-05
2.37135e-05
2.15912e-05
1.97116e-05
1.81934e-05
1.67755e-05
1.52585e-05
1.34298e-05
1.11172e-05
7.08853e-06
7.59247e-06
1.18592e-05
1.43508e-05
1.62621e-05
1.77715e-05
1.90558e-05
2.02352e-05
2.1523e-05
2.31434e-05
2.55324e-05
2.48647e-05
2.15912e-05
1.97475e-05
1.8713e-05
1.79093e-05
1.69914e-05
1.58224e-05
1.42246e-05
1.16949e-05
7.20343e-06
8.73134e-06
1.50923e-05
1.78275e-05
1.86797e-05
1.94262e-05
1.99756e-05
2.03044e-05
2.05466e-05
2.1141e-05
2.26857e-05
2.22112e-05
1.97116e-05
1.8713e-05
1.85597e-05
1.85617e-05
1.83857e-05
1.78809e-05
1.68993e-05
1.44149e-05
8.18258e-06
1.07141e-05
1.73312e-05
2.07352e-05
2.21521e-05
2.18087e-05
2.11442e-05
2.04526e-05
1.98035e-05
1.95674e-05
2.02175e-05
1.97654e-05
1.81934e-05
1.79093e-05
1.85617e-05
1.96072e-05
2.06036e-05
2.09251e-05
1.95791e-05
1.63813e-05
1.04872e-05
1.28947e-05
1.8235e-05
2.12102e-05
2.36301e-05
2.41795e-05
2.24718e-05
2.03986e-05
1.89461e-05
1.80972e-05
1.8199e-05
1.77568e-05
1.67755e-05
1.69914e-05
1.83857e-05
2.06036e-05
2.22025e-05
2.15502e-05
2.03151e-05
1.77083e-05
1.23213e-05
1.64387e-05
1.98237e-05
2.13625e-05
2.30595e-05
2.45079e-05
2.34108e-05
2.01051e-05
1.77858e-05
1.64873e-05
1.61493e-05
1.57208e-05
1.52585e-05
1.58224e-05
1.78809e-05
2.09251e-05
2.15502e-05
2.13222e-05
2.03236e-05
1.891e-05
1.53565e-05
2.412e-05
2.31114e-05
2.18217e-05
2.17404e-05
2.29994e-05
2.27974e-05
1.91835e-05
1.61078e-05
1.4467e-05
1.39181e-05
1.3599e-05
1.34298e-05
1.42246e-05
1.68993e-05
1.95791e-05
2.03151e-05
2.03236e-05
2.13498e-05
2.45379e-05
2.59027e-05
3.58427e-05
2.83673e-05
2.24456e-05
1.99002e-05
1.97927e-05
1.98199e-05
1.62066e-05
1.3267e-05
1.19136e-05
1.14836e-05
1.12605e-05
1.11172e-05
1.16949e-05
1.44149e-05
1.63813e-05
1.77083e-05
1.891e-05
2.45379e-05
3.33282e-05
3.83393e-05
4.26547e-05
3.12756e-05
2.02836e-05
1.49234e-05
1.28766e-05
1.17944e-05
9.17531e-06
8.03365e-06
7.49059e-06
7.31782e-06
7.16549e-06
7.08853e-06
7.20343e-06
8.18258e-06
1.04872e-05
1.23213e-05
1.53565e-05
2.59027e-05
3.83393e-05
4.6109e-05
)
;
    }
    ceiling
    {
        type            compressible::alphatWallFunction;
        Prt             0.85;
        value           nonuniform List<scalar> 
400
(
6.64337e-05
7.20423e-05
7.66731e-05
8.01808e-05
8.29843e-05
8.5192e-05
8.67723e-05
8.75819e-05
8.73746e-05
8.57946e-05
8.62479e-05
8.79123e-05
8.82029e-05
8.74558e-05
8.5906e-05
8.36872e-05
8.08243e-05
7.72139e-05
7.24197e-05
6.65382e-05
7.20423e-05
7.81259e-05
8.32992e-05
8.74442e-05
9.09788e-05
9.39734e-05
9.63159e-05
9.77229e-05
9.78103e-05
9.62176e-05
9.66893e-05
9.8393e-05
9.83629e-05
9.69931e-05
9.46573e-05
9.16221e-05
8.79997e-05
8.37525e-05
7.84542e-05
7.21987e-05
7.66731e-05
8.32992e-05
8.88907e-05
9.35121e-05
9.76068e-05
0.000101232
0.000104246
0.000106227
0.000106635
0.000104956
0.000105488
0.000107282
0.000106903
0.000104926
0.000101884
9.81802e-05
9.39746e-05
8.92804e-05
8.3638e-05
7.69351e-05
8.01808e-05
8.74442e-05
9.35121e-05
9.86685e-05
0.000103487
0.000107922
0.00011173
0.000114443
0.000115423
0.000114175
0.000114812
0.000116169
0.000115199
0.000112452
0.000108571
0.000104014
9.90667e-05
9.38882e-05
8.78454e-05
8.05648e-05
8.29843e-05
9.09788e-05
9.76068e-05
0.000103487
0.000109317
0.000114708
0.000119373
0.000122864
0.00012451
0.000123834
0.000124657
0.000125423
0.000123772
0.000120224
0.000115461
0.000109928
0.000103942
9.80736e-05
9.15064e-05
8.35038e-05
8.5192e-05
9.39734e-05
0.000101232
0.000107922
0.000114708
0.000121042
0.000126637
0.000131022
0.000133563
0.000133865
0.000134944
0.000134674
0.000132117
0.000127674
0.000121978
0.000115516
0.000108595
0.000101901
9.46698e-05
8.58426e-05
8.67723e-05
9.63159e-05
0.000104246
0.00011173
0.000119373
0.000126637
0.000133241
0.000138767
0.000142788
0.000145386
0.000146846
0.000144137
0.000140041
0.000134453
0.000127756
0.000120381
0.00011263
0.000105113
9.7157e-05
8.75216e-05
8.75819e-05
9.77229e-05
0.000106227
0.000114443
0.000122864
0.000131022
0.000138767
0.000145922
0.000152882
0.000160487
0.000162457
0.000154611
0.00014738
0.000140103
0.000132274
0.000124015
0.000115486
0.000107222
9.86529e-05
8.83858e-05
8.73746e-05
9.78103e-05
0.000106635
0.000115423
0.00012451
0.000133563
0.000142788
0.000152882
0.000165161
0.000179128
0.000181473
0.000167338
0.000154669
0.000144271
0.000134881
0.000125707
0.000116509
0.000107657
9.87623e-05
8.81883e-05
8.57946e-05
9.62176e-05
0.000104956
0.000114175
0.000123834
0.000133865
0.000145386
0.000160487
0.000179128
0.000187529
0.000189991
0.000181379
0.000162526
0.000147039
0.000135181
0.00012496
0.000115196
0.000105943
9.7171e-05
8.66446e-05
8.62479e-05
9.66893e-05
0.000105488
0.000114812
0.000124657
0.000134944
0.000146846
0.000162457
0.000181473
0.000189991
0.000188711
0.000181261
0.000162724
0.000147253
0.000135358
0.000125183
0.00011553
0.000106408
9.77528e-05
8.7347e-05
8.79123e-05
9.8393e-05
0.000107282
0.000116169
0.000125423
0.000134674
0.000144137
0.000154611
0.000167338
0.000181379
0.000181261
0.000167484
0.000154825
0.000144325
0.000134973
0.000125945
0.000116932
0.000108248
9.95018e-05
8.90706e-05
8.82029e-05
9.83629e-05
0.000106903
0.000115199
0.000123772
0.000132117
0.000140041
0.00014738
0.000154669
0.000162526
0.000162724
0.000154825
0.000147461
0.000140185
0.000132471
0.000124386
0.000116044
0.000107916
9.94983e-05
8.93676e-05
8.74558e-05
9.69931e-05
0.000104926
0.000112452
0.000120224
0.000127674
0.000134453
0.000140103
0.000144271
0.000147039
0.000147253
0.000144325
0.000140185
0.000134708
0.000128159
0.000120959
0.000113378
0.00010599
9.81597e-05
8.86329e-05
8.5906e-05
9.46573e-05
0.000101884
0.000108571
0.000115461
0.000121978
0.000127756
0.000132274
0.000134881
0.000135181
0.000135358
0.000134973
0.000132471
0.000128159
0.000122618
0.000116307
0.00010956
0.000103
9.58606e-05
8.71027e-05
8.36872e-05
9.16221e-05
9.81802e-05
0.000104014
0.000109928
0.000115516
0.000120381
0.000124015
0.000125707
0.00012496
0.000125183
0.000125945
0.000124386
0.000120959
0.000116307
0.000110908
0.000105102
9.93675e-05
9.28728e-05
8.49059e-05
8.08243e-05
8.79997e-05
9.39746e-05
9.90667e-05
0.000103942
0.000108595
0.00011263
0.000115486
0.000116509
0.000115196
0.00011553
0.000116932
0.000116044
0.000113378
0.00010956
0.000105102
0.000100325
9.5291e-05
8.93287e-05
8.20719e-05
7.72139e-05
8.37525e-05
8.92804e-05
9.38882e-05
9.80736e-05
0.000101901
0.000105113
0.000107222
0.000107657
0.000105943
0.000106408
0.000108248
0.000107916
0.00010599
0.000103
9.93675e-05
9.5291e-05
9.07256e-05
8.51676e-05
7.84884e-05
7.24197e-05
7.84542e-05
8.3638e-05
8.78454e-05
9.15064e-05
9.46698e-05
9.7157e-05
9.86529e-05
9.87623e-05
9.7171e-05
9.77528e-05
9.95018e-05
9.94983e-05
9.81597e-05
9.58606e-05
9.28728e-05
8.93287e-05
8.51676e-05
7.99331e-05
7.37016e-05
6.65382e-05
7.21987e-05
7.69351e-05
8.05648e-05
8.35038e-05
8.58426e-05
8.75216e-05
8.83858e-05
8.81883e-05
8.66446e-05
8.7347e-05
8.90706e-05
8.93676e-05
8.86329e-05
8.71027e-05
8.49059e-05
8.20719e-05
7.84884e-05
7.37016e-05
6.78109e-05
)
;
    }
    fixedWalls
    {
        type            compressible::alphatWallFunction;
        Prt             0.85;
        value           nonuniform List<scalar> 
800
(
4.81578e-05
5.45315e-05
5.80457e-05
5.98137e-05
6.08727e-05
6.16396e-05
6.23822e-05
6.3257e-05
6.4474e-05
6.63107e-05
4.16159e-05
4.92683e-05
5.55303e-05
5.81884e-05
6.02927e-05
6.2172e-05
6.41163e-05
6.61815e-05
6.87693e-05
7.19105e-05
2.81553e-05
4.17712e-05
5.12248e-05
5.44402e-05
5.77905e-05
6.14279e-05
6.50154e-05
6.84571e-05
7.22639e-05
7.65338e-05
1.87679e-05
3.72519e-05
4.68559e-05
4.98412e-05
5.42582e-05
6.0186e-05
6.54556e-05
7.01171e-05
7.49344e-05
8.00356e-05
1.49452e-05
3.37175e-05
4.23269e-05
4.44965e-05
5.03882e-05
5.87995e-05
6.56196e-05
7.13173e-05
7.69871e-05
8.28342e-05
1.31913e-05
2.68012e-05
3.69572e-05
3.86326e-05
4.6744e-05
5.73134e-05
6.54335e-05
7.20279e-05
7.84164e-05
8.5038e-05
1.09509e-05
1.60098e-05
3.12555e-05
3.26118e-05
4.3245e-05
5.58107e-05
6.48865e-05
7.22251e-05
7.92289e-05
8.66154e-05
9.22839e-06
1.47215e-05
2.34005e-05
2.66267e-05
3.99186e-05
5.4316e-05
6.40248e-05
7.18327e-05
7.9292e-05
8.74234e-05
8.26416e-06
1.38981e-05
1.62821e-05
2.15104e-05
3.76748e-05
5.29418e-05
6.2864e-05
7.0776e-05
7.83837e-05
8.72162e-05
7.84953e-06
1.42055e-05
1.7253e-05
2.08092e-05
3.69322e-05
5.18762e-05
6.15174e-05
6.91069e-05
7.6375e-05
8.56387e-05
7.51196e-06
1.41586e-05
1.72907e-05
2.10529e-05
3.84584e-05
5.28313e-05
6.22085e-05
6.96706e-05
7.68855e-05
8.60914e-05
7.23618e-06
1.33836e-05
1.62828e-05
2.26108e-05
4.00579e-05
5.43005e-05
6.3829e-05
7.15289e-05
7.90048e-05
8.77532e-05
7.55555e-06
1.36112e-05
2.13808e-05
2.71499e-05
4.24698e-05
5.57961e-05
6.51345e-05
7.27239e-05
8.00301e-05
8.80436e-05
8.69285e-06
1.43148e-05
2.95854e-05
3.2765e-05
4.5298e-05
5.72379e-05
6.60269e-05
7.31721e-05
8.00427e-05
8.7298e-05
1.06734e-05
2.69369e-05
3.61379e-05
3.85061e-05
4.81582e-05
5.85814e-05
6.65146e-05
7.29685e-05
7.9255e-05
8.57511e-05
1.28517e-05
3.46513e-05
4.2499e-05
4.44343e-05
5.14803e-05
5.98751e-05
6.65783e-05
7.21789e-05
7.7784e-05
8.35363e-05
1.63915e-05
3.86279e-05
4.79326e-05
5.01596e-05
5.50575e-05
6.10199e-05
6.62354e-05
7.08436e-05
7.56156e-05
8.06783e-05
2.40617e-05
4.25067e-05
5.22715e-05
5.49173e-05
5.82368e-05
6.19608e-05
6.55535e-05
6.89916e-05
7.2781e-05
7.7074e-05
3.57621e-05
4.71843e-05
5.55012e-05
5.82583e-05
6.04068e-05
6.23377e-05
6.43413e-05
6.64536e-05
6.90698e-05
7.22875e-05
4.25587e-05
5.32196e-05
5.7583e-05
5.9529e-05
6.0652e-05
6.14695e-05
6.22686e-05
6.32045e-05
6.44915e-05
6.64152e-05
4.25587e-05
5.32196e-05
5.7583e-05
5.9529e-05
6.0652e-05
6.14695e-05
6.22686e-05
6.32045e-05
6.44915e-05
6.64152e-05
3.12041e-05
4.7494e-05
5.52376e-05
5.79026e-05
6.00379e-05
6.1955e-05
6.3951e-05
6.6079e-05
6.87643e-05
7.20669e-05
2.02308e-05
4.35139e-05
5.1582e-05
5.40716e-05
5.7422e-05
6.12083e-05
6.48708e-05
6.83737e-05
7.2267e-05
7.67956e-05
1.48778e-05
3.91536e-05
4.67399e-05
4.85674e-05
5.36096e-05
5.99627e-05
6.53765e-05
7.00992e-05
7.49794e-05
8.04192e-05
1.2833e-05
3.42926e-05
4.09982e-05
4.23554e-05
4.95425e-05
5.86231e-05
6.5644e-05
7.14055e-05
7.71206e-05
8.3353e-05
1.17515e-05
2.2088e-05
3.46335e-05
3.64004e-05
4.60562e-05
5.73016e-05
6.55876e-05
7.22479e-05
7.86897e-05
8.56876e-05
9.13589e-06
1.5036e-05
2.77725e-05
3.07453e-05
4.31867e-05
5.60312e-05
6.51831e-05
7.25447e-05
7.9614e-05
8.73636e-05
7.99581e-06
1.36157e-05
1.75378e-05
2.47977e-05
4.0861e-05
5.47791e-05
6.44563e-05
7.22317e-05
7.97418e-05
8.82261e-05
7.45346e-06
1.29982e-05
1.53292e-05
1.87021e-05
3.93066e-05
5.36006e-05
6.34075e-05
7.12409e-05
7.88705e-05
8.80286e-05
7.28092e-06
1.32653e-05
1.62342e-05
1.8624e-05
3.8698e-05
5.26755e-05
6.21843e-05
6.96906e-05
7.69705e-05
8.64874e-05
7.12889e-06
1.32984e-05
1.65823e-05
1.99356e-05
4.01589e-05
5.36811e-05
6.30005e-05
7.04575e-05
7.77538e-05
8.71887e-05
7.05211e-06
1.29078e-05
1.58077e-05
2.12645e-05
4.17451e-05
5.5216e-05
6.47156e-05
7.24457e-05
8.00159e-05
8.89097e-05
7.16693e-06
1.29162e-05
1.80398e-05
2.61545e-05
4.35756e-05
5.66822e-05
6.60353e-05
7.36714e-05
8.10734e-05
8.92064e-05
8.14462e-06
1.34622e-05
2.8018e-05
3.18103e-05
4.58745e-05
5.80684e-05
6.69165e-05
7.41309e-05
8.10862e-05
8.84733e-05
1.04464e-05
2.58432e-05
3.45504e-05
3.74529e-05
4.86087e-05
5.93768e-05
6.74006e-05
7.3933e-05
8.02884e-05
8.6946e-05
1.22787e-05
3.65601e-05
4.14562e-05
4.35977e-05
5.19574e-05
6.06923e-05
6.74928e-05
7.31598e-05
7.88279e-05
8.47531e-05
1.53109e-05
4.21207e-05
4.75799e-05
5.00643e-05
5.56913e-05
6.19058e-05
6.71973e-05
7.18636e-05
7.67153e-05
8.19241e-05
2.58417e-05
4.65103e-05
5.26473e-05
5.5533e-05
5.9065e-05
6.29316e-05
6.65782e-05
7.00733e-05
7.39537e-05
7.83467e-05
3.82538e-05
5.12859e-05
5.65696e-05
5.92318e-05
6.13831e-05
6.33716e-05
6.54209e-05
6.75899e-05
7.02943e-05
7.35677e-05
4.60066e-05
5.5217e-05
5.87948e-05
6.05602e-05
6.16598e-05
6.25167e-05
6.33746e-05
6.43701e-05
6.57151e-05
6.76863e-05
4.81578e-05
5.45315e-05
5.80457e-05
5.98137e-05
6.08727e-05
6.16396e-05
6.23822e-05
6.3257e-05
6.4474e-05
6.63107e-05
4.16159e-05
4.92683e-05
5.55303e-05
5.81884e-05
6.02927e-05
6.2172e-05
6.41163e-05
6.61815e-05
6.87693e-05
7.19105e-05
2.81553e-05
4.17712e-05
5.12248e-05
5.44402e-05
5.77905e-05
6.14279e-05
6.50154e-05
6.84571e-05
7.22639e-05
7.65338e-05
1.87679e-05
3.72519e-05
4.68559e-05
4.98412e-05
5.42582e-05
6.0186e-05
6.54556e-05
7.01171e-05
7.49344e-05
8.00356e-05
1.49452e-05
3.37175e-05
4.23269e-05
4.44965e-05
5.03882e-05
5.87995e-05
6.56196e-05
7.13173e-05
7.69871e-05
8.28342e-05
1.31913e-05
2.68012e-05
3.69572e-05
3.86326e-05
4.6744e-05
5.73134e-05
6.54335e-05
7.20279e-05
7.84164e-05
8.5038e-05
1.09509e-05
1.60098e-05
3.12555e-05
3.26118e-05
4.3245e-05
5.58107e-05
6.48865e-05
7.22251e-05
7.92289e-05
8.66154e-05
9.22839e-06
1.47215e-05
2.34005e-05
2.66267e-05
3.99186e-05
5.4316e-05
6.40247e-05
7.18327e-05
7.9292e-05
8.74234e-05
8.26416e-06
1.38981e-05
1.62821e-05
2.15103e-05
3.76748e-05
5.29418e-05
6.2864e-05
7.0776e-05
7.83837e-05
8.72162e-05
7.84953e-06
1.42055e-05
1.7253e-05
2.08092e-05
3.69322e-05
5.18762e-05
6.15174e-05
6.91069e-05
7.6375e-05
8.56387e-05
7.51196e-06
1.41586e-05
1.72907e-05
2.10529e-05
3.84584e-05
5.28313e-05
6.22085e-05
6.96706e-05
7.68855e-05
8.60914e-05
7.23618e-06
1.33836e-05
1.62828e-05
2.26108e-05
4.00579e-05
5.43005e-05
6.3829e-05
7.15289e-05
7.90048e-05
8.77532e-05
7.55555e-06
1.36112e-05
2.13808e-05
2.71499e-05
4.24698e-05
5.57961e-05
6.51345e-05
7.27239e-05
8.00301e-05
8.80436e-05
8.69285e-06
1.43148e-05
2.95854e-05
3.2765e-05
4.5298e-05
5.72379e-05
6.60269e-05
7.31721e-05
8.00427e-05
8.7298e-05
1.06734e-05
2.69369e-05
3.61379e-05
3.85061e-05
4.81582e-05
5.85814e-05
6.65146e-05
7.29685e-05
7.92551e-05
8.57511e-05
1.28517e-05
3.46513e-05
4.2499e-05
4.44343e-05
5.14803e-05
5.98751e-05
6.65783e-05
7.21789e-05
7.7784e-05
8.35363e-05
1.63915e-05
3.86279e-05
4.79326e-05
5.01596e-05
5.50575e-05
6.10199e-05
6.62354e-05
7.08436e-05
7.56156e-05
8.06783e-05
2.40617e-05
4.25067e-05
5.22715e-05
5.49173e-05
5.82368e-05
6.19608e-05
6.55535e-05
6.89916e-05
7.2781e-05
7.7074e-05
3.57621e-05
4.71843e-05
5.55012e-05
5.82583e-05
6.04068e-05
6.23377e-05
6.43413e-05
6.64536e-05
6.90698e-05
7.22875e-05
4.25587e-05
5.32196e-05
5.7583e-05
5.9529e-05
6.0652e-05
6.14695e-05
6.22686e-05
6.32045e-05
6.44915e-05
6.64152e-05
4.25587e-05
5.32196e-05
5.7583e-05
5.9529e-05
6.0652e-05
6.14695e-05
6.22686e-05
6.32045e-05
6.44915e-05
6.64152e-05
3.12041e-05
4.7494e-05
5.52376e-05
5.79026e-05
6.00379e-05
6.1955e-05
6.3951e-05
6.6079e-05
6.87643e-05
7.20669e-05
2.02308e-05
4.35139e-05
5.1582e-05
5.40716e-05
5.7422e-05
6.12083e-05
6.48708e-05
6.83737e-05
7.2267e-05
7.67956e-05
1.48778e-05
3.91536e-05
4.67399e-05
4.85674e-05
5.36096e-05
5.99627e-05
6.53765e-05
7.00992e-05
7.49794e-05
8.04192e-05
1.2833e-05
3.42926e-05
4.09982e-05
4.23554e-05
4.95425e-05
5.86231e-05
6.5644e-05
7.14055e-05
7.71206e-05
8.3353e-05
1.17515e-05
2.2088e-05
3.46335e-05
3.64004e-05
4.60562e-05
5.73016e-05
6.55876e-05
7.22479e-05
7.86897e-05
8.56876e-05
9.13589e-06
1.5036e-05
2.77725e-05
3.07453e-05
4.31867e-05
5.60312e-05
6.51831e-05
7.25447e-05
7.9614e-05
8.73636e-05
7.99581e-06
1.36157e-05
1.75378e-05
2.47977e-05
4.0861e-05
5.47791e-05
6.44563e-05
7.22317e-05
7.97418e-05
8.82261e-05
7.45346e-06
1.29982e-05
1.53292e-05
1.87021e-05
3.93066e-05
5.36006e-05
6.34075e-05
7.12409e-05
7.88705e-05
8.80286e-05
7.28092e-06
1.32653e-05
1.62342e-05
1.8624e-05
3.8698e-05
5.26755e-05
6.21843e-05
6.96906e-05
7.69705e-05
8.64874e-05
7.12889e-06
1.32984e-05
1.65823e-05
1.99356e-05
4.01589e-05
5.36811e-05
6.30005e-05
7.04575e-05
7.77538e-05
8.71887e-05
7.05211e-06
1.29078e-05
1.58077e-05
2.12645e-05
4.17451e-05
5.5216e-05
6.47156e-05
7.24457e-05
8.00159e-05
8.89097e-05
7.16693e-06
1.29162e-05
1.80398e-05
2.61545e-05
4.35756e-05
5.66822e-05
6.60353e-05
7.36714e-05
8.10734e-05
8.92064e-05
8.14462e-06
1.34622e-05
2.8018e-05
3.18103e-05
4.58745e-05
5.80684e-05
6.69165e-05
7.41309e-05
8.10862e-05
8.84733e-05
1.04464e-05
2.58432e-05
3.45504e-05
3.74529e-05
4.86087e-05
5.93768e-05
6.74006e-05
7.3933e-05
8.02884e-05
8.6946e-05
1.22787e-05
3.65601e-05
4.14562e-05
4.35977e-05
5.19574e-05
6.06924e-05
6.74928e-05
7.31598e-05
7.88279e-05
8.47531e-05
1.53109e-05
4.21207e-05
4.75799e-05
5.00643e-05
5.56913e-05
6.19058e-05
6.71973e-05
7.18636e-05
7.67153e-05
8.19241e-05
2.58417e-05
4.65103e-05
5.26473e-05
5.5533e-05
5.9065e-05
6.29316e-05
6.65782e-05
7.00733e-05
7.39537e-05
7.83467e-05
3.82538e-05
5.12859e-05
5.65696e-05
5.92318e-05
6.13831e-05
6.33716e-05
6.54209e-05
6.75899e-05
7.02943e-05
7.35677e-05
4.60066e-05
5.5217e-05
5.87948e-05
6.05602e-05
6.16598e-05
6.25167e-05
6.33746e-05
6.43701e-05
6.57151e-05
6.76863e-05
)
;
    }
}


// ************************************************************************* //
