/*--------------------------------*- C++ -*----------------------------------*\
  =========                 |
  \\      /  F ield         | OpenFOAM: The Open Source CFD Toolbox
   \\    /   O peration     | Website:  https://openfoam.org
    \\  /    A nd           | Version:  9
     \\/     M anipulation  |
\*---------------------------------------------------------------------------*/
FoamFile
{
    format      ascii;
    class       volScalarField;
    location    "1350";
    object      T;
}
// * * * * * * * * * * * * * * * * * * * * * * * * * * * * * * * * * * * * * //

dimensions      [0 0 0 1 0 0 0];

internalField   nonuniform List<scalar> 
4000
(
300.545
300.529
300.483
300.464
300.466
300.472
300.476
300.474
300.474
300.474
300.473
300.472
300.471
300.471
300.466
300.459
300.453
300.462
300.502
300.532
300.554
300.549
300.526
300.516
300.513
300.515
300.517
300.52
300.521
300.52
300.52
300.52
300.519
300.517
300.515
300.514
300.517
300.525
300.539
300.552
300.551
300.553
300.551
300.546
300.54
300.535
300.533
300.532
300.533
300.534
300.534
300.533
300.531
300.532
300.535
300.542
300.551
300.553
300.552
300.55
300.546
300.549
300.552
300.553
300.551
300.546
300.542
300.539
300.538
300.538
300.538
300.538
300.539
300.541
300.545
300.55
300.552
300.551
300.548
300.545
300.541
300.545
300.548
300.55
300.551
300.55
300.549
300.548
300.548
300.547
300.548
300.548
300.549
300.549
300.55
300.55
300.549
300.547
300.544
300.54
300.535
300.539
300.543
300.545
300.547
300.547
300.548
300.548
300.548
300.548
300.548
300.548
300.547
300.547
300.547
300.546
300.544
300.542
300.538
300.534
300.53
300.534
300.537
300.54
300.541
300.542
300.543
300.543
300.544
300.543
300.543
300.543
300.543
300.542
300.542
300.54
300.539
300.536
300.533
300.529
300.524
300.527
300.531
300.533
300.535
300.536
300.537
300.538
300.538
300.538
300.538
300.538
300.538
300.537
300.536
300.534
300.532
300.53
300.526
300.523
300.517
300.52
300.523
300.526
300.528
300.53
300.531
300.532
300.532
300.532
300.532
300.532
300.531
300.531
300.529
300.527
300.525
300.522
300.519
300.516
300.508
300.51
300.513
300.515
300.518
300.52
300.522
300.523
300.524
300.523
300.523
300.523
300.523
300.521
300.52
300.517
300.515
300.512
300.509
300.507
300.529
300.504
300.47
300.462
300.465
300.472
300.476
300.475
300.474
300.473
300.472
300.471
300.471
300.472
300.466
300.459
300.453
300.453
300.468
300.486
300.549
300.535
300.519
300.513
300.513
300.514
300.516
300.52
300.521
300.521
300.521
300.521
300.519
300.516
300.515
300.515
300.518
300.523
300.531
300.539
300.553
300.552
300.549
300.544
300.539
300.534
300.533
300.532
300.533
300.534
300.534
300.533
300.531
300.532
300.534
300.541
300.549
300.553
300.552
300.552
300.549
300.551
300.552
300.552
300.549
300.545
300.541
300.539
300.538
300.538
300.538
300.538
300.538
300.54
300.543
300.549
300.552
300.551
300.55
300.548
300.545
300.546
300.549
300.55
300.55
300.548
300.546
300.544
300.544
300.544
300.544
300.544
300.544
300.545
300.547
300.549
300.549
300.548
300.545
300.543
300.539
300.542
300.545
300.546
300.547
300.547
300.546
300.545
300.545
300.545
300.545
300.545
300.545
300.546
300.546
300.546
300.546
300.543
300.54
300.538
300.534
300.536
300.54
300.542
300.543
300.544
300.544
300.544
300.544
300.543
300.543
300.543
300.543
300.543
300.543
300.542
300.541
300.539
300.535
300.532
300.527
300.531
300.535
300.537
300.539
300.539
300.54
300.54
300.54
300.54
300.54
300.54
300.54
300.54
300.539
300.538
300.536
300.534
300.53
300.526
300.52
300.524
300.528
300.531
300.533
300.535
300.536
300.537
300.538
300.538
300.538
300.538
300.537
300.536
300.534
300.533
300.53
300.527
300.523
300.519
300.51
300.512
300.515
300.519
300.522
300.524
300.527
300.529
300.53
300.529
300.529
300.529
300.528
300.526
300.524
300.521
300.518
300.515
300.512
300.509
300.483
300.47
300.462
300.462
300.466
300.472
300.476
300.475
300.474
300.473
300.472
300.471
300.471
300.473
300.468
300.461
300.455
300.451
300.453
300.457
300.526
300.519
300.513
300.512
300.512
300.513
300.516
300.52
300.522
300.522
300.522
300.521
300.52
300.516
300.514
300.516
300.518
300.521
300.526
300.53
300.551
300.549
300.545
300.541
300.537
300.533
300.532
300.532
300.534
300.535
300.535
300.533
300.531
300.531
300.533
300.538
300.545
300.551
300.552
300.553
300.552
300.552
300.552
300.551
300.548
300.544
300.54
300.539
300.539
300.539
300.539
300.538
300.538
300.539
300.542
300.547
300.551
300.552
300.551
300.551
300.548
300.549
300.55
300.55
300.549
300.547
300.544
300.542
300.541
300.541
300.541
300.541
300.541
300.543
300.546
300.548
300.549
300.549
300.548
300.547
300.543
300.545
300.546
300.547
300.547
300.546
300.544
300.542
300.542
300.541
300.541
300.542
300.542
300.543
300.545
300.546
300.546
300.545
300.543
300.542
300.537
300.54
300.542
300.543
300.543
300.543
300.542
300.541
300.541
300.541
300.541
300.541
300.541
300.542
300.542
300.543
300.542
300.541
300.539
300.536
300.531
300.535
300.537
300.538
300.539
300.539
300.538
300.538
300.537
300.537
300.537
300.537
300.538
300.538
300.538
300.538
300.538
300.536
300.534
300.53
300.523
300.528
300.532
300.534
300.536
300.538
300.538
300.539
300.539
300.539
300.538
300.539
300.539
300.538
300.537
300.536
300.534
300.531
300.527
300.522
300.513
300.515
300.519
300.522
300.526
300.529
300.532
300.534
300.536
300.536
300.536
300.536
300.534
300.532
300.529
300.525
300.522
300.519
300.515
300.512
300.464
300.462
300.462
300.464
300.469
300.473
300.476
300.476
300.475
300.474
300.473
300.472
300.472
300.473
300.471
300.466
300.46
300.456
300.455
300.457
300.516
300.513
300.512
300.512
300.512
300.513
300.517
300.521
300.522
300.522
300.522
300.522
300.52
300.517
300.514
300.515
300.517
300.519
300.521
300.522
300.546
300.544
300.541
300.538
300.535
300.532
300.532
300.532
300.534
300.536
300.536
300.534
300.532
300.53
300.531
300.534
300.539
300.545
300.548
300.55
300.553
300.552
300.551
300.549
300.546
300.542
300.54
300.539
300.539
300.54
300.54
300.538
300.537
300.538
300.54
300.544
300.548
300.55
300.551
300.552
300.55
300.55
300.55
300.55
300.548
300.545
300.543
300.541
300.541
300.541
300.541
300.54
300.54
300.542
300.544
300.547
300.549
300.549
300.549
300.549
300.545
300.546
300.547
300.547
300.546
300.544
300.542
300.541
300.54
300.539
300.539
300.54
300.54
300.542
300.544
300.545
300.546
300.546
300.545
300.544
300.54
300.542
300.543
300.543
300.543
300.542
300.541
300.54
300.539
300.539
300.539
300.539
300.539
300.54
300.541
300.542
300.542
300.542
300.541
300.538
300.533
300.537
300.538
300.539
300.538
300.538
300.537
300.536
300.536
300.535
300.535
300.536
300.536
300.537
300.538
300.538
300.538
300.538
300.536
300.532
300.526
300.531
300.534
300.536
300.537
300.537
300.538
300.539
300.539
300.538
300.538
300.539
300.538
300.538
300.537
300.536
300.536
300.534
300.53
300.525
300.515
300.519
300.522
300.526
300.53
300.534
300.537
300.54
300.543
300.543
300.543
300.542
300.54
300.537
300.534
300.53
300.526
300.522
300.518
300.515
300.466
300.465
300.466
300.469
300.472
300.475
300.477
300.477
300.476
300.475
300.474
300.473
300.473
300.474
300.474
300.471
300.467
300.465
300.464
300.465
300.513
300.513
300.512
300.512
300.513
300.514
300.518
300.521
300.523
300.523
300.523
300.522
300.521
300.519
300.515
300.514
300.515
300.517
300.518
300.518
300.54
300.539
300.537
300.535
300.533
300.532
300.531
300.533
300.535
300.536
300.536
300.535
300.533
300.53
300.53
300.531
300.534
300.537
300.54
300.541
300.551
300.549
300.548
300.546
300.543
300.541
300.539
300.539
300.539
300.54
300.54
300.538
300.537
300.537
300.538
300.54
300.543
300.546
300.547
300.548
300.551
300.55
300.549
300.548
300.546
300.544
300.542
300.541
300.54
300.54
300.54
300.54
300.54
300.54
300.542
300.544
300.546
300.548
300.549
300.549
300.547
300.547
300.547
300.546
300.545
300.543
300.541
300.54
300.539
300.539
300.538
300.538
300.539
300.54
300.542
300.544
300.545
300.546
300.546
300.545
300.541
300.543
300.543
300.543
300.542
300.541
300.54
300.538
300.538
300.537
300.537
300.538
300.538
300.539
300.54
300.541
300.542
300.542
300.542
300.54
300.535
300.539
300.539
300.538
300.538
300.537
300.536
300.536
300.535
300.534
300.534
300.535
300.535
300.536
300.537
300.537
300.538
300.538
300.538
300.534
300.528
300.533
300.536
300.537
300.537
300.538
300.539
300.539
300.54
300.539
300.539
300.54
300.539
300.538
300.537
300.537
300.536
300.536
300.532
300.527
300.518
300.522
300.526
300.53
300.534
300.539
300.543
300.547
300.55
300.551
300.551
300.55
300.547
300.543
300.539
300.534
300.53
300.526
300.521
300.518
300.472
300.472
300.472
300.473
300.475
300.476
300.477
300.477
300.477
300.477
300.476
300.475
300.474
300.475
300.475
300.475
300.474
300.473
300.472
300.474
300.515
300.514
300.513
300.513
300.514
300.517
300.52
300.522
300.523
300.523
300.523
300.522
300.522
300.52
300.518
300.516
300.514
300.515
300.516
300.516
300.535
300.534
300.533
300.532
300.532
300.531
300.532
300.534
300.535
300.536
300.536
300.535
300.533
300.531
300.53
300.53
300.531
300.533
300.534
300.535
300.546
300.545
300.544
300.542
300.541
300.539
300.539
300.538
300.539
300.54
300.54
300.539
300.538
300.537
300.537
300.538
300.54
300.541
300.542
300.543
300.55
300.548
300.547
300.545
300.544
300.542
300.541
300.54
300.54
300.54
300.54
300.539
300.539
300.539
300.54
300.542
300.543
300.545
300.546
300.549
300.547
300.547
300.546
300.544
300.543
300.542
300.54
300.539
300.538
300.538
300.538
300.538
300.538
300.539
300.54
300.542
300.543
300.544
300.546
300.546
300.542
300.544
300.543
300.542
300.541
300.54
300.539
300.538
300.537
300.537
300.536
300.537
300.537
300.538
300.539
300.54
300.541
300.542
300.542
300.541
300.536
300.539
300.539
300.538
300.537
300.537
300.536
300.535
300.534
300.533
300.533
300.534
300.535
300.535
300.536
300.537
300.537
300.538
300.539
300.535
300.53
300.535
300.538
300.537
300.538
300.539
300.54
300.541
300.541
300.54
300.54
300.541
300.541
300.54
300.538
300.537
300.537
300.537
300.534
300.529
300.52
300.524
300.529
300.534
300.539
300.544
300.55
300.555
300.559
300.561
300.561
300.559
300.555
300.55
300.544
300.539
300.534
300.529
300.524
300.52
300.476
300.476
300.476
300.476
300.477
300.477
300.478
300.479
300.479
300.479
300.478
300.477
300.476
300.476
300.476
300.476
300.476
300.476
300.476
300.475
300.517
300.516
300.516
300.517
300.518
300.52
300.522
300.523
300.524
300.524
300.524
300.523
300.523
300.522
300.521
300.519
300.518
300.518
300.518
300.519
300.533
300.533
300.532
300.532
300.531
300.532
300.533
300.535
300.536
300.537
300.536
300.536
300.534
300.533
300.532
300.531
300.531
300.531
300.532
300.532
300.542
300.541
300.54
300.54
300.539
300.539
300.538
300.539
300.539
300.54
300.54
300.539
300.538
300.537
300.537
300.537
300.538
300.538
300.539
300.54
300.549
300.546
300.544
300.543
300.542
300.541
300.54
300.54
300.54
300.54
300.54
300.539
300.539
300.539
300.539
300.54
300.541
300.542
300.544
300.548
300.548
300.546
300.544
300.542
300.541
300.54
300.539
300.538
300.538
300.538
300.537
300.537
300.538
300.538
300.539
300.54
300.541
300.542
300.545
300.547
300.543
300.544
300.542
300.541
300.54
300.539
300.538
300.537
300.536
300.536
300.535
300.536
300.536
300.537
300.538
300.538
300.539
300.541
300.543
300.542
300.537
300.54
300.538
300.537
300.536
300.536
300.535
300.535
300.534
300.533
300.533
300.533
300.534
300.535
300.535
300.536
300.536
300.537
300.539
300.537
300.531
300.536
300.538
300.538
300.539
300.54
300.542
300.543
300.544
300.544
300.544
300.544
300.543
300.541
300.54
300.538
300.537
300.538
300.536
300.531
300.522
300.527
300.532
300.537
300.543
300.55
300.557
300.564
300.57
300.574
300.573
300.569
300.563
300.557
300.55
300.543
300.537
300.532
300.527
300.522
300.474
300.475
300.475
300.476
300.477
300.477
300.479
300.48
300.481
300.483
300.482
300.48
300.478
300.478
300.477
300.477
300.476
300.476
300.476
300.475
300.52
300.52
300.52
300.521
300.521
300.522
300.523
300.524
300.525
300.525
300.525
300.524
300.523
300.523
300.522
300.522
300.521
300.521
300.521
300.522
300.532
300.532
300.532
300.532
300.533
300.534
300.535
300.536
300.536
300.537
300.537
300.536
300.535
300.534
300.533
300.533
300.532
300.532
300.532
300.532
300.539
300.539
300.539
300.539
300.539
300.538
300.539
300.539
300.54
300.541
300.541
300.539
300.538
300.538
300.537
300.537
300.537
300.537
300.537
300.538
300.548
300.544
300.542
300.541
300.541
300.54
300.54
300.54
300.54
300.541
300.541
300.54
300.539
300.539
300.539
300.539
300.54
300.541
300.543
300.548
300.548
300.545
300.542
300.541
300.54
300.539
300.538
300.538
300.537
300.538
300.538
300.537
300.537
300.537
300.538
300.538
300.539
300.541
300.544
300.547
300.543
300.544
300.541
300.54
300.538
300.538
300.537
300.536
300.536
300.536
300.536
300.535
300.536
300.536
300.537
300.537
300.538
300.54
300.543
300.542
300.538
300.54
300.538
300.536
300.536
300.535
300.535
300.534
300.533
300.534
300.534
300.533
300.534
300.534
300.534
300.535
300.535
300.537
300.539
300.537
300.532
300.537
300.539
300.539
300.539
300.541
300.543
300.546
300.548
300.556
300.555
300.548
300.545
300.543
300.541
300.539
300.538
300.539
300.537
300.532
300.523
300.529
300.534
300.54
300.547
300.555
300.564
300.573
300.583
300.592
300.59
300.582
300.572
300.563
300.555
300.547
300.541
300.535
300.529
300.523
300.474
300.474
300.474
300.475
300.476
300.477
300.479
300.481
300.483
300.487
300.486
300.482
300.481
300.479
300.478
300.477
300.476
300.476
300.475
300.475
300.521
300.521
300.522
300.522
300.523
300.523
300.524
300.525
300.526
300.535
300.535
300.525
300.524
300.523
300.523
300.523
300.522
300.522
300.522
300.521
300.533
300.533
300.534
300.534
300.535
300.535
300.536
300.536
300.537
300.546
300.546
300.536
300.536
300.535
300.535
300.534
300.534
300.533
300.533
300.534
300.538
300.538
300.539
300.539
300.539
300.539
300.539
300.54
300.541
300.552
300.551
300.54
300.539
300.539
300.538
300.538
300.538
300.537
300.537
300.536
300.548
300.544
300.541
300.541
300.54
300.54
300.54
300.54
300.541
300.554
300.554
300.541
300.539
300.539
300.539
300.539
300.539
300.54
300.543
300.547
300.548
300.545
300.542
300.54
300.539
300.538
300.538
300.537
300.539
300.554
300.554
300.539
300.537
300.537
300.537
300.538
300.539
300.54
300.544
300.547
300.544
300.544
300.541
300.539
300.538
300.537
300.536
300.536
300.537
300.552
300.553
300.537
300.535
300.536
300.536
300.537
300.538
300.54
300.543
300.543
300.538
300.54
300.537
300.536
300.535
300.534
300.534
300.533
300.536
300.555
300.556
300.536
300.533
300.533
300.534
300.534
300.535
300.537
300.539
300.538
300.532
300.538
300.539
300.539
300.54
300.541
300.544
300.548
300.559
300.586
300.585
300.559
300.549
300.544
300.541
300.54
300.539
300.539
300.538
300.532
300.524
300.53
300.536
300.543
300.55
300.559
300.57
300.583
300.599
300.619
300.616
300.597
300.582
300.57
300.559
300.55
300.543
300.536
300.53
300.524
300.474
300.473
300.473
300.474
300.475
300.477
300.479
300.483
300.487
300.974
300.97
300.486
300.482
300.48
300.478
300.477
300.476
300.475
300.475
300.475
300.52
300.521
300.522
300.522
300.523
300.523
300.524
300.525
300.535
300.856
300.848
300.535
300.525
300.524
300.523
300.523
300.522
300.522
300.521
300.521
300.534
300.534
300.535
300.536
300.536
300.536
300.537
300.537
300.546
300.797
300.788
300.545
300.536
300.536
300.535
300.535
300.535
300.534
300.534
300.534
300.538
300.538
300.539
300.54
300.54
300.54
300.54
300.541
300.552
300.76
300.751
300.551
300.54
300.539
300.539
300.539
300.539
300.538
300.538
300.537
300.547
300.544
300.541
300.541
300.54
300.54
300.54
300.541
300.554
300.734
300.725
300.553
300.54
300.539
300.539
300.539
300.54
300.54
300.542
300.547
300.548
300.545
300.541
300.539
300.539
300.538
300.538
300.538
300.554
300.713
300.705
300.553
300.538
300.537
300.537
300.538
300.538
300.54
300.544
300.547
300.543
300.543
300.541
300.539
300.537
300.537
300.536
300.536
300.552
300.695
300.689
300.552
300.536
300.535
300.536
300.537
300.538
300.54
300.542
300.542
300.538
300.54
300.537
300.535
300.534
300.533
300.533
300.534
300.555
300.685
300.679
300.557
300.534
300.532
300.533
300.533
300.534
300.536
300.539
300.537
300.532
300.538
300.539
300.538
300.539
300.54
300.544
300.556
300.586
300.676
300.671
300.586
300.556
300.544
300.54
300.538
300.538
300.538
300.537
300.532
300.523
300.529
300.536
300.543
300.551
300.561
300.574
300.592
300.619
300.664
300.659
300.616
300.591
300.573
300.561
300.551
300.543
300.536
300.53
300.523
300.473
300.472
300.472
300.473
300.474
300.476
300.478
300.482
300.486
300.97
300.959
300.483
300.48
300.477
300.476
300.475
300.474
300.474
300.474
300.474
300.52
300.521
300.522
300.522
300.523
300.523
300.524
300.525
300.535
300.848
300.839
300.533
300.524
300.523
300.522
300.522
300.522
300.521
300.521
300.521
300.534
300.534
300.535
300.536
300.536
300.536
300.536
300.537
300.546
300.788
300.781
300.544
300.536
300.536
300.535
300.535
300.535
300.535
300.534
300.534
300.538
300.538
300.539
300.54
300.54
300.54
300.54
300.541
300.551
300.751
300.745
300.55
300.54
300.54
300.54
300.539
300.539
300.539
300.538
300.537
300.548
300.544
300.541
300.541
300.54
300.54
300.54
300.541
300.554
300.725
300.72
300.553
300.541
300.54
300.54
300.54
300.54
300.54
300.543
300.548
300.548
300.545
300.541
300.539
300.538
300.538
300.537
300.538
300.554
300.705
300.701
300.553
300.538
300.537
300.537
300.538
300.538
300.54
300.544
300.547
300.543
300.543
300.541
300.539
300.537
300.536
300.535
300.536
300.553
300.689
300.686
300.552
300.536
300.535
300.536
300.537
300.538
300.54
300.543
300.542
300.538
300.54
300.537
300.535
300.534
300.533
300.533
300.534
300.556
300.679
300.676
300.557
300.534
300.532
300.533
300.533
300.534
300.536
300.539
300.537
300.532
300.538
300.538
300.538
300.539
300.54
300.544
300.555
300.585
300.671
300.668
300.585
300.556
300.544
300.54
300.538
300.538
300.538
300.537
300.532
300.523
300.529
300.536
300.543
300.551
300.561
300.573
300.59
300.616
300.659
300.658
300.615
300.59
300.573
300.561
300.551
300.543
300.536
300.53
300.523
300.472
300.471
300.471
300.472
300.473
300.475
300.477
300.48
300.482
300.486
300.483
300.478
300.476
300.474
300.473
300.472
300.472
300.472
300.472
300.473
300.52
300.521
300.521
300.522
300.522
300.522
300.523
300.524
300.525
300.535
300.533
300.523
300.523
300.522
300.522
300.522
300.522
300.521
300.521
300.521
300.533
300.533
300.533
300.534
300.535
300.535
300.536
300.536
300.536
300.545
300.544
300.536
300.536
300.535
300.535
300.535
300.534
300.534
300.534
300.534
300.538
300.538
300.538
300.538
300.538
300.539
300.539
300.539
300.54
300.551
300.55
300.541
300.54
300.539
300.539
300.539
300.538
300.538
300.538
300.538
300.548
300.544
300.541
300.54
300.54
300.539
300.539
300.54
300.541
300.553
300.553
300.541
300.54
300.54
300.539
300.539
300.54
300.541
300.543
300.548
300.548
300.545
300.542
300.54
300.538
300.538
300.537
300.537
300.539
300.553
300.553
300.539
300.537
300.537
300.538
300.538
300.539
300.541
300.544
300.547
300.543
300.543
300.541
300.539
300.538
300.537
300.536
300.535
300.537
300.552
300.552
300.537
300.535
300.536
300.536
300.537
300.538
300.54
300.543
300.543
300.538
300.54
300.537
300.536
300.535
300.534
300.533
300.533
300.536
300.557
300.557
300.536
300.533
300.533
300.534
300.534
300.535
300.537
300.539
300.538
300.532
300.538
300.539
300.539
300.54
300.541
300.544
300.548
300.559
300.586
300.585
300.559
300.549
300.544
300.541
300.539
300.539
300.539
300.538
300.532
300.523
300.529
300.536
300.542
300.55
300.559
300.569
300.582
300.597
300.616
300.615
300.596
300.581
300.569
300.559
300.55
300.543
300.536
300.53
300.524
300.471
300.471
300.471
300.472
300.473
300.474
300.476
300.478
300.481
300.482
300.48
300.476
300.473
300.472
300.472
300.471
300.471
300.472
300.472
300.472
300.519
300.519
300.52
300.52
300.521
300.522
300.523
300.523
300.524
300.525
300.524
300.523
300.522
300.522
300.522
300.521
300.521
300.521
300.521
300.521
300.531
300.531
300.531
300.532
300.533
300.533
300.534
300.535
300.536
300.536
300.536
300.536
300.535
300.535
300.534
300.533
300.533
300.533
300.533
300.533
300.539
300.538
300.538
300.537
300.537
300.538
300.538
300.538
300.539
300.54
300.54
300.54
300.539
300.539
300.538
300.538
300.538
300.538
300.538
300.539
300.549
300.544
300.541
300.54
300.54
300.539
300.539
300.539
300.539
300.54
300.541
300.54
300.539
300.539
300.539
300.539
300.54
300.541
300.544
300.549
300.547
300.545
300.542
300.54
300.539
300.538
300.538
300.537
300.537
300.538
300.538
300.537
300.537
300.538
300.538
300.539
300.54
300.541
300.544
300.547
300.543
300.543
300.541
300.539
300.538
300.537
300.536
300.536
300.535
300.536
300.536
300.535
300.536
300.536
300.537
300.538
300.539
300.54
300.543
300.542
300.538
300.54
300.538
300.536
300.535
300.535
300.534
300.534
300.533
300.534
300.534
300.533
300.534
300.534
300.535
300.535
300.536
300.537
300.539
300.537
300.531
300.537
300.539
300.538
300.539
300.541
300.543
300.545
300.549
300.556
300.556
300.549
300.545
300.543
300.541
300.539
300.538
300.538
300.537
300.531
300.523
300.528
300.534
300.54
300.547
300.555
300.563
300.572
300.582
300.591
300.59
300.581
300.572
300.563
300.555
300.547
300.541
300.534
300.529
300.523
300.471
300.472
300.473
300.473
300.474
300.475
300.476
300.478
300.479
300.48
300.477
300.474
300.472
300.472
300.472
300.473
300.473
300.474
300.474
300.474
300.517
300.516
300.516
300.517
300.519
300.52
300.522
300.523
300.523
300.524
300.523
300.522
300.522
300.521
300.521
300.52
300.518
300.518
300.518
300.519
300.532
300.532
300.531
300.53
300.53
300.531
300.533
300.534
300.535
300.536
300.536
300.535
300.535
300.534
300.533
300.532
300.532
300.533
300.533
300.533
300.541
300.54
300.539
300.538
300.537
300.537
300.537
300.538
300.539
300.539
300.54
300.539
300.539
300.538
300.538
300.538
300.538
300.539
300.54
300.541
300.549
300.545
300.543
300.542
300.54
300.539
300.539
300.539
300.539
300.539
300.54
300.54
300.539
300.539
300.54
300.54
300.541
300.543
300.545
300.549
300.547
300.546
300.543
300.542
300.54
300.539
300.538
300.537
300.537
300.537
300.537
300.537
300.538
300.538
300.539
300.54
300.541
300.543
300.545
300.546
300.542
300.543
300.542
300.54
300.539
300.538
300.537
300.536
300.536
300.535
300.535
300.536
300.536
300.537
300.538
300.539
300.54
300.541
300.543
300.542
300.537
300.54
300.538
300.537
300.536
300.535
300.535
300.534
300.533
300.532
300.532
300.533
300.534
300.535
300.535
300.536
300.536
300.538
300.539
300.536
300.531
300.536
300.538
300.538
300.538
300.54
300.541
300.543
300.544
300.544
300.544
300.544
300.543
300.541
300.539
300.538
300.537
300.538
300.536
300.53
300.521
300.526
300.532
300.537
300.543
300.55
300.557
300.563
300.57
300.573
300.573
300.569
300.563
300.556
300.55
300.543
300.537
300.532
300.527
300.522
300.466
300.466
300.468
300.471
300.474
300.475
300.476
300.477
300.478
300.478
300.476
300.473
300.472
300.472
300.474
300.475
300.474
300.471
300.469
300.47
300.515
300.515
300.514
300.514
300.515
300.518
300.521
300.522
300.523
300.523
300.522
300.522
300.522
300.521
300.519
300.517
300.517
300.518
300.52
300.519
300.535
300.534
300.533
300.531
300.53
300.53
300.532
300.533
300.535
300.535
300.535
300.535
300.534
300.533
300.532
300.532
300.532
300.534
300.535
300.536
300.545
300.543
300.542
300.54
300.538
300.537
300.537
300.537
300.538
300.539
300.54
300.539
300.538
300.538
300.538
300.539
300.54
300.542
300.543
300.545
300.55
300.547
300.546
300.544
300.542
300.54
300.539
300.539
300.539
300.539
300.54
300.539
300.539
300.54
300.541
300.542
300.544
300.545
300.547
300.549
300.547
300.546
300.545
300.544
300.542
300.54
300.539
300.538
300.537
300.537
300.537
300.538
300.538
300.539
300.541
300.542
300.543
300.544
300.546
300.546
300.542
300.543
300.542
300.541
300.54
300.539
300.538
300.537
300.536
300.536
300.536
300.536
300.537
300.538
300.539
300.54
300.541
300.542
300.542
300.541
300.536
300.539
300.538
300.538
300.537
300.536
300.535
300.534
300.534
300.533
300.533
300.534
300.535
300.535
300.536
300.537
300.537
300.538
300.539
300.535
300.529
300.534
300.537
300.537
300.537
300.538
300.54
300.541
300.541
300.54
300.54
300.541
300.541
300.539
300.538
300.537
300.537
300.537
300.534
300.529
300.52
300.524
300.529
300.534
300.539
300.544
300.55
300.555
300.559
300.561
300.561
300.559
300.555
300.55
300.544
300.539
300.534
300.529
300.524
300.52
300.459
300.459
300.461
300.466
300.471
300.475
300.476
300.477
300.477
300.477
300.475
300.472
300.471
300.473
300.475
300.473
300.466
300.462
300.461
300.462
300.514
300.515
300.516
300.515
300.514
300.516
300.519
300.522
300.523
300.523
300.522
300.522
300.521
300.52
300.517
300.517
300.52
300.523
300.524
300.524
300.542
300.541
300.538
300.534
300.531
300.53
300.531
300.533
300.534
300.535
300.535
300.535
300.533
300.532
300.532
300.532
300.535
300.539
300.542
300.544
300.55
300.549
300.547
300.544
300.54
300.538
300.537
300.537
300.538
300.539
300.539
300.539
300.538
300.538
300.539
300.541
300.544
300.547
300.548
300.549
300.55
300.549
300.548
300.547
300.544
300.542
300.54
300.539
300.539
300.539
300.54
300.539
300.539
300.54
300.542
300.544
300.547
300.548
300.549
300.549
300.546
300.546
300.546
300.545
300.544
300.542
300.54
300.538
300.538
300.538
300.538
300.538
300.539
300.54
300.542
300.544
300.545
300.546
300.546
300.545
300.54
300.542
300.543
300.542
300.541
300.54
300.538
300.537
300.537
300.537
300.537
300.537
300.538
300.539
300.54
300.541
300.542
300.542
300.542
300.54
300.534
300.538
300.538
300.538
300.537
300.537
300.536
300.535
300.534
300.533
300.533
300.534
300.535
300.536
300.537
300.537
300.538
300.538
300.538
300.534
300.527
300.533
300.536
300.536
300.537
300.537
300.538
300.539
300.54
300.538
300.538
300.539
300.539
300.538
300.537
300.536
300.536
300.536
300.532
300.527
300.517
300.521
300.525
300.53
300.534
300.539
300.543
300.547
300.55
300.551
300.551
300.55
300.547
300.543
300.539
300.534
300.53
300.525
300.521
300.517
300.453
300.453
300.455
300.46
300.467
300.474
300.476
300.476
300.476
300.476
300.474
300.472
300.471
300.473
300.474
300.466
300.459
300.453
300.45
300.452
300.517
300.518
300.518
300.517
300.515
300.514
300.518
300.521
300.522
300.522
300.522
300.522
300.521
300.518
300.517
300.52
300.524
300.528
300.53
300.531
300.551
300.549
300.545
300.539
300.534
300.531
300.531
300.532
300.534
300.535
300.535
300.534
300.533
300.532
300.532
300.535
300.541
300.547
300.55
300.552
300.552
300.552
300.551
300.548
300.543
300.54
300.538
300.537
300.538
300.539
300.539
300.538
300.538
300.538
300.54
300.544
300.548
300.551
300.552
300.552
300.549
300.549
300.549
300.549
300.546
300.543
300.541
300.54
300.539
300.54
300.54
300.54
300.54
300.541
300.544
300.547
300.549
300.549
300.549
300.548
300.544
300.546
300.546
300.546
300.545
300.543
300.541
300.539
300.539
300.538
300.538
300.539
300.54
300.541
300.543
300.545
300.546
300.546
300.545
300.543
300.539
300.541
300.542
300.542
300.542
300.541
300.539
300.538
300.538
300.538
300.538
300.538
300.539
300.54
300.541
300.542
300.542
300.542
300.541
300.538
300.532
300.536
300.538
300.538
300.538
300.537
300.536
300.535
300.535
300.534
300.534
300.535
300.536
300.536
300.537
300.538
300.538
300.537
300.536
300.532
300.525
300.53
300.534
300.536
300.536
300.537
300.537
300.538
300.539
300.538
300.538
300.539
300.538
300.537
300.537
300.536
300.536
300.534
300.53
300.525
300.515
300.518
300.522
300.526
300.53
300.534
300.537
300.541
300.543
300.543
300.543
300.543
300.541
300.537
300.534
300.53
300.526
300.522
300.518
300.515
300.462
300.453
300.451
300.456
300.465
300.473
300.476
300.476
300.476
300.475
300.474
300.472
300.472
300.474
300.471
300.462
300.453
300.448
300.453
300.463
300.525
300.523
300.521
300.519
300.517
300.515
300.518
300.521
300.522
300.522
300.521
300.521
300.521
300.518
300.518
300.523
300.528
300.533
300.536
300.538
300.553
300.553
300.551
300.545
300.537
300.533
300.531
300.532
300.533
300.534
300.535
300.534
300.533
300.533
300.534
300.539
300.547
300.552
300.553
300.553
300.551
300.551
300.552
300.55
300.546
300.541
300.538
300.537
300.537
300.538
300.539
300.538
300.538
300.539
300.542
300.547
300.551
300.552
300.551
300.551
300.547
300.548
300.549
300.549
300.548
300.545
300.542
300.541
300.54
300.54
300.54
300.541
300.541
300.543
300.545
300.548
300.549
300.548
300.547
300.546
300.542
300.543
300.545
300.546
300.546
300.544
300.542
300.541
300.54
300.54
300.54
300.541
300.541
300.543
300.544
300.546
300.546
300.544
300.543
300.541
300.536
300.539
300.541
300.542
300.542
300.542
300.541
300.54
300.54
300.54
300.54
300.54
300.54
300.541
300.542
300.542
300.542
300.54
300.538
300.535
300.53
300.534
300.536
300.538
300.538
300.538
300.537
300.537
300.537
300.536
300.536
300.537
300.537
300.538
300.538
300.538
300.537
300.536
300.533
300.529
300.522
300.527
300.531
300.534
300.536
300.537
300.538
300.539
300.539
300.538
300.538
300.539
300.538
300.538
300.537
300.536
300.534
300.531
300.527
300.522
300.512
300.515
300.519
300.522
300.526
300.529
300.532
300.535
300.536
300.536
300.536
300.536
300.534
300.532
300.529
300.525
300.522
300.518
300.515
300.512
300.502
300.468
300.453
300.455
300.464
300.472
300.476
300.476
300.475
300.475
300.474
300.472
300.472
300.474
300.469
300.461
300.45
300.453
300.482
300.509
300.539
300.531
300.526
300.521
300.518
300.516
300.518
300.521
300.522
300.521
300.521
300.521
300.521
300.518
300.52
300.524
300.53
300.536
300.542
300.549
300.552
300.552
300.552
300.548
300.54
300.534
300.532
300.532
300.533
300.534
300.534
300.534
300.533
300.533
300.535
300.542
300.55
300.553
300.553
300.552
300.548
300.55
300.551
300.551
300.547
300.542
300.539
300.537
300.537
300.538
300.538
300.538
300.538
300.54
300.543
300.548
300.552
300.551
300.549
300.548
300.544
300.545
300.548
300.549
300.549
300.546
300.544
300.543
300.543
300.542
300.543
300.543
300.544
300.545
300.547
300.549
300.549
300.547
300.545
300.543
300.538
300.54
300.543
300.545
300.546
300.546
300.545
300.544
300.544
300.544
300.544
300.544
300.544
300.545
300.546
300.546
300.545
300.543
300.54
300.538
300.533
300.535
300.539
300.541
300.542
300.542
300.543
300.543
300.543
300.542
300.543
300.543
300.543
300.543
300.542
300.542
300.541
300.538
300.535
300.532
300.526
300.53
300.534
300.536
300.538
300.539
300.539
300.539
300.539
300.539
300.539
300.539
300.539
300.539
300.539
300.538
300.536
300.533
300.529
300.525
300.519
300.523
300.527
300.53
300.532
300.534
300.536
300.537
300.538
300.537
300.537
300.538
300.537
300.536
300.534
300.532
300.53
300.527
300.523
300.519
300.509
300.512
300.515
300.518
300.521
300.524
300.527
300.529
300.53
300.53
300.53
300.53
300.529
300.527
300.524
300.521
300.518
300.515
300.512
300.509
300.532
300.486
300.457
300.457
300.465
300.474
300.475
300.475
300.475
300.475
300.474
300.473
300.472
300.474
300.47
300.462
300.452
300.463
300.509
300.538
300.552
300.539
300.53
300.522
300.518
300.516
300.519
300.522
300.521
300.521
300.521
300.521
300.521
300.519
300.519
300.524
300.531
300.538
300.549
300.553
300.55
300.552
300.553
300.55
300.541
300.535
300.532
300.532
300.534
300.534
300.534
300.534
300.533
300.533
300.536
300.544
300.552
300.553
300.552
300.549
300.545
300.548
300.551
300.552
300.548
300.543
300.54
300.538
300.536
300.537
300.537
300.538
300.539
300.541
300.545
300.549
300.552
300.551
300.548
300.544
300.54
300.543
300.547
300.549
300.549
300.549
300.548
300.548
300.547
300.547
300.548
300.548
300.549
300.549
300.549
300.549
300.548
300.546
300.543
300.539
300.534
300.538
300.542
300.544
300.545
300.546
300.547
300.547
300.547
300.547
300.547
300.547
300.547
300.546
300.546
300.545
300.543
300.541
300.538
300.534
300.529
300.532
300.536
300.538
300.54
300.541
300.542
300.542
300.543
300.542
300.542
300.543
300.542
300.542
300.541
300.54
300.538
300.535
300.532
300.528
300.523
300.526
300.53
300.532
300.534
300.535
300.537
300.537
300.538
300.537
300.537
300.538
300.537
300.536
300.535
300.534
300.532
300.529
300.525
300.522
300.516
300.519
300.522
300.525
300.527
300.529
300.531
300.532
300.532
300.532
300.532
300.532
300.531
300.53
300.529
300.527
300.525
300.522
300.519
300.515
300.507
300.509
300.512
300.515
300.518
300.52
300.522
300.523
300.524
300.523
300.523
300.524
300.523
300.522
300.52
300.517
300.515
300.512
300.509
300.506
)
;

boundaryField
{
    floor
    {
        type            fixedValue;
        value           nonuniform List<scalar> 
400
(
300
300
300
300
300
300
300
300
300
300
300
300
300
300
300
300
300
300
300
300
300
300
300
300
300
300
300
300
300
300
300
300
300
300
300
300
300
300
300
300
300
300
300
300
300
300
300
300
300
300
300
300
300
300
300
300
300
300
300
300
300
300
300
300
300
300
300
300
300
300
300
300
300
300
300
300
300
300
300
300
300
300
300
300
300
300
300
300
300
300
300
300
300
300
300
300
300
300
300
300
300
300
300
300
300
300
300
300
300
300
300
300
300
300
300
300
300
300
300
300
300
300
300
300
300
300
300
300
300
300
300
300
300
300
300
300
300
300
300
300
300
300
300
300
300
300
300
300
300
300
300
300
300
300
300
300
300
300
300
300
300
300
300
300
300
300
300
300
300
300
300
300
300
300
300
300
300
300
300
300
300
300
300
300
300
300
300
300
300
600
600
300
300
300
300
300
300
300
300
300
300
300
300
300
300
300
300
300
300
600
600
300
300
300
300
300
300
300
300
300
300
300
300
300
300
300
300
300
300
300
300
300
300
300
300
300
300
300
300
300
300
300
300
300
300
300
300
300
300
300
300
300
300
300
300
300
300
300
300
300
300
300
300
300
300
300
300
300
300
300
300
300
300
300
300
300
300
300
300
300
300
300
300
300
300
300
300
300
300
300
300
300
300
300
300
300
300
300
300
300
300
300
300
300
300
300
300
300
300
300
300
300
300
300
300
300
300
300
300
300
300
300
300
300
300
300
300
300
300
300
300
300
300
300
300
300
300
300
300
300
300
300
300
300
300
300
300
300
300
300
300
300
300
300
300
300
300
300
300
300
300
300
300
300
300
300
300
300
300
300
300
300
300
300
300
300
300
300
300
300
300
300
300
300
300
300
300
300
300
300
300
300
300
300
300
300
300
300
300
300
)
;
    }
    ceiling
    {
        type            fixedValue;
        value           uniform 300;
    }
    fixedWalls
    {
        type            zeroGradient;
    }
}


// ************************************************************************* //
