(0 "FOAM to Fluent data File")

(33 (918 3444 1074))
(300 (1 1 1 0 0 1 918)(
0.237616
1.07727
0.00490634
0.236423
0.00111587
1.04433
-0.669014
0.434859
0.219299
-0.108765
0.0241347
0.209955
0.904699
0.669671
-1.40344
0.0257935
0.370428
-0.719193
0.202737
0.0148309
0.613673
0.228667
0.228375
0.214552
0.266604
0.662132
0.786513
0.000939191
0.000660008
0.00195569
-0.00100478
0.000867569
0.00628747
0.927907
0.979099
1.00183
0.193356
-0.353836
-0.476129
-0.60426
-0.521791
-0.76154
0.4154
0.416754
-0.438624
0.440704
0.466729
0.206693
0.217103
0.218239
0.222707
0.220654
0.221908
0.283015
-0.131667
-0.200293
-0.0558308
-0.0388471
0.0858003
0.024019
0.0333913
0.025944
0.0310344
0.149699
0.205479
0.202152
0.213075
0.217099
1.01682
0.988673
1.01485
0.928752
0.945266
0.882208
0.854674
0.690999
0.712829
0.655177
0.645517
-1.88206
-2.90136
-0.78219
-0.497034
0.00273016
0.031892
0.0272262
0.356378
0.364079
0.366136
0.384661
0.697499
-0.645387
-0.865966
0.213296
0.208155
0.224337
0.225428
0.21705
0.219606
0.0198046
0.0217404
0.00330662
0.0106349
0.00972486
0.590981
0.568524
0.211287
0.208474
0.228918
0.239157
0.233356
-0.00323326
0.27646
0.305288
0.468615
0.645039
0.638221
0.645379
0.759679
0.724198
0.823003
0.844887
0.00653939
0.000456524
0.017074
0.00779631
0.0165881
0.183965
0.180525
0.200941
0.196622
0.192569
-0.329882
-0.34947
-0.341765
-0.258467
-0.43384
-0.545182
-0.66977
-0.62268
-0.849175
0.730163
0.393429
0.403984
-0.391276
-0.344725
-0.485978
-0.308968
-0.394757
0.197769
0.203332
0.200974
0.211003
0.206104
0.213595
0.222124
0.218785
0.220135
0.307188
0.362609
0.249225
0.228733
-0.404405
-0.215266
-0.403163
-0.0230886
-0.0101996
0.0987706
0.11646
0.0818247
0.0773164
0.00974751
0.0281375
0.0172343
0.0322174
0.0294529
0.141837
0.133902
0.158396
0.169807
0.195144
0.200333
0.197187
0.199438
0.805045
0.828107
0.83547
0.809171
-3.95566
-6.7612
-0.13063
0.02329
0.00123233
0.000907992
0.00191803
-0.000273478
0.0054723
0.00209123
0.0507189
0.0422395
0.0347225
0.040989
0.338545
0.347311
0.675188
0.740744
0.621853
0.61248
0.201145
0.204697
0.210158
0.206754
0.0308077
0.0234666
0.0267603
0.473548
0.528367
0.509388
-0.0428285
-0.131793
0.0448568
0.0675304
0.328897
0.31326
0.326813
0.53125
0.5697
0.852876
0.871774
0.868389
0.877766
0.922482
0.939062
0.90509
0.171484
0.176672
0.171937
0.204387
0.198841
0.203101
0.194602
0.198829
0.199422
-0.438813
-0.716662
0.336721
0.148248
-0.174383
0.0227007
0.729348
0.790622
0.375206
0.387235
0.39045
-0.242896
-0.330625
0.198735
0.17354
0.0902357
0.12187
0.103947
0.775776
0.73788
0.787535
0.761196
0.724053
0.746588
-0.615407
-2.11274
-1.18346
0.409788
0.209862
0.300665
0.0641517
0.055094
0.0541631
0.727218
0.788351
0.396097
0.518434
0.504926
0.607523
0.640173
0.698806
0.618571
0.656245
0.696443
0.675527
0.623702
0.434258
0.585485
0.773439
0.813852
-0.151212
-0.194528
-0.264268
0.126903
0.154895
0.136412
0.76582
0.776157
0.800334
0.20846
0.214364
0.0115406
0.0175466
0.222056
0.222261
0.00464533
0.00681854
0.313512
-1.1896
-0.139106
0.208693
0.201528
0.213542
-0.0674389
0.268061
0.0316082
0.094488
0.0645145
0.204738
0.15834
0.128185
0.00102324
0.0199168
0.0195632
-0.30697
0.209653
0.204896
0.213786
0.215924
0.218808
0.00864828
0.0116474
0.00795716
0.0182448
0.0146482
0.0144366
0.186072
0.195333
-0.234911
0.213163
0.216975
0.21781
0.208798
0.217429
0.21334
0.0175427
0.0132349
0.0149833
-0.0453672
0.0667206
0.569339
0.651248
0.565751
0.297345
0.0145107
0.449761
0.520362
0.428996
0.573843
0.369128
0.417691
-0.0755838
-0.205437
-0.0924582
-0.141502
0.206081
0.203212
0.197596
0.198309
0.214723
0.210274
0.211382
0.2124
0.212332
0.210898
-0.022029
-0.0325421
-0.0833811
-0.155418
0.292084
0.353577
0.220215
0.234224
0.146286
0.0416921
0.0349138
0.0315768
0.0246547
0.0650477
0.0690689
0.0790835
0.0805284
0.0542495
0.054912
0.0626376
0.0637806
0.0684164
0.201782
0.196908
0.204767
0.212287
0.163491
0.168224
0.140331
0.157971
0.142101
0.0979152
0.123023
0.102341
0.00652293
0.00535948
0.00676668
0.0191785
0.03382
0.0223105
0.0137762
0.0187025
0.0138374
0.0113424
0.0241731
0.0277884
-0.252568
-0.374141
0.655571
0.550128
0.323897
0.206543
0.207591
0.202305
0.204728
0.211676
0.219856
0.217682
0.2094
0.19753
0.198044
0.195818
0.19571
-0.113181
-0.298533
-0.175703
-0.267552
-0.433275
0.310374
0.0714927
0.0230401
0.00878761
0.202766
0.902424
0.709497
0.615387
0.59735
-0.658694
-0.1553
-0.541358
0.176101
-0.0987569
0.541494
0.593505
0.619056
0.561162
0.516039
-0.432159
0.0447035
-0.246126
-0.196885
-0.0951871
-0.170098
0.534928
0.354004
0.365096
0.41108
0.452326
0.363269
0.33874
0.337281
0.389214
0.391126
0.148218
-0.023484
-0.0641598
-0.100738
0.347264
0.203755
0.258097
0.191401
0.200347
0.203175
0.204539
0.18994
0.194937
0.195075
0.195362
0.198181
0.2043
0.203598
0.204362
0.206477
-0.0152441
-0.0130316
-0.0412293
-0.174787
-0.172323
-0.240691
-0.107276
0.147439
0.110311
0.295515
0.384296
0.071292
-0.0815431
-0.0588816
0.0306321
0.152014
0.156945
0.113475
0.161388
0.168088
0.142775
0.205219
0.19618
0.0464501
0.0576413
0.0414347
0.0356846
0.102852
0.118721
0.115621
0.0501286
0.0524754
0.0376604
0.0366852
0.0803983
0.0546182
0.0650501
0.0708075
0.0224765
0.0232959
0.0342855
0.0417551
0.0388584
0.0431239
0.19656
0.195442
0.1996
0.209551
0.215483
0.231919
0.206933
0.181377
0.17246
0.177269
0.158969
0.173075
0.163283
0.175907
0.18358
0.194461
0.193744
0.194756
0.181974
0.182447
0.179584
0.182692
0.158001
0.137623
0.130283
0.0176456
0.0168732
0.0209725
0.0161397
0.0129055
0.0139531
0.0488809
0.0390635
0.0414522
0.0402808
0.0451958
0.0212125
0.0225168
-0.0951792
0.0331081
-0.239935
-0.27765
-0.362391
0.644798
0.709898
0.552224
0.472257
0.494807
0.585796
0.616301
0.387974
0.470691
0.465583
0.649277
0.720316
0.197555
0.20449
0.203791
0.198298
0.198599
-0.0150981
-0.0172365
-0.0809349
-0.111614
-0.259384
-0.33321
0.415487
0.520002
0.501047
0.292578
0.302428
0.31977
0.259483
0.290494
0.295382
0.126342
0.199878
0.246014
0.206268
0.242002
0.26106
0.233688
0.256178
0.213499
0.180304
0.178048
0.12461
0.135261
0.116741
0.105465
0.195844
0.179024
0.182652
0.178344
0.200084
0.227674
0.217755
0.232431
0.249094
0.184705
0.152779
0.157106
0.176372
0.149752
0.160396
0.171697
-0.341161
-0.346756
-0.276312
-0.733144
-0.594255
-0.449789
-0.555281
-0.644047
-0.397448
-1.09056
-0.825406
-1.39
-0.134427
0.887142
0.519052
0.5394
0.455737
0.415856
0.419777
0.503613
0.496011
0.3339
0.347945
0.354701
0.283528
0.322348
0.379661
0.367265
0.057165
0.0344866
-0.0396335
0.0153433
-0.0858568
-0.0671405
0.11031
0.0557208
-0.0044867
0.00287013
0.166571
0.0556646
0.113316
0.159878
0.102408
0.0680374
0.230022
0.300583
0.2834
0.256338
0.179658
0.187509
0.220234
0.259367
0.279574
0.314399
0.194234
0.200374
0.201882
0.197823
0.196946
0.198545
0.199473
0.20008
0.201549
0.202229
0.203026
0.0260363
0.0354455
0.008667
0.0176644
0.0338613
0.0180578
0.0574921
0.0330804
0.0479863
0.049745
0.0266904
0.00469551
0.0174121
0.0337885
0.156312
0.18452
0.186146
0.137713
0.239837
0.348792
0.387374
0.341039
0.215423
0.244377
0.287837
0.0878331
0.0959622
0.0808416
0.106577
0.0972422
0.0403115
0.0377006
0.0374376
0.0466855
0.0447247
0.0333064
0.0290156
0.0274266
0.0308251
0.0352509
0.0331422
0.182139
0.175804
0.173836
0.166883
0.168098
0.184719
0.188224
0.188523
0.191366
0.193401
0.188541
0.193109
0.193687
0.0370803
0.0210664
0.0266346
0.0279416
0.0225575
0.0225499
0.0250411
0.260646
0.141334
0.236203
0.0991338
-0.151879
-0.0532138
0.403859
0.57499
0.51516
0.671399
0.610326
0.546748
0.577611
0.683281
0.422221
0.577585
0.529733
0.681392
0.673433
0.72466
0.582665
-0.192927
-0.580292
-0.231232
-0.466573
-0.656851
-0.104921
-0.0979322
-0.0927624
-0.160917
-0.21578
-0.00395893
0.0243986
0.00997037
0.259663
0.0654768
0.206638
-0.160808
-0.103874
0.247178
-0.0273696
0.110034
0.29914
0.319291
0.335341
0.304471
0.33307
0.256763
0.25245
0.262104
0.278007
0.266653
-1.17686
-1.11375
-1.75988
-1.12905
-0.816581
-0.18669
-0.478901
0.375122
0.221877
0.441418
0.383922
0.330942
0.271121
0.245506
0.316279
0.0505715
0.15084
0.124784
0.134149
0.0574115
-0.0137537
0.271503
0.264074
0.302354
0.322895
0.29683
0.326152
0.194513
0.191019
0.195807
0.190673
0.181552
0.182069
0.110495
0.0823104
0.121175
0.101916
0.0556989
0.0534955
0.0395369
0.038125
0.0314027
0.0306812
0.0399719
0.0399209
0.284936
0.284606
0.126725
0.228785
-0.0361752
-0.101538
-0.148916
0.0474234
0.0838437
0.0795904
0.47492
0.585339
0.530279
0.55336
0.450671
0.47568
0.3821
0.1045
0.219494
0.264063
0.375922
-0.759466
-0.952166
-0.829462
0.579074
0.414333
-0.0433313
-0.361292
-0.388658
0.0429084
0.138525
0.100695
0.152816
0.207858
0.212188
-0.789354
-0.622169
-0.900173
-0.765148
-0.575517
-0.514639
-0.454603
-0.737377
-0.732086
))
(300 (1 10 1 0 0 919 1018)(
0.237616
1.07727
0.00490634
0.236423
1.04433
-0.669014
0.434859
-0.108765
0.0241347
0.209955
0.904699
0.669671
-1.40344
0.370428
-0.719193
0.202737
0.0148309
0.613673
0.214552
0.266604
0.662132
0.786513
0.000939191
0.927907
0.193356
-0.60426
-0.76154
0.416754
-0.438624
0.466729
0.206693
-0.200293
-0.0388471
0.0333913
0.0310344
0.149699
0.202152
0.217099
0.945266
0.854674
0.712829
0.645517
-2.90136
-0.497034
0.364079
0.384661
-0.865966
0.208155
0.219606
0.0217404
0.00972486
0.568524
0.208474
0.233356
-0.00323326
0.305288
0.468615
0.645379
0.724198
0.844887
0.180525
0.200941
0.192569
-0.545182
-0.849175
0.403984
-0.485978
-0.394757
0.200974
0.213595
-0.403163
-0.0101996
0.0172343
0.0294529
0.133902
0.169807
0.195144
0.199438
0.809171
0.02329
0.347311
0.201145
0.206754
0.0267603
0.509388
-0.131793
0.0675304
0.326813
0.5697
0.877766
0.171937
0.203101
0.199422
0.39045
-0.330625
0.103947
0.761196
0.300665
0.656245
-0.264268
))
(300 (1 11 1 0 0 919 926)(
0.237616
0.236423
0.219299
0.228667
0.218239
0.221908
0.224337
0.220135
))
(300 (1 12 1 0 0 919 922)(
1.07727
1.04433
1.00183
1.01485
))
(300 (1 13 1 0 0 919 926)(
0
0
0
0
0
0
0
0
))
(300 (1 14 1 0 0 919 952)(
0.00111587
0.0257935
0.00628747
-0.353836
0.283015
0.0858003
0.0272262
0.697499
0.0165881
-0.34947
-0.258467
0.730163
0.362609
0.228733
0.11646
0.0773164
-6.7612
0.0507189
0.040989
0.740744
0.61248
-0.716662
0.336721
0.0227007
0.790622
0.17354
-1.18346
0.0541631
0.788351
0.504926
0.585485
0.813852
0.136412
0.800334
))
(300 (1 15 1 0 0 919 2754)(
0.237616
0.237616
1.07727
1.07727
0.00490634
0.00490634
0.236423
0.236423
0.00111587
0.00111587
1.04433
1.04433
-0.669014
-0.669014
0.434859
0.434859
0.219299
0.219299
-0.108765
-0.108765
0.0241347
0.0241347
0.209955
0.209955
0.904699
0.904699
0.669671
0.669671
-1.40344
-1.40344
0.0257935
0.0257935
0.370428
0.370428
-0.719193
-0.719193
0.202737
0.202737
0.0148309
0.0148309
0.613673
0.613673
0.228667
0.228667
0.228375
0.228375
0.214552
0.214552
0.266604
0.266604
0.662132
0.662132
0.786513
0.786513
0.000939191
0.000939191
0.000660008
0.000660008
0.00195569
0.00195569
-0.00100478
-0.00100478
0.000867569
0.000867569
0.00628747
0.00628747
0.927907
0.927907
0.979099
0.979099
1.00183
1.00183
0.193356
0.193356
-0.353836
-0.353836
-0.476129
-0.476129
-0.60426
-0.60426
-0.521791
-0.521791
-0.76154
-0.76154
0.4154
0.4154
0.416754
0.416754
-0.438624
-0.438624
0.440704
0.440704
0.466729
0.466729
0.206693
0.206693
0.217103
0.217103
0.218239
0.218239
0.222707
0.222707
0.220654
0.220654
0.221908
0.221908
0.283015
0.283015
-0.131667
-0.131667
-0.200293
-0.200293
-0.0558308
-0.0558308
-0.0388471
-0.0388471
0.0858003
0.0858003
0.024019
0.024019
0.0333913
0.0333913
0.025944
0.025944
0.0310344
0.0310344
0.149699
0.149699
0.205479
0.205479
0.202152
0.202152
0.213075
0.213075
0.217099
0.217099
1.01682
1.01682
0.988673
0.988673
1.01485
1.01485
0.928752
0.928752
0.945266
0.945266
0.882208
0.882208
0.854674
0.854674
0.690999
0.690999
0.712829
0.712829
0.655177
0.655177
0.645517
0.645517
-1.88206
-1.88206
-2.90136
-2.90136
-0.78219
-0.78219
-0.497034
-0.497034
0.00273016
0.00273016
0.031892
0.031892
0.0272262
0.0272262
0.356378
0.356378
0.364079
0.364079
0.366136
0.366136
0.384661
0.384661
0.697499
0.697499
-0.645387
-0.645387
-0.865966
-0.865966
0.213296
0.213296
0.208155
0.208155
0.224337
0.224337
0.225428
0.225428
0.21705
0.21705
0.219606
0.219606
0.0198046
0.0198046
0.0217404
0.0217404
0.00330662
0.00330662
0.0106349
0.0106349
0.00972486
0.00972486
0.590981
0.590981
0.568524
0.568524
0.211287
0.211287
0.208474
0.208474
0.228918
0.228918
0.239157
0.239157
0.233356
0.233356
-0.00323326
-0.00323326
0.27646
0.27646
0.305288
0.305288
0.468615
0.468615
0.645039
0.645039
0.638221
0.638221
0.645379
0.645379
0.759679
0.759679
0.724198
0.724198
0.823003
0.823003
0.844887
0.844887
0.00653939
0.00653939
0.000456524
0.000456524
0.017074
0.017074
0.00779631
0.00779631
0.0165881
0.0165881
0.183965
0.183965
0.180525
0.180525
0.200941
0.200941
0.196622
0.196622
0.192569
0.192569
-0.329882
-0.329882
-0.34947
-0.34947
-0.341765
-0.341765
-0.258467
-0.258467
-0.43384
-0.43384
-0.545182
-0.545182
-0.66977
-0.66977
-0.62268
-0.62268
-0.849175
-0.849175
0.730163
0.730163
0.393429
0.393429
0.403984
0.403984
-0.391276
-0.391276
-0.344725
-0.344725
-0.485978
-0.485978
-0.308968
-0.308968
-0.394757
-0.394757
0.197769
0.197769
0.203332
0.203332
0.200974
0.200974
0.211003
0.211003
0.206104
0.206104
0.213595
0.213595
0.222124
0.222124
0.218785
0.218785
0.220135
0.220135
0.307188
0.307188
0.362609
0.362609
0.249225
0.249225
0.228733
0.228733
-0.404405
-0.404405
-0.215266
-0.215266
-0.403163
-0.403163
-0.0230886
-0.0230886
-0.0101996
-0.0101996
0.0987706
0.0987706
0.11646
0.11646
0.0818247
0.0818247
0.0773164
0.0773164
0.00974751
0.00974751
0.0281375
0.0281375
0.0172343
0.0172343
0.0322174
0.0322174
0.0294529
0.0294529
0.141837
0.141837
0.133902
0.133902
0.158396
0.158396
0.169807
0.169807
0.195144
0.195144
0.200333
0.200333
0.197187
0.197187
0.199438
0.199438
0.805045
0.805045
0.828107
0.828107
0.83547
0.83547
0.809171
0.809171
-3.95566
-3.95566
-6.7612
-6.7612
-0.13063
-0.13063
0.02329
0.02329
0.00123233
0.00123233
0.000907992
0.000907992
0.00191803
0.00191803
-0.000273478
-0.000273478
0.0054723
0.0054723
0.00209123
0.00209123
0.0507189
0.0507189
0.0422395
0.0422395
0.0347225
0.0347225
0.040989
0.040989
0.338545
0.338545
0.347311
0.347311
0.675188
0.675188
0.740744
0.740744
0.621853
0.621853
0.61248
0.61248
0.201145
0.201145
0.204697
0.204697
0.210158
0.210158
0.206754
0.206754
0.0308077
0.0308077
0.0234666
0.0234666
0.0267603
0.0267603
0.473548
0.473548
0.528367
0.528367
0.509388
0.509388
-0.0428285
-0.0428285
-0.131793
-0.131793
0.0448568
0.0448568
0.0675304
0.0675304
0.328897
0.328897
0.31326
0.31326
0.326813
0.326813
0.53125
0.53125
0.5697
0.5697
0.852876
0.852876
0.871774
0.871774
0.868389
0.868389
0.877766
0.877766
0.922482
0.922482
0.939062
0.939062
0.90509
0.90509
0.171484
0.171484
0.176672
0.176672
0.171937
0.171937
0.204387
0.204387
0.198841
0.198841
0.203101
0.203101
0.194602
0.194602
0.198829
0.198829
0.199422
0.199422
-0.438813
-0.438813
-0.716662
-0.716662
0.336721
0.336721
0.148248
0.148248
-0.174383
-0.174383
0.0227007
0.0227007
0.729348
0.729348
0.790622
0.790622
0.375206
0.375206
0.387235
0.387235
0.39045
0.39045
-0.242896
-0.242896
-0.330625
-0.330625
0.198735
0.198735
0.17354
0.17354
0.0902357
0.0902357
0.12187
0.12187
0.103947
0.103947
0.775776
0.775776
0.73788
0.73788
0.787535
0.787535
0.761196
0.761196
0.724053
0.724053
0.746588
0.746588
-0.615407
-0.615407
-2.11274
-2.11274
-1.18346
-1.18346
0.409788
0.409788
0.209862
0.209862
0.300665
0.300665
0.0641517
0.0641517
0.055094
0.055094
0.0541631
0.0541631
0.727218
0.727218
0.788351
0.788351
0.396097
0.396097
0.518434
0.518434
0.504926
0.504926
0.607523
0.607523
0.640173
0.640173
0.698806
0.698806
0.618571
0.618571
0.656245
0.656245
0.696443
0.696443
0.675527
0.675527
0.623702
0.623702
0.434258
0.434258
0.585485
0.585485
0.773439
0.773439
0.813852
0.813852
-0.151212
-0.151212
-0.194528
-0.194528
-0.264268
-0.264268
0.126903
0.126903
0.154895
0.154895
0.136412
0.136412
0.76582
0.76582
0.776157
0.776157
0.800334
0.800334
0.20846
0.20846
0.214364
0.214364
0.0115406
0.0115406
0.0175466
0.0175466
0.222056
0.222056
0.222261
0.222261
0.00464533
0.00464533
0.00681854
0.00681854
0.313512
0.313512
-1.1896
-1.1896
-0.139106
-0.139106
0.208693
0.208693
0.201528
0.201528
0.213542
0.213542
-0.0674389
-0.0674389
0.268061
0.268061
0.0316082
0.0316082
0.094488
0.094488
0.0645145
0.0645145
0.204738
0.204738
0.15834
0.15834
0.128185
0.128185
0.00102324
0.00102324
0.0199168
0.0199168
0.0195632
0.0195632
-0.30697
-0.30697
0.209653
0.209653
0.204896
0.204896
0.213786
0.213786
0.215924
0.215924
0.218808
0.218808
0.00864828
0.00864828
0.0116474
0.0116474
0.00795716
0.00795716
0.0182448
0.0182448
0.0146482
0.0146482
0.0144366
0.0144366
0.186072
0.186072
0.195333
0.195333
-0.234911
-0.234911
0.213163
0.213163
0.216975
0.216975
0.21781
0.21781
0.208798
0.208798
0.217429
0.217429
0.21334
0.21334
0.0175427
0.0175427
0.0132349
0.0132349
0.0149833
0.0149833
-0.0453672
-0.0453672
0.0667206
0.0667206
0.569339
0.569339
0.651248
0.651248
0.565751
0.565751
0.297345
0.297345
0.0145107
0.0145107
0.449761
0.449761
0.520362
0.520362
0.428996
0.428996
0.573843
0.573843
0.369128
0.369128
0.417691
0.417691
-0.0755838
-0.0755838
-0.205437
-0.205437
-0.0924582
-0.0924582
-0.141502
-0.141502
0.206081
0.206081
0.203212
0.203212
0.197596
0.197596
0.198309
0.198309
0.214723
0.214723
0.210274
0.210274
0.211382
0.211382
0.2124
0.2124
0.212332
0.212332
0.210898
0.210898
-0.022029
-0.022029
-0.0325421
-0.0325421
-0.0833811
-0.0833811
-0.155418
-0.155418
0.292084
0.292084
0.353577
0.353577
0.220215
0.220215
0.234224
0.234224
0.146286
0.146286
0.0416921
0.0416921
0.0349138
0.0349138
0.0315768
0.0315768
0.0246547
0.0246547
0.0650477
0.0650477
0.0690689
0.0690689
0.0790835
0.0790835
0.0805284
0.0805284
0.0542495
0.0542495
0.054912
0.054912
0.0626376
0.0626376
0.0637806
0.0637806
0.0684164
0.0684164
0.201782
0.201782
0.196908
0.196908
0.204767
0.204767
0.212287
0.212287
0.163491
0.163491
0.168224
0.168224
0.140331
0.140331
0.157971
0.157971
0.142101
0.142101
0.0979152
0.0979152
0.123023
0.123023
0.102341
0.102341
0.00652293
0.00652293
0.00535948
0.00535948
0.00676668
0.00676668
0.0191785
0.0191785
0.03382
0.03382
0.0223105
0.0223105
0.0137762
0.0137762
0.0187025
0.0187025
0.0138374
0.0138374
0.0113424
0.0113424
0.0241731
0.0241731
0.0277884
0.0277884
-0.252568
-0.252568
-0.374141
-0.374141
0.655571
0.655571
0.550128
0.550128
0.323897
0.323897
0.206543
0.206543
0.207591
0.207591
0.202305
0.202305
0.204728
0.204728
0.211676
0.211676
0.219856
0.219856
0.217682
0.217682
0.2094
0.2094
0.19753
0.19753
0.198044
0.198044
0.195818
0.195818
0.19571
0.19571
-0.113181
-0.113181
-0.298533
-0.298533
-0.175703
-0.175703
-0.267552
-0.267552
-0.433275
-0.433275
0.310374
0.310374
0.0714927
0.0714927
0.0230401
0.0230401
0.00878761
0.00878761
0.202766
0.202766
0.902424
0.902424
0.709497
0.709497
0.615387
0.615387
0.59735
0.59735
-0.658694
-0.658694
-0.1553
-0.1553
-0.541358
-0.541358
0.176101
0.176101
-0.0987569
-0.0987569
0.541494
0.541494
0.593505
0.593505
0.619056
0.619056
0.561162
0.561162
0.516039
0.516039
-0.432159
-0.432159
0.0447035
0.0447035
-0.246126
-0.246126
-0.196885
-0.196885
-0.0951871
-0.0951871
-0.170098
-0.170098
0.534928
0.534928
0.354004
0.354004
0.365096
0.365096
0.41108
0.41108
0.452326
0.452326
0.363269
0.363269
0.33874
0.33874
0.337281
0.337281
0.389214
0.389214
0.391126
0.391126
0.148218
0.148218
-0.023484
-0.023484
-0.0641598
-0.0641598
-0.100738
-0.100738
0.347264
0.347264
0.203755
0.203755
0.258097
0.258097
0.191401
0.191401
0.200347
0.200347
0.203175
0.203175
0.204539
0.204539
0.18994
0.18994
0.194937
0.194937
0.195075
0.195075
0.195362
0.195362
0.198181
0.198181
0.2043
0.2043
0.203598
0.203598
0.204362
0.204362
0.206477
0.206477
-0.0152441
-0.0152441
-0.0130316
-0.0130316
-0.0412293
-0.0412293
-0.174787
-0.174787
-0.172323
-0.172323
-0.240691
-0.240691
-0.107276
-0.107276
0.147439
0.147439
0.110311
0.110311
0.295515
0.295515
0.384296
0.384296
0.071292
0.071292
-0.0815431
-0.0815431
-0.0588816
-0.0588816
0.0306321
0.0306321
0.152014
0.152014
0.156945
0.156945
0.113475
0.113475
0.161388
0.161388
0.168088
0.168088
0.142775
0.142775
0.205219
0.205219
0.19618
0.19618
0.0464501
0.0464501
0.0576413
0.0576413
0.0414347
0.0414347
0.0356846
0.0356846
0.102852
0.102852
0.118721
0.118721
0.115621
0.115621
0.0501286
0.0501286
0.0524754
0.0524754
0.0376604
0.0376604
0.0366852
0.0366852
0.0803983
0.0803983
0.0546182
0.0546182
0.0650501
0.0650501
0.0708075
0.0708075
0.0224765
0.0224765
0.0232959
0.0232959
0.0342855
0.0342855
0.0417551
0.0417551
0.0388584
0.0388584
0.0431239
0.0431239
0.19656
0.19656
0.195442
0.195442
0.1996
0.1996
0.209551
0.209551
0.215483
0.215483
0.231919
0.231919
0.206933
0.206933
0.181377
0.181377
0.17246
0.17246
0.177269
0.177269
0.158969
0.158969
0.173075
0.173075
0.163283
0.163283
0.175907
0.175907
0.18358
0.18358
0.194461
0.194461
0.193744
0.193744
0.194756
0.194756
0.181974
0.181974
0.182447
0.182447
0.179584
0.179584
0.182692
0.182692
0.158001
0.158001
0.137623
0.137623
0.130283
0.130283
0.0176456
0.0176456
0.0168732
0.0168732
0.0209725
0.0209725
0.0161397
0.0161397
0.0129055
0.0129055
0.0139531
0.0139531
0.0488809
0.0488809
0.0390635
0.0390635
0.0414522
0.0414522
0.0402808
0.0402808
0.0451958
0.0451958
0.0212125
0.0212125
0.0225168
0.0225168
-0.0951792
-0.0951792
0.0331081
0.0331081
-0.239935
-0.239935
-0.27765
-0.27765
-0.362391
-0.362391
0.644798
0.644798
0.709898
0.709898
0.552224
0.552224
0.472257
0.472257
0.494807
0.494807
0.585796
0.585796
0.616301
0.616301
0.387974
0.387974
0.470691
0.470691
0.465583
0.465583
0.649277
0.649277
0.720316
0.720316
0.197555
0.197555
0.20449
0.20449
0.203791
0.203791
0.198298
0.198298
0.198599
0.198599
-0.0150981
-0.0150981
-0.0172365
-0.0172365
-0.0809349
-0.0809349
-0.111614
-0.111614
-0.259384
-0.259384
-0.33321
-0.33321
0.415487
0.415487
0.520002
0.520002
0.501047
0.501047
0.292578
0.292578
0.302428
0.302428
0.31977
0.31977
0.259483
0.259483
0.290494
0.290494
0.295382
0.295382
0.126342
0.126342
0.199878
0.199878
0.246014
0.246014
0.206268
0.206268
0.242002
0.242002
0.26106
0.26106
0.233688
0.233688
0.256178
0.256178
0.213499
0.213499
0.180304
0.180304
0.178048
0.178048
0.12461
0.12461
0.135261
0.135261
0.116741
0.116741
0.105465
0.105465
0.195844
0.195844
0.179024
0.179024
0.182652
0.182652
0.178344
0.178344
0.200084
0.200084
0.227674
0.227674
0.217755
0.217755
0.232431
0.232431
0.249094
0.249094
0.184705
0.184705
0.152779
0.152779
0.157106
0.157106
0.176372
0.176372
0.149752
0.149752
0.160396
0.160396
0.171697
0.171697
-0.341161
-0.341161
-0.346756
-0.346756
-0.276312
-0.276312
-0.733144
-0.733144
-0.594255
-0.594255
-0.449789
-0.449789
-0.555281
-0.555281
-0.644047
-0.644047
-0.397448
-0.397448
-1.09056
-1.09056
-0.825406
-0.825406
-1.39
-1.39
-0.134427
-0.134427
0.887142
0.887142
0.519052
0.519052
0.5394
0.5394
0.455737
0.455737
0.415856
0.415856
0.419777
0.419777
0.503613
0.503613
0.496011
0.496011
0.3339
0.3339
0.347945
0.347945
0.354701
0.354701
0.283528
0.283528
0.322348
0.322348
0.379661
0.379661
0.367265
0.367265
0.057165
0.057165
0.0344866
0.0344866
-0.0396335
-0.0396335
0.0153433
0.0153433
-0.0858568
-0.0858568
-0.0671405
-0.0671405
0.11031
0.11031
0.0557208
0.0557208
-0.0044867
-0.0044867
0.00287013
0.00287013
0.166571
0.166571
0.0556646
0.0556646
0.113316
0.113316
0.159878
0.159878
0.102408
0.102408
0.0680374
0.0680374
0.230022
0.230022
0.300583
0.300583
0.2834
0.2834
0.256338
0.256338
0.179658
0.179658
0.187509
0.187509
0.220234
0.220234
0.259367
0.259367
0.279574
0.279574
0.314399
0.314399
0.194234
0.194234
0.200374
0.200374
0.201882
0.201882
0.197823
0.197823
0.196946
0.196946
0.198545
0.198545
0.199473
0.199473
0.20008
0.20008
0.201549
0.201549
0.202229
0.202229
0.203026
0.203026
0.0260363
0.0260363
0.0354455
0.0354455
0.008667
0.008667
0.0176644
0.0176644
0.0338613
0.0338613
0.0180578
0.0180578
0.0574921
0.0574921
0.0330804
0.0330804
0.0479863
0.0479863
0.049745
0.049745
0.0266904
0.0266904
0.00469551
0.00469551
0.0174121
0.0174121
0.0337885
0.0337885
0.156312
0.156312
0.18452
0.18452
0.186146
0.186146
0.137713
0.137713
0.239837
0.239837
0.348792
0.348792
0.387374
0.387374
0.341039
0.341039
0.215423
0.215423
0.244377
0.244377
0.287837
0.287837
0.0878331
0.0878331
0.0959622
0.0959622
0.0808416
0.0808416
0.106577
0.106577
0.0972422
0.0972422
0.0403115
0.0403115
0.0377006
0.0377006
0.0374376
0.0374376
0.0466855
0.0466855
0.0447247
0.0447247
0.0333064
0.0333064
0.0290156
0.0290156
0.0274266
0.0274266
0.0308251
0.0308251
0.0352509
0.0352509
0.0331422
0.0331422
0.182139
0.182139
0.175804
0.175804
0.173836
0.173836
0.166883
0.166883
0.168098
0.168098
0.184719
0.184719
0.188224
0.188224
0.188523
0.188523
0.191366
0.191366
0.193401
0.193401
0.188541
0.188541
0.193109
0.193109
0.193687
0.193687
0.0370803
0.0370803
0.0210664
0.0210664
0.0266346
0.0266346
0.0279416
0.0279416
0.0225575
0.0225575
0.0225499
0.0225499
0.0250411
0.0250411
0.260646
0.260646
0.141334
0.141334
0.236203
0.236203
0.0991338
0.0991338
-0.151879
-0.151879
-0.0532138
-0.0532138
0.403859
0.403859
0.57499
0.57499
0.51516
0.51516
0.671399
0.671399
0.610326
0.610326
0.546748
0.546748
0.577611
0.577611
0.683281
0.683281
0.422221
0.422221
0.577585
0.577585
0.529733
0.529733
0.681392
0.681392
0.673433
0.673433
0.72466
0.72466
0.582665
0.582665
-0.192927
-0.192927
-0.580292
-0.580292
-0.231232
-0.231232
-0.466573
-0.466573
-0.656851
-0.656851
-0.104921
-0.104921
-0.0979322
-0.0979322
-0.0927624
-0.0927624
-0.160917
-0.160917
-0.21578
-0.21578
-0.00395893
-0.00395893
0.0243986
0.0243986
0.00997037
0.00997037
0.259663
0.259663
0.0654768
0.0654768
0.206638
0.206638
-0.160808
-0.160808
-0.103874
-0.103874
0.247178
0.247178
-0.0273696
-0.0273696
0.110034
0.110034
0.29914
0.29914
0.319291
0.319291
0.335341
0.335341
0.304471
0.304471
0.33307
0.33307
0.256763
0.256763
0.25245
0.25245
0.262104
0.262104
0.278007
0.278007
0.266653
0.266653
-1.17686
-1.17686
-1.11375
-1.11375
-1.75988
-1.75988
-1.12905
-1.12905
-0.816581
-0.816581
-0.18669
-0.18669
-0.478901
-0.478901
0.375122
0.375122
0.221877
0.221877
0.441418
0.441418
0.383922
0.383922
0.330942
0.330942
0.271121
0.271121
0.245506
0.245506
0.316279
0.316279
0.0505715
0.0505715
0.15084
0.15084
0.124784
0.124784
0.134149
0.134149
0.0574115
0.0574115
-0.0137537
-0.0137537
0.271503
0.271503
0.264074
0.264074
0.302354
0.302354
0.322895
0.322895
0.29683
0.29683
0.326152
0.326152
0.194513
0.194513
0.191019
0.191019
0.195807
0.195807
0.190673
0.190673
0.181552
0.181552
0.182069
0.182069
0.110495
0.110495
0.0823104
0.0823104
0.121175
0.121175
0.101916
0.101916
0.0556989
0.0556989
0.0534955
0.0534955
0.0395369
0.0395369
0.038125
0.038125
0.0314027
0.0314027
0.0306812
0.0306812
0.0399719
0.0399719
0.0399209
0.0399209
0.284936
0.284936
0.284606
0.284606
0.126725
0.126725
0.228785
0.228785
-0.0361752
-0.0361752
-0.101538
-0.101538
-0.148916
-0.148916
0.0474234
0.0474234
0.0838437
0.0838437
0.0795904
0.0795904
0.47492
0.47492
0.585339
0.585339
0.530279
0.530279
0.55336
0.55336
0.450671
0.450671
0.47568
0.47568
0.3821
0.3821
0.1045
0.1045
0.219494
0.219494
0.264063
0.264063
0.375922
0.375922
-0.759466
-0.759466
-0.952166
-0.952166
-0.829462
-0.829462
0.579074
0.579074
0.414333
0.414333
-0.0433313
-0.0433313
-0.361292
-0.361292
-0.388658
-0.388658
0.0429084
0.0429084
0.138525
0.138525
0.100695
0.100695
0.152816
0.152816
0.207858
0.207858
0.212188
0.212188
-0.789354
-0.789354
-0.622169
-0.622169
-0.900173
-0.900173
-0.765148
-0.765148
-0.575517
-0.575517
-0.514639
-0.514639
-0.454603
-0.454603
-0.737377
-0.737377
-0.732086
-0.732086
))
(300 (2 1 3 0 0 1 918)(
0.986708 -0.00399569 0 
0.00500631 2.96624 0 
-0.00396024 1.7063 0 
0.97435 0.00816854 0 
-0.00551519 1.67631 -1.59687e-21 
-0.00702741 2.94883 -2.22951e-18 
0.973987 1.34039 5.89308e-19 
0.5393 0.285251 -9.45006e-21 
0.999924 -0.00158867 0 
0.0305793 1.59649 0 
0.00212349 1.63337 0 
0.894601 0.0114167 0 
0.0109975 2.93081 0 
-0.00126548 2.79728 0 
-0.0224187 3.23154 1.02152e-18 
0.00823991 1.63472 -2.67756e-20 
0.677857 0.129925 5.6902e-19 
0.246762 1.88418 5.53965e-19 
0.968626 0.0216776 0 
-3.21101e-05 1.64135 0 
0.161136 0.286591 -6.07231e-19 
0.998988 -0.00358054 0 
0.999702 -0.00794732 0 
0.971935 -0.00684261 0 
0.841727 -0.0118453 0 
-0.000387777 2.63993 0 
-0.0149373 2.90998 8.04281e-19 
-0.00619452 1.71965 0 
-0.000501831 1.76489 0 
0.00112568 1.73129 0 
0.00296019 1.79178 0 
-0.0029919 1.68894 1.26601e-21 
-0.00867143 1.63033 0 
-0.0207361 2.98757 -7.94075e-23 
-0.0166968 3.00525 1.73282e-18 
0.00207292 3.00016 0 
0.939514 0.00797345 0 
0.169629 0.405853 -2.31845e-19 
0.901433 1.39639 -6.54836e-19 
1.04995 1.1266 7.55229e-19 
0.785164 1.60994 -1.33855e-19 
0.865918 1.58069 8.14032e-19 
0.586611 0.344489 9.22067e-21 
0.581664 0.265463 0 
1.20586 0.581248 0 
0.555187 0.347192 4.42932e-20 
0.518314 0.287132 -4.59559e-20 
0.929851 0.00423721 0 
1.00079 -0.000253633 0 
1.00018 0.000633521 0 
0.993855 -0.00799481 0 
1.00011 -0.00249477 0 
1.00094 -0.000219281 0 
0.0341716 1.57901 -5.26283e-19 
0.0319327 1.716 0 
0.0915554 1.64524 0 
-0.00194015 1.69351 0 
-0.00127503 1.59247 0 
-0.00302191 1.63692 0 
-0.00785986 1.69417 0 
-0.0106496 1.62292 0 
-7.29696e-06 1.70479 0 
0.00854882 1.62643 0 
0.957753 0.00452164 0 
0.942677 0.0110822 0 
0.910798 0.00817965 0 
0.928862 0.0194974 0 
0.879968 0.0117128 0 
0.014679 3.00043 8.23085e-19 
0.0114354 3.008 0 
0.00610297 3.00269 0 
0.0134292 2.99721 9.28133e-24 
0.00807779 2.9586 -1.22331e-18 
0.0145159 2.98237 0 
0.0112678 2.90392 0 
0.0252072 2.93022 1.79708e-24 
0.00322764 2.82661 0 
0.033069 2.91522 0 
-0.0110936 2.74524 0 
0.321759 3.63756 0 
-0.130272 3.7326 0 
0.147911 3.31758 -9.50844e-19 
0.00729474 3.03245 0 
-0.00631096 1.76027 0 
0.00318084 1.70059 2.64168e-20 
0.00390142 1.6437 -2.78983e-20 
0.713856 0.167425 -1.95971e-19 
0.685675 0.0966291 -1.91822e-19 
0.714786 0.200735 -5.90266e-19 
0.665493 0.170428 -3.97837e-19 
0.219035 1.33762 0 
0.332284 1.96317 -6.36021e-19 
0.489252 1.92099 1.0352e-18 
0.981357 0.0161148 0 
0.935258 0.023042 0 
1.00074 0.000546244 0 
1.00039 0.00825921 0 
0.997352 0.0232015 -1.10591e-18 
0.984441 0.026502 8.47507e-19 
-0.00303066 1.69601 0 
-0.000424614 1.63938 0 
8.37229e-05 1.73864 0 
-0.00571941 1.70991 0 
0.00278013 1.65038 0 
0.291895 0.354898 1.86147e-19 
0.351677 0.309997 0 
0.991434 -0.00691895 0 
0.953327 0.00127215 0 
0.907797 0.00199774 0 
0.896842 0.00544965 0 
0.876858 -0.015309 0 
1.07419 0.000852835 0 
0.852073 0.0488519 0 
0.762862 0.0306305 7.58005e-19 
-0.0399744 2.8728 5.27015e-19 
0.0435681 2.90504 0 
0.0551728 2.88009 0 
-0.0168241 2.69902 0 
-0.0128971 2.98576 7.54492e-19 
-0.0192587 2.89531 0 
-0.0151027 2.98884 -2.35328e-18 
-0.0129593 2.92541 8.06535e-19 
0.0015403 1.77725 0 
0.00146205 1.76779 0 
0.00614844 1.70655 -4.74816e-22 
-0.00601303 1.69929 0 
0.00178181 1.63354 0 
0.977402 0.0065193 0 
0.943822 0.00744967 0 
0.92766 -0.00731533 0 
0.974653 0.0102935 0 
0.936895 -0.00337143 0 
0.290846 0.768108 2.73009e-19 
0.295815 0.871646 0 
0.378031 0.544025 -3.27746e-20 
0.144149 0.132945 0 
1.0014 1.18778 -2.13449e-19 
1.11021 0.928647 4.70343e-19 
0.483912 1.92587 0 
0.650372 1.80262 0 
0.71643 1.7901 0 
0.485838 0.821404 -3.41107e-19 
0.640412 0.306052 0 
0.620088 0.223897 1.1485e-19 
1.0735 0.996564 0 
1.1369 0.814046 0 
1.15625 0.748071 -4.25919e-19 
1.19633 0.64298 0 
1.25544 0.42106 6.57614e-20 
0.971136 -0.00503364 0 
0.965342 0.00229394 0 
0.931987 -0.00466324 0 
0.972205 0.00431437 0 
0.96026 0.00461175 0 
0.931143 0.00807924 0 
0.999528 0.0010931 0 
1.00033 0.00197044 0 
0.99978 0.00110667 0 
0.0254699 1.60206 2.82464e-19 
0.045916 1.52125 0 
0.014941 1.65451 4.80916e-19 
0.0135268 1.62186 -4.17269e-19 
0.17584 1.87737 -4.59604e-19 
0.0622817 1.76115 0 
0.120201 1.75795 0 
-0.00945624 1.7006 0 
0.00424129 1.60678 0 
-0.0024431 1.69288 -1.31117e-21 
0.00514641 1.63342 0 
0.000884435 1.69729 -6.91017e-20 
-0.00174951 1.63994 1.30221e-19 
-0.0038324 1.70247 0 
-0.0183223 1.69122 0 
-0.00467416 1.60761 0 
0.0070257 1.7 0 
0.00611593 1.62618 0 
1.00749 0.00452752 0 
0.96514 0.000974097 0 
0.991169 0.00945382 0 
0.948687 0.0100363 0 
0.917317 0.00141748 0 
0.960713 0.00384419 0 
0.960719 0.000701959 0 
0.917526 -0.00952466 0 
0.00482891 3.06662 -7.52194e-21 
0.0179168 3.0563 0 
0.0149887 2.96869 0 
0.0089625 2.87606 0 
0.902838 4.05666 0 
1.2012 3.33741 1.00904e-18 
0.0797876 3.11462 0 
-0.0180243 2.93048 0 
-0.000382053 1.75176 0 
-0.00801552 1.75248 0 
-0.00442921 1.75414 0 
-0.00773811 1.78675 2.10557e-21 
-0.0115361 1.76997 0 
-0.00103599 1.77187 0 
0.00769456 1.63933 5.62222e-21 
0.000786258 1.70389 4.01175e-20 
-0.00837142 1.70792 2.85672e-20 
-0.000629823 1.64325 0 
0.74797 0.129467 2.89588e-19 
0.705907 0.0535419 -2.79976e-19 
0.197127 1.41736 0 
0.298065 1.2757 -2.30573e-19 
0.129752 1.44339 -6.75966e-19 
0.151653 1.38453 6.74681e-19 
0.915553 -0.00113596 0 
0.962545 0.00359019 0 
0.966254 0.01149 0 
0.912453 0.00592553 0 
-0.00218879 1.69949 0 
-0.000620071 1.70079 0 
-0.00146023 1.63539 0 
0.500355 0.370155 4.16248e-19 
0.434067 0.371656 -5.43022e-19 
0.466896 0.289157 0 
1.186 0.0808744 -2.19567e-21 
1.17239 0.03751 0 
1.10082 0.03935 0 
1.02053 0.00896513 0 
0.762602 0.0840489 0 
0.781565 0.0798353 -1.22086e-18 
0.72226 0.029469 4.66083e-19 
0.0105653 2.983 5.95535e-19 
-0.0328878 2.87199 4.76616e-20 
0.00360486 3.05108 -1.60133e-20 
0.020097 3.04278 5.70234e-19 
-0.0150589 2.99703 2.65696e-20 
-0.012896 2.94961 -1.07356e-22 
-0.0169959 3.01197 -4.96953e-19 
0.0144907 3.02427 3.58449e-19 
0.00718634 3.03625 -5.61927e-19 
0.992488 0.0108879 0 
0.988406 0.00423445 0 
0.949248 0.00446386 0 
0.964801 -0.00528137 0 
0.968483 -0.00880427 0 
0.922141 -0.017828 0 
0.96448 0.00859014 0 
0.963788 -0.00119367 0 
0.920884 -0.00110331 0 
0.473816 1.17315 4.35773e-19 
0.565366 1.34657 0 
0.314522 0.358732 5.46528e-20 
0.517654 0.672608 2.1891e-19 
0.468096 0.567415 1.45473e-20 
0.170176 0.147308 -9.26252e-20 
0.474686 1.11045 1.66154e-18 
0.493297 1.02062 3.58204e-19 
0.685376 0.249341 4.2956e-19 
0.664185 0.273624 1.03331e-19 
0.643047 0.205974 2.1616e-19 
1.23783 0.475059 2.70471e-19 
1.25257 0.258844 2.95181e-19 
-0.00603538 1.68301 1.94716e-19 
-0.00686179 1.62983 0 
1.04926 0.0233052 0 
1.0161 0.0156468 0 
0.996436 0.00704853 0 
0.010531 3.07338 0 
0.0195928 2.94347 1.02635e-18 
0.0162993 2.95568 0 
0.00624553 2.85084 -1.01858e-18 
0.00457848 3.09006 2.48333e-19 
0.00623426 3.08418 0 
0.605344 1.70968 -2.12254e-19 
1.1833 2.50005 5.30161e-19 
0.618737 1.89667 -1.40104e-18 
0.0221264 2.98847 -4.83523e-19 
0.0436274 3.02161 0 
-0.0347587 2.88948 0 
-0.00600136 1.69056 -9.70177e-21 
0.00235304 1.69548 -9.38904e-20 
-0.0027838 1.63718 -3.87903e-21 
0.258955 1.35208 7.34868e-19 
0.346975 1.2308 -5.13201e-19 
0.0334567 1.54783 4.50783e-19 
0.0767705 1.50646 -5.65564e-19 
0.0768882 1.44149 6.60597e-20 
0.00213605 3.11866 -1.51018e-18 
0.0163061 3.11742 1.61996e-18 
-0.00787278 2.97964 6.81919e-19 
-0.00161459 2.97813 -6.27148e-19 
-0.0197646 2.88337 -6.94514e-19 
0.00882808 3.09701 -1.84086e-18 
0.00136659 3.10468 1.79752e-18 
0.508791 0.987412 0 
0.541305 0.818109 -1.13843e-18 
0.450433 0.61848 5.21702e-19 
0.431185 1.21174 9.883e-19 
0.457984 1.12945 -1.53444e-18 
1.26121 0.169105 -4.86281e-20 
1.25721 0.309863 0 
1.24844 0.119668 1.17045e-19 
0.00448227 1.68822 -1.68282e-21 
-0.0124164 1.68278 0 
0.000624651 1.61783 0 
0.303237 1.32822 -2.66933e-19 
0.36444 1.30061 -6.16545e-19 
0.404029 1.19827 1.13192e-18 
1.00215 -0.0331229 0 
1.00485 -0.0206438 2.04929e-19 
0.00175905 1.77601 0 
-0.00693577 1.78353 0 
1.00303 0.00609052 3.56082e-21 
0.996635 0.0119217 4.19067e-19 
-0.00896867 1.78651 -2.72497e-21 
-0.00885285 1.78611 0 
0.0621078 3.1932 3.13425e-19 
0.446683 3.59002 0 
1.11058 0.619713 4.66215e-20 
1.011 0.00924774 -1.42022e-21 
1.00441 0.0125058 0 
1.0038 -0.00302902 -3.31902e-22 
0.0535558 1.84042 0 
0.0892501 1.70713 0 
0.00216082 1.79379 0 
0.0108424 1.77398 9.35107e-20 
0.0030672 1.76761 4.64359e-20 
0.994697 0.0210796 1.57816e-21 
1.04058 -0.000704404 0 
1.06331 0.0311878 0 
-0.0052715 1.74902 0 
-0.000435543 1.78029 0 
-0.00368838 1.78543 0 
0.214789 1.92722 -2.44095e-19 
0.998951 -0.0320133 0 
0.991373 -0.0285866 0 
1.01229 -0.00187952 2.5907e-19 
1.005 -0.0136383 -3.0436e-19 
1.00361 -0.00263758 0 
0.0028494 1.73859 0 
0.00496732 1.76574 0 
0.00382985 1.75025 0 
-0.00860067 1.78786 0 
-0.00670667 1.78239 0 
-0.0105291 1.7867 0 
1.01813 -0.00118091 0 
1.01389 0.00849495 -8.8075e-22 
0.662816 1.32108 3.33278e-19 
1.00389 -1.20189e-05 -2.54605e-19 
1.0082 0.0113651 3.16113e-19 
1 0.00205198 0 
1.01332 0.0143151 2.45804e-19 
1.00179 0.00898438 -3.16987e-19 
0.989564 0.0187038 0 
-0.00247993 1.7875 0 
-0.00721413 1.78727 1.72792e-20 
-0.00725236 1.78704 -1.28083e-20 
1.15652 0.24947 -1.85033e-20 
1.09979 0.0810062 0 
0.0316218 3.0667 -7.83169e-19 
0.07298 2.83761 -5.85342e-20 
0.181843 3.17252 1.36643e-18 
0.1799 3.20888 -1.11665e-19 
0.162366 3.26688 0 
0.0148446 3.1445 1.93699e-19 
0.0877974 3.15113 7.66229e-19 
0.0853263 3.17235 -3.8107e-19 
0.0239265 3.13216 0 
0.699937 0.356141 0 
0.637608 0.390307 0 
1.02071 0.636845 -1.8166e-19 
1.05044 0.805117 2.85923e-19 
1.12021 0.537014 0 
1.15845 0.532604 0 
1.01421 0.000754662 -4.82602e-19 
1.01879 -0.0026658 5.99354e-19 
1.01241 0.00883538 0 
1.01326 0.0108667 0 
1.01104 0.00436734 0 
1.01992 0.00865654 0 
1.00987 -0.00395005 0 
1.02381 0.0125724 0 
1.02007 0.0168886 0 
1.02098 0.00785272 0 
0.0310434 1.82671 0 
0.00686518 1.83129 0 
0.0920713 1.86965 0 
0.0696161 1.88197 0 
0.0831077 1.69989 0 
0.0686612 1.67785 -3.03025e-19 
0.0845779 1.73113 0 
0.0600712 1.72926 1.6152e-19 
0.00784342 1.75198 -1.68681e-19 
0.00313929 1.79318 0 
0.00158359 1.79163 0 
0.00397512 1.79927 0 
0.00444998 1.81517 0 
0.00202593 1.76356 -5.32667e-20 
-0.00140483 1.77187 6.3276e-20 
0.00189774 1.77877 8.02861e-20 
0.00155723 1.77632 0 
0.00474517 1.7731 -1.03727e-19 
0.0086601 1.77118 -6.7365e-20 
-0.000684894 1.76092 4.34753e-20 
-0.00738561 1.76361 -8.46788e-20 
-0.00312029 1.77183 -9.99537e-20 
1.00144 0.0212629 4.5405e-19 
1.00541 0.0114183 -5.52829e-19 
1.00097 0.0123685 -4.84114e-19 
0.976996 0.00768186 6.04749e-19 
1.03998 0.00616135 0 
1.04595 -0.00947383 0 
1.05683 0.0285044 0 
1.04405 0.000351331 0 
1.06288 0.0163112 0 
1.08031 0.0743243 0 
1.0643 0.0363728 0 
1.08855 0.0324829 0 
-0.00753182 1.78684 -1.57437e-21 
-0.00585624 1.75666 0 
-0.0116315 1.77246 0 
0.00323935 1.7824 1.34394e-20 
0.00396763 1.78172 -8.49406e-22 
0.015634 1.73669 2.09135e-20 
0.0043812 1.74038 -2.14099e-20 
-0.00384976 1.77447 0 
-0.00128781 1.7711 0 
-0.000520412 1.76833 0 
0.000424037 1.7864 0 
0.000654133 1.78198 0 
0.348778 1.90625 3.87477e-19 
0.345323 1.91026 1.81547e-19 
0.308667 1.5767 -1.81697e-19 
0.144196 1.60599 4.58357e-19 
0.246382 1.68136 1.18889e-19 
1.00174 0.0116054 0 
0.990687 -0.0173925 0 
0.987096 -0.0137765 0 
1.03153 -0.0112575 0 
1.01831 -0.0221382 0 
1.01233 -0.0229219 0 
1.00037 -0.0166712 0 
1.01116 0.00450669 0 
1.01396 0.00736528 4.44876e-19 
1.01801 0.00762264 -5.66632e-19 
1.01296 0.00679249 -4.34685e-19 
1.01373 -0.00273965 5.68387e-19 
0.660557 1.46221 0 
0.573576 1.58955 3.13411e-19 
0.775559 1.21873 1.95153e-19 
0.834849 1.16257 -2.59731e-19 
0.810309 2.46672 -1.05491e-18 
0.839226 0.109286 2.90183e-19 
1.10468 0.0846019 0 
1.13105 0.163779 1.65911e-20 
1.13716 0.141162 1.61684e-21 
0.971175 0.0961026 0 
0.172226 2.9235 3.71619e-19 
0.132155 2.82766 -1.10393e-18 
-0.0170381 2.39212 7.37716e-19 
0.0867965 0.187477 -2.98928e-19 
0.388076 3.49451 -4.15234e-19 
0.248515 3.34089 0 
0.271585 3.44039 5.40663e-19 
0.295707 3.01834 -1.44242e-18 
0.426362 3.22875 0 
0.0102195 3.11974 3.81239e-20 
0.018329 3.12813 -4.63313e-19 
0.0172183 3.12455 6.81943e-19 
0.0401819 3.13842 0 
0.0378804 3.14708 0 
0.96395 2.60154 0 
0.589343 0.711846 -1.29532e-19 
0.943444 0.971577 -1.39945e-19 
0.899026 1.01263 0 
0.713924 0.955941 4.86893e-20 
0.981408 0.822916 1.31747e-20 
0.390457 0.538776 -7.28746e-19 
0.71748 0.341142 -2.38344e-20 
0.731163 0.308779 2.187e-19 
0.621231 0.441113 1.93099e-20 
0.566888 0.428867 -8.17986e-19 
0.697258 0.371573 0 
0.699562 0.425634 3.62764e-19 
0.694123 0.407039 0 
0.652964 0.40349 0 
0.666941 0.377003 0 
0.773073 0.552024 1.00188e-19 
1.16433 0.263253 1.50227e-20 
1.14664 0.397557 0 
1.18221 0.353656 0 
0.797664 0.220745 3.38144e-19 
0.798302 0.494863 -1.80474e-19 
0.712644 0.461326 2.84395e-19 
0.876234 0.407478 -2.7922e-19 
1.01944 -0.00301079 3.03795e-19 
1.01888 -0.00658716 -3.10423e-19 
1.01955 -0.00487596 0 
1.01851 0.00355163 0 
1.01893 0.0115078 -2.90767e-19 
1.02138 -0.00152233 2.82145e-19 
1.0119 0.00122088 0 
1.00766 0.00223711 0 
1.02655 0.00102206 0 
1.02111 -0.00603678 0 
1.01958 0.00549864 0 
1.0236 0.0041137 0 
-0.00116228 1.83158 0 
-0.0012949 1.82807 0 
0.145439 1.85331 3.23146e-21 
0.207029 1.90264 1.14982e-19 
0.104545 1.92228 2.51868e-19 
0.108577 1.92453 -4.08756e-19 
0.152703 1.86933 0 
0.137731 1.75811 -1.17699e-19 
0.131955 1.77114 0 
0.24575 1.67801 -1.73128e-19 
0.186586 1.63578 5.56138e-19 
0.160204 1.79581 1.06913e-19 
0.20966 1.85478 3.80292e-20 
0.168625 1.86417 -3.04369e-20 
0.254019 1.80189 -9.99589e-20 
0.200901 1.76248 0 
0.204892 1.75525 9.54671e-20 
0.0214537 1.76771 -4.93566e-20 
0.00364847 1.7441 0 
0.0354659 1.73178 1.83157e-19 
0.0147943 1.73633 0 
0.0462642 1.73273 -1.79516e-19 
0.0149763 1.73699 0 
0.00177807 1.76385 -3.9799e-20 
0.00540326 1.76121 0 
0.00312635 1.77025 0 
0.00437538 1.76646 4.57222e-20 
0.0129587 1.77349 -2.1011e-22 
0.0192116 1.76838 2.03343e-19 
0.0162465 1.77541 1.37516e-21 
-0.00715666 1.76044 3.32567e-20 
-0.00629372 1.75958 2.13058e-20 
0.00359241 1.79075 0 
-0.00231712 1.78658 0 
0.0143537 1.76585 1.11968e-19 
0.0113316 1.76423 8.21759e-20 
0.00824459 1.75975 -1.1562e-19 
0.0294901 1.7827 0 
0.011241 1.75779 -5.63338e-20 
0.00446268 1.75941 2.6095e-20 
0.00133638 1.76064 -8.18437e-21 
-0.00786437 1.76286 -4.17246e-20 
0.00778925 1.76741 -1.33723e-20 
0.00385224 1.77256 6.63768e-20 
1.01347 -0.00430367 -2.9988e-19 
1.01158 0.00662249 2.93643e-19 
1.01282 -0.00112563 0 
0.985575 0.0660248 4.46154e-19 
0.973151 0.0232339 -5.01275e-19 
0.943965 0.0122316 5.78975e-19 
0.980138 0.0785413 -5.83234e-20 
1.02684 0.00826562 0 
1.03595 0.0042381 2.63368e-19 
1.03358 0.00425863 -2.62542e-19 
1.01548 0.0274332 -1.52276e-20 
1.01974 0.0173219 1.34974e-19 
0.998449 0.0348107 0 
0.985315 0.0280935 -4.69663e-20 
1.00901 0.0186568 0 
1.00104 0.0236963 0 
1.01394 0.0029325 0 
1.01581 0.00176341 0 
1.00314 0.0120765 9.9197e-20 
1.00209 0.0170088 -2.17306e-19 
0.988114 0.0196823 -1.05255e-19 
0.980462 0.0121805 -1.16757e-19 
0.993377 0.052621 2.11696e-19 
1.0415 0.0466876 0 
1.03215 0.0966545 0 
0.022854 1.76124 -2.23375e-20 
0.0154575 1.75315 -2.3849e-21 
0.0216031 1.74916 0 
0.0117424 1.77522 2.28018e-20 
-0.00472232 1.78301 3.91465e-21 
0.00248821 1.78147 -4.18201e-21 
0.00933265 1.77346 5.89405e-20 
0.00105663 1.76465 -3.49632e-21 
0.00810021 1.76588 1.56753e-20 
0.011371 1.77226 -3.01594e-20 
0.00867759 1.77215 3.55872e-20 
0.00467246 1.76121 9.95416e-24 
0.0206177 1.75422 2.72575e-20 
0.331199 1.80448 -1.66424e-19 
0.268717 1.79243 9.64341e-20 
0.576103 1.71129 -2.99524e-19 
0.461209 1.85637 -1.8146e-19 
0.490318 1.7914 0 
0.334869 1.58064 1.87926e-19 
0.344725 1.56097 2.72414e-19 
0.198064 1.60452 3.99269e-20 
0.19127 1.59987 -6.24462e-19 
0.264785 1.60177 4.95561e-19 
0.289387 1.60611 0 
0.216761 1.60742 -3.81192e-19 
0.0730635 1.65804 7.82478e-19 
0.128469 1.6373 -4.38788e-20 
0.0531568 1.63353 -1.07e-18 
0.771114 1.46783 8.13502e-19 
0.596627 1.50519 0 
1.0367 -0.00776319 9.77976e-21 
1.02279 0.0192902 -8.41511e-21 
1.02023 0.0282632 -1.46712e-19 
1.02223 0.0180016 1.481e-19 
1.03165 -0.00233275 0 
0.327317 1.38672 0 
0.237097 1.25644 0 
0.530943 1.00765 0 
0.306414 1.0622 0 
0.82483 2.41871 1.84152e-19 
0.832184 2.09309 0 
0.460677 2.37377 4.83076e-21 
0.516067 1.81405 0 
0.617322 1.93305 -5.8224e-19 
0.582935 2.06344 3.59144e-19 
0.851561 0.138846 0 
0.830885 0.167347 8.41366e-20 
0.919242 0.107434 4.20996e-19 
0.863704 0.105557 -1.66711e-19 
0.849772 0.0796211 -5.21728e-19 
0.99683 0.200966 -2.59436e-19 
0.919745 0.277422 -1.24063e-20 
0.842721 0.262108 3.84837e-19 
0.916434 0.205224 2.95821e-19 
0.941567 0.145023 -5.352e-19 
0.912125 0.146761 6.83208e-20 
0.883358 0.219494 -1.38499e-19 
0.912969 0.177901 0 
0.961347 0.144348 2.55209e-19 
0.961736 0.142614 0 
0.963218 0.189721 0 
1.05316 0.0924197 9.07577e-20 
0.98586 0.128426 -1.37979e-20 
0.992968 0.193871 -4.67814e-20 
1.05154 0.185079 0 
1.01308 0.0326585 2.28099e-19 
1.0049 0.0424413 2.78983e-19 
1.0116 0.0383451 -2.24637e-19 
1.01553 0.0569949 -1.87788e-19 
0.998685 0.0652397 -3.14148e-19 
0.947852 0.0748737 0 
0.948084 0.0706855 0 
0.932805 0.0517553 -2.08152e-19 
0.910049 0.0630516 8.80509e-20 
1.00862 0.0872579 2.63424e-19 
0.991814 0.100179 -2.72628e-19 
1.00168 0.10685 2.39835e-19 
0.999162 0.115119 0 
1.00543 0.0873445 0 
0.99967 0.0817657 -1.15354e-19 
1.01098 0.0849106 -2.1097e-19 
0.019927 1.81779 -1.28571e-19 
0.189835 2.6816 1.04993e-19 
0.762256 3.04512 3.31593e-19 
0.996582 3.3318 -1.38131e-19 
0.937968 2.74107 1.20245e-18 
1.01825 2.76233 -4.57438e-19 
0.870841 2.13842 5.00546e-21 
0.938427 3.19025 4.43327e-19 
0.932014 3.13943 -5.75791e-19 
1.03668 3.46091 -3.34656e-19 
1.22748 3.11241 4.71681e-19 
1.25059 2.95189 0 
0.620179 0.689459 1.80288e-20 
0.258458 1.20769 5.3897e-19 
0.460814 0.650033 4.53217e-19 
0.334681 0.40833 5.45148e-19 
0.56337 0.451513 4.58669e-19 
0.568382 0.485882 -6.97927e-19 
0.547544 0.553458 5.72814e-19 
0.502717 0.505013 -2.66337e-19 
0.492663 0.470312 5.81339e-19 
0.799955 0.257246 -1.89945e-19 
0.759247 0.294908 0 
0.765357 0.274669 1.2272e-20 
0.693385 0.490968 1.83036e-19 
0.660146 0.46557 -6.81428e-19 
0.595894 0.507612 3.36719e-20 
0.638637 0.475838 0 
0.661484 0.614559 7.79526e-20 
0.776674 0.759052 -1.39678e-20 
0.700529 0.790873 2.87726e-21 
0.79576 0.697721 -1.53684e-20 
0.839253 0.81635 1.29546e-20 
0.833297 0.790004 -1.32547e-20 
0.806981 0.545968 -1.86289e-19 
0.877508 0.60888 1.44213e-20 
0.94606 0.653554 0 
0.939542 0.636184 -1.94756e-20 
0.945609 0.2887 7.05769e-20 
1.07638 0.282518 1.65085e-20 
0.982053 0.23714 1.05646e-19 
0.93057 0.333323 -1.55795e-19 
0.974511 0.393133 0 
1.02266 0.374721 0 
0.842513 0.335818 1.18119e-20 
0.810813 0.302816 0 
0.832169 0.282078 1.97884e-19 
0.835994 0.270815 -7.80244e-21 
0.865327 0.41004 7.6101e-19 
0.825976 0.47093 1.90232e-19 
0.817522 0.44346 -2.52557e-19 
0.752336 0.407163 2.73029e-19 
0.733542 0.408936 1.82674e-19 
0.717461 0.407232 -1.78825e-19 
1.01309 0.00826575 2.45945e-19 
1.01098 -0.000567269 0 
1.00918 0.0143318 1.62787e-19 
1.01245 0.0105468 -3.63773e-19 
1.0114 0.0041142 1.76288e-19 
1.01354 0.0102941 -3.68106e-19 
1.0109 0.00161418 0 
1.01001 -0.00617592 -7.65022e-20 
1.01328 0.00121659 1.93511e-19 
1.01804 -0.00403069 -9.77135e-20 
1.01691 -0.00243113 7.20365e-20 
0.00347716 1.81733 0 
0.00189391 1.772 0 
0.000456666 1.82332 0 
0.00412695 1.82147 0 
0.0273851 1.79184 6.02218e-20 
0.0404012 1.80704 -1.70924e-20 
0.0949273 1.78137 -3.2822e-20 
0.0983167 1.79478 -1.78057e-20 
0.0131958 1.7721 -7.77511e-20 
0.0132379 1.77616 5.6539e-20 
0.0223314 1.78824 -1.88848e-20 
0.00553827 1.79078 -1.91876e-20 
0.00590585 1.78603 -2.11091e-21 
0.00183731 1.77797 -7.64764e-21 
0.0609517 1.74184 -1.9547e-19 
0.0834951 1.74326 0 
0.0890832 1.73645 1.23884e-19 
0.112853 1.76754 7.68287e-20 
0.147561 1.71762 -8.59791e-20 
0.109749 1.65909 0 
0.109561 1.64557 -5.68484e-19 
0.163063 1.64052 3.9931e-19 
0.145001 1.72407 -2.40438e-19 
0.117504 1.7259 1.33207e-19 
0.08108 1.68938 0 
0.0192705 1.76443 -1.29437e-19 
0.0142554 1.76371 -1.77535e-19 
0.0123094 1.76254 0 
0.0291723 1.77089 -3.86212e-21 
0.0284528 1.77224 6.79004e-20 
0.00322639 1.77742 7.17991e-21 
0.00650231 1.78399 -1.1291e-19 
0.00512882 1.78063 2.87116e-20 
-0.00652024 1.76162 4.19679e-20 
0.00249623 1.76323 0 
0.000682784 1.78607 0 
-0.00206369 1.78707 3.35353e-20 
0.000640616 1.78863 -9.33525e-21 
0.000199188 1.78883 0 
-0.00269797 1.78803 2.84106e-20 
-0.00723698 1.78436 -5.45331e-20 
1.00459 0.0171032 0 
1.00583 0.0221405 -2.35099e-20 
1.00483 0.0126673 -1.72417e-19 
1.01361 0.0199795 0 
1.01494 0.0271871 0 
1.00034 0.00780924 -7.18457e-21 
1.00168 0.00816086 2.84872e-19 
1.00369 0.00963027 3.53722e-19 
1.0174 0.00512864 0 
1.01625 0.00656029 0 
1.00218 0.0163875 1.79463e-19 
1.00162 0.0145735 0 
1.00693 0.0135867 0 
0.00549812 1.74537 0 
0.0117396 1.76024 1.12038e-21 
0.010388 1.75202 1.33649e-20 
0.000921931 1.78614 0 
0.000571248 1.77018 1.71899e-20 
0.00408602 1.78102 -9.25403e-21 
-0.000280815 1.78626 0 
0.352022 1.72624 0 
0.290239 1.76484 -2.28653e-19 
0.268687 1.74579 0 
0.341517 1.75577 1.76347e-19 
0.361046 1.77356 0 
0.357609 1.79447 -3.55208e-20 
0.782398 1.81927 -1.76591e-20 
0.785089 1.45999 -9.76509e-19 
0.856946 1.44749 9.4064e-19 
0.639031 1.50371 2.81274e-19 
0.612843 1.62765 0 
0.676906 1.66748 0 
0.743095 1.46472 0 
0.703258 1.45941 -1.006e-18 
0.408001 1.73438 -5.26541e-19 
0.532171 1.61781 -1.45854e-19 
0.531493 1.74545 1.17684e-19 
0.401885 1.55648 0 
0.546933 1.53444 0 
0.466484 1.54531 -3.18555e-19 
0.495766 1.60963 0 
0.328094 0.927952 0 
0.429531 0.609397 9.0106e-19 
0.61834 0.565147 5.64039e-20 
0.00754092 1.15201 0 
0.332649 1.26704 -1.36397e-18 
0.709792 0.789491 4.19521e-20 
0.664855 0.898546 0 
0.663381 0.91325 -7.55354e-20 
0.551484 0.696073 0 
0.590414 0.744283 0 
0.752971 2.65899 1.29899e-19 
0.726126 2.93384 -1.26296e-20 
0.434324 2.75997 -1.105e-19 
0.395325 2.56406 -8.08695e-20 
0.802044 2.33431 0 
0.792566 2.24129 1.05036e-19 
0.841537 2.03187 8.58104e-20 
0.880156 1.77469 3.74936e-21 
0.236539 2.02706 0 
0.0202428 1.71639 1.11748e-19 
0.0859115 1.68498 0 
0.889131 0.193847 0 
0.833939 0.174389 0 
0.800689 0.175529 0 
0.873336 0.213238 -3.10824e-19 
0.818221 0.209629 1.97552e-19 
0.902001 0.0675353 -1.83324e-19 
0.91145 0.0895437 0 
0.913933 0.0896703 7.82067e-20 
0.866631 0.0845158 3.34066e-19 
0.873508 0.0717063 -2.06787e-19 
1.08441 3.53623 -7.72193e-19 
1.08117 3.50532 0 
1.10812 3.50603 -1.62319e-18 
0.673624 3.65458 1.65428e-18 
0.896168 3.21602 4.8685e-19 
0.666432 0.723138 -1.16162e-19 
0.553761 0.816009 0 
0.597969 0.580729 -8.61918e-20 
0.593144 0.641969 2.15183e-19 
0.55555 0.639685 -1.28291e-19 
0.527669 0.578525 1.4111e-19 
0.610528 0.532191 2.75943e-19 
0.669645 0.514451 0 
0.649528 0.622327 0 
0.579852 0.592455 0 
0.976819 0.55548 -4.19162e-20 
0.82684 0.488349 -1.83082e-19 
0.833947 0.52268 8.86421e-20 
0.857534 0.499827 -1.36648e-19 
0.995364 0.461153 0 
1.01936 0.522553 -7.95519e-21 
0.779344 0.374142 -4.10837e-19 
0.792449 0.368235 -4.64824e-19 
0.760195 0.368597 3.20865e-19 
0.752265 0.35006 -3.56251e-19 
0.79406 0.317848 -2.7012e-19 
0.754088 0.319011 3.32652e-19 
1.01241 -0.00469967 -1.87748e-19 
1.01876 -0.00212668 3.7374e-19 
1.002 0.00468138 2.3517e-19 
1.00381 0.0175452 -2.81486e-19 
0.996139 0.0209474 0 
1.00541 0.0061603 -4.43964e-19 
0.041031 1.78501 2.96784e-20 
0.0392908 1.78012 0 
0.0583263 1.76917 2.39304e-19 
0.0842191 1.78441 -2.11847e-19 
0.0708129 1.79552 6.13907e-20 
0.0538574 1.78078 0 
-0.00740354 1.75573 0 
-0.00293972 1.77294 -1.1321e-20 
0.000847668 1.77991 1.03355e-20 
0.000712024 1.77239 5.01991e-21 
0.000210038 1.74816 -2.0439e-20 
0.00256982 1.75409 1.13112e-20 
0.319453 1.89118 -5.72732e-19 
0.337947 1.80043 6.02414e-19 
0.33368 1.75323 -1.11499e-19 
0.36316 1.77867 2.40853e-20 
0.361304 1.51005 0 
0.390054 1.72122 1.63947e-19 
0.383743 1.63147 -1.58779e-19 
0.306176 1.75155 1.16427e-19 
0.285049 1.74498 0 
0.211598 1.71278 0 
0.389899 1.64712 8.11663e-19 
0.393694 1.57955 1.28506e-18 
0.450013 1.61118 -8.72148e-19 
0.364153 1.60176 -1.59011e-19 
0.316825 1.63536 2.63665e-19 
0.259118 1.60197 -6.4953e-19 
0.867152 1.53151 -5.14869e-19 
0.88058 1.69611 0 
0.904759 1.53399 -2.36867e-19 
0.813163 2.04951 0 
0.811142 1.96047 0 
0.889229 2.54713 7.75342e-19 
0.951831 3.39461 8.29171e-19 
0.851804 3.235 -6.39764e-19 
0.529719 0.97947 0 
0.65466 0.934761 -6.44936e-20 
0.757491 0.792294 2.44152e-19 
0.818667 2.08375 0 
0.67763 2.85002 -3.79063e-19 
0.584255 2.52796 0 
0.673171 0.611884 -1.6743e-19 
0.742466 0.656412 2.80565e-19 
0.751053 0.611271 -2.86594e-19 
0.668168 0.5879 -3.27006e-20 
0.678028 0.590348 -1.51306e-19 
0.856553 3.1025 -6.29116e-19 
0.811105 3.22691 7.52048e-19 
0.855052 2.61486 -1.33082e-18 
0.765035 2.42955 8.86135e-19 
0.473015 2.64344 9.59632e-19 
0.723309 2.87753 -5.21355e-21 
0.562516 3.00307 -5.70124e-19 
0.700927 2.44275 -5.533e-20 
0.482737 2.48196 -3.75561e-19 
))
(300 (2 10 3 0 0 919 1018)(
0 0 0 
0 0 0 
0 0 0 
0 0 0 
0 0 0 
0 0 0 
0 0 0 
0 0 0 
0 0 0 
0 0 0 
0 0 0 
0 0 0 
0 0 0 
0 0 0 
0 0 0 
0 0 0 
0 0 0 
0 0 0 
0 0 0 
0 0 0 
0 0 0 
0 0 0 
0 0 0 
0 0 0 
0 0 0 
0 0 0 
0 0 0 
0 0 0 
0 0 0 
0 0 0 
0 0 0 
0 0 0 
0 0 0 
0 0 0 
0 0 0 
0 0 0 
0 0 0 
0 0 0 
0 0 0 
0 0 0 
0 0 0 
0 0 0 
0 0 0 
0 0 0 
0 0 0 
0 0 0 
0 0 0 
0 0 0 
0 0 0 
0 0 0 
0 0 0 
0 0 0 
0 0 0 
0 0 0 
0 0 0 
0 0 0 
0 0 0 
0 0 0 
0 0 0 
0 0 0 
0 0 0 
0 0 0 
0 0 0 
0 0 0 
0 0 0 
0 0 0 
0 0 0 
0 0 0 
0 0 0 
0 0 0 
0 0 0 
0 0 0 
0 0 0 
0 0 0 
0 0 0 
0 0 0 
0 0 0 
0 0 0 
0 0 0 
0 0 0 
0 0 0 
0 0 0 
0 0 0 
0 0 0 
0 0 0 
0 0 0 
0 0 0 
0 0 0 
0 0 0 
0 0 0 
0 0 0 
0 0 0 
0 0 0 
0 0 0 
0 0 0 
0 0 0 
0 0 0 
0 0 0 
0 0 0 
0 0 0 
))
(300 (2 11 3 0 0 1019 1026)(
1 0 0 
1 0 0 
1 0 0 
1 0 0 
1 0 0 
1 0 0 
1 0 0 
1 0 0 
))
(300 (2 12 3 0 0 1027 1030)(
0 3 0 
0 3 0 
0 3 0 
0 3 0 
))
(300 (2 13 3 0 0 1031 1038)(
-0.00396024 1.7063 0 
-0.00551519 1.67631 -1.59687e-21 
-0.000501831 1.76489 0 
0.00296019 1.79178 0 
-0.00631096 1.76027 0 
0.00146205 1.76779 0 
-0.00442921 1.75414 0 
-0.00103599 1.77187 0 
))
(300 (2 14 3 0 0 1039 1072)(
0 0 0 
0 0 0 
0 0 0 
0 0 0 
0 0 0 
0 0 0 
0 0 0 
0 0 0 
0 0 0 
0 0 0 
0 0 0 
0 0 0 
0 0 0 
0 0 0 
0 0 0 
0 0 0 
0 0 0 
0 0 0 
0 0 0 
0 0 0 
0 0 0 
0 0 0 
0 0 0 
0 0 0 
0 0 0 
0 0 0 
0 0 0 
0 0 0 
0 0 0 
0 0 0 
0 0 0 
0 0 0 
0 0 0 
0 0 0 
))
(300 (2 15 3 0 0 1073 1072)(
))
