/*--------------------------------*- C++ -*----------------------------------*\
  =========                 |
  \\      /  F ield         | OpenFOAM: The Open Source CFD Toolbox
   \\    /   O peration     | Website:  https://openfoam.org
    \\  /    A nd           | Version:  9
     \\/     M anipulation  |
\*---------------------------------------------------------------------------*/
FoamFile
{
    format      ascii;
    class       volScalarField;
    location    "250";
    object      p_rgh;
}
// * * * * * * * * * * * * * * * * * * * * * * * * * * * * * * * * * * * * * //

dimensions      [1 -1 -2 0 0 0 0];

internalField   nonuniform List<scalar> 
4000
(
198.938
198.937
198.937
198.937
198.937
198.937
198.936
198.936
198.936
198.936
198.937
198.937
198.937
198.937
198.937
198.937
198.937
198.937
198.937
198.938
198.936
198.936
198.936
198.936
198.936
198.936
198.935
198.935
198.935
198.935
198.935
198.936
198.936
198.936
198.936
198.935
198.935
198.935
198.936
198.936
198.934
198.934
198.934
198.934
198.934
198.934
198.934
198.934
198.934
198.934
198.934
198.934
198.935
198.935
198.934
198.934
198.933
198.933
198.933
198.934
198.932
198.932
198.931
198.931
198.931
198.932
198.932
198.932
198.932
198.932
198.932
198.932
198.932
198.933
198.932
198.931
198.931
198.93
198.93
198.931
198.93
198.929
198.929
198.928
198.928
198.928
198.928
198.928
198.929
198.929
198.929
198.929
198.93
198.929
198.929
198.928
198.927
198.927
198.927
198.929
198.928
198.927
198.926
198.925
198.925
198.924
198.924
198.924
198.925
198.925
198.926
198.926
198.926
198.926
198.925
198.924
198.923
198.924
198.925
198.927
198.927
198.925
198.923
198.922
198.922
198.922
198.922
198.922
198.921
198.921
198.921
198.921
198.921
198.921
198.92
198.92
198.921
198.921
198.923
198.926
198.926
198.923
198.922
198.921
198.92
198.92
198.92
198.92
198.919
198.919
198.919
198.919
198.919
198.918
198.918
198.919
198.919
198.92
198.921
198.925
198.924
198.922
198.921
198.92
198.919
198.919
198.919
198.919
198.918
198.918
198.918
198.918
198.917
198.917
198.917
198.918
198.918
198.919
198.921
198.924
198.923
198.921
198.92
198.919
198.919
198.919
198.919
198.919
198.918
198.918
198.917
198.917
198.917
198.917
198.917
198.918
198.918
198.919
198.92
198.922
198.937
198.937
198.937
198.937
198.937
198.937
198.937
198.936
198.936
198.936
198.937
198.937
198.937
198.937
198.937
198.937
198.937
198.937
198.937
198.938
198.936
198.936
198.936
198.936
198.936
198.936
198.936
198.935
198.935
198.935
198.936
198.936
198.936
198.936
198.936
198.936
198.935
198.936
198.936
198.936
198.934
198.934
198.934
198.934
198.934
198.935
198.934
198.934
198.934
198.934
198.934
198.934
198.935
198.935
198.934
198.934
198.934
198.933
198.934
198.934
198.932
198.932
198.932
198.932
198.932
198.933
198.933
198.933
198.932
198.932
198.932
198.932
198.933
198.933
198.932
198.932
198.931
198.931
198.931
198.931
198.929
198.929
198.929
198.929
198.929
198.93
198.93
198.93
198.93
198.93
198.93
198.93
198.93
198.93
198.93
198.929
198.928
198.928
198.928
198.929
198.927
198.927
198.926
198.926
198.926
198.926
198.926
198.927
198.927
198.927
198.927
198.927
198.927
198.927
198.926
198.925
198.925
198.925
198.925
198.927
198.925
198.924
198.924
198.923
198.923
198.923
198.923
198.923
198.923
198.924
198.924
198.924
198.923
198.923
198.922
198.921
198.922
198.922
198.923
198.926
198.923
198.922
198.921
198.921
198.92
198.92
198.92
198.92
198.921
198.921
198.92
198.92
198.92
198.919
198.919
198.919
198.919
198.92
198.921
198.924
198.922
198.921
198.92
198.919
198.918
198.918
198.918
198.918
198.918
198.918
198.917
198.917
198.917
198.917
198.917
198.917
198.918
198.919
198.92
198.923
198.921
198.92
198.919
198.918
198.918
198.917
198.917
198.916
198.916
198.915
198.915
198.915
198.916
198.916
198.916
198.917
198.917
198.918
198.919
198.921
198.937
198.937
198.937
198.937
198.937
198.937
198.937
198.936
198.936
198.936
198.937
198.937
198.937
198.937
198.937
198.937
198.937
198.937
198.937
198.938
198.936
198.936
198.936
198.936
198.936
198.936
198.936
198.936
198.935
198.935
198.936
198.936
198.936
198.936
198.936
198.936
198.936
198.936
198.936
198.936
198.934
198.934
198.934
198.935
198.935
198.935
198.935
198.935
198.934
198.934
198.934
198.935
198.935
198.935
198.935
198.934
198.934
198.934
198.934
198.934
198.931
198.932
198.932
198.933
198.933
198.933
198.933
198.933
198.933
198.933
198.933
198.933
198.933
198.933
198.933
198.932
198.932
198.931
198.931
198.931
198.929
198.929
198.93
198.93
198.93
198.931
198.931
198.931
198.931
198.931
198.931
198.931
198.931
198.931
198.93
198.929
198.929
198.928
198.928
198.929
198.926
198.926
198.927
198.927
198.927
198.928
198.928
198.928
198.929
198.929
198.928
198.928
198.928
198.928
198.927
198.926
198.926
198.926
198.926
198.927
198.923
198.924
198.924
198.924
198.924
198.924
198.925
198.925
198.926
198.926
198.926
198.925
198.925
198.924
198.923
198.923
198.923
198.923
198.923
198.925
198.922
198.921
198.921
198.921
198.921
198.922
198.922
198.923
198.923
198.923
198.922
198.922
198.922
198.921
198.92
198.92
198.92
198.92
198.921
198.923
198.921
198.92
198.919
198.919
198.919
198.919
198.919
198.919
198.919
198.919
198.918
198.918
198.918
198.918
198.917
198.918
198.918
198.918
198.92
198.921
198.92
198.919
198.918
198.917
198.916
198.916
198.915
198.915
198.914
198.914
198.914
198.914
198.914
198.915
198.915
198.916
198.917
198.918
198.919
198.92
198.937
198.937
198.937
198.937
198.937
198.937
198.937
198.937
198.937
198.937
198.937
198.937
198.937
198.937
198.937
198.937
198.937
198.937
198.937
198.937
198.936
198.936
198.936
198.936
198.936
198.936
198.936
198.936
198.936
198.936
198.936
198.936
198.936
198.936
198.936
198.936
198.936
198.936
198.936
198.936
198.934
198.934
198.935
198.935
198.935
198.935
198.935
198.935
198.935
198.935
198.935
198.935
198.935
198.935
198.935
198.934
198.934
198.934
198.934
198.934
198.931
198.932
198.933
198.933
198.933
198.934
198.934
198.934
198.933
198.933
198.933
198.933
198.933
198.933
198.933
198.933
198.932
198.932
198.931
198.931
198.928
198.929
198.93
198.931
198.931
198.932
198.932
198.932
198.932
198.932
198.931
198.931
198.931
198.931
198.931
198.93
198.929
198.929
198.929
198.928
198.925
198.926
198.927
198.928
198.928
198.929
198.929
198.93
198.93
198.929
198.929
198.929
198.929
198.928
198.928
198.927
198.926
198.926
198.926
198.926
198.922
198.923
198.924
198.924
198.925
198.926
198.927
198.927
198.927
198.927
198.927
198.926
198.926
198.925
198.924
198.924
198.923
198.923
198.923
198.923
198.921
198.921
198.921
198.922
198.922
198.923
198.924
198.924
198.924
198.924
198.924
198.923
198.923
198.922
198.922
198.921
198.921
198.921
198.921
198.922
198.92
198.919
198.919
198.919
198.919
198.919
198.919
198.919
198.919
198.919
198.919
198.919
198.918
198.918
198.918
198.918
198.918
198.918
198.919
198.92
198.919
198.918
198.917
198.916
198.915
198.915
198.914
198.914
198.913
198.912
198.912
198.913
198.913
198.914
198.914
198.915
198.916
198.917
198.918
198.92
198.937
198.937
198.937
198.937
198.937
198.937
198.937
198.937
198.937
198.937
198.937
198.937
198.937
198.937
198.937
198.937
198.937
198.937
198.937
198.937
198.936
198.936
198.936
198.936
198.936
198.936
198.936
198.936
198.936
198.936
198.936
198.936
198.936
198.936
198.936
198.936
198.936
198.936
198.936
198.936
198.934
198.934
198.935
198.935
198.935
198.935
198.935
198.935
198.935
198.935
198.935
198.935
198.935
198.935
198.935
198.935
198.935
198.934
198.934
198.933
198.931
198.932
198.933
198.933
198.934
198.934
198.934
198.934
198.934
198.933
198.933
198.933
198.934
198.934
198.933
198.933
198.933
198.932
198.931
198.931
198.928
198.929
198.93
198.931
198.932
198.932
198.932
198.932
198.932
198.932
198.932
198.932
198.932
198.932
198.931
198.931
198.93
198.929
198.929
198.928
198.925
198.926
198.927
198.928
198.929
198.93
198.93
198.93
198.93
198.93
198.93
198.93
198.929
198.929
198.929
198.928
198.927
198.926
198.926
198.925
198.922
198.923
198.924
198.925
198.926
198.927
198.928
198.928
198.928
198.928
198.927
198.927
198.927
198.926
198.925
198.925
198.924
198.924
198.923
198.923
198.92
198.92
198.921
198.922
198.923
198.924
198.924
198.924
198.924
198.924
198.924
198.924
198.923
198.923
198.922
198.922
198.921
198.921
198.921
198.921
198.919
198.918
198.919
198.919
198.919
198.919
198.919
198.919
198.919
198.918
198.918
198.918
198.918
198.918
198.918
198.918
198.918
198.918
198.919
198.92
198.919
198.918
198.916
198.915
198.914
198.914
198.913
198.913
198.912
198.91
198.911
198.911
198.912
198.912
198.913
198.914
198.915
198.916
198.918
198.919
198.937
198.937
198.937
198.937
198.937
198.937
198.937
198.937
198.937
198.937
198.937
198.937
198.937
198.937
198.937
198.937
198.937
198.937
198.937
198.937
198.936
198.936
198.936
198.936
198.936
198.937
198.937
198.936
198.936
198.936
198.936
198.936
198.936
198.936
198.936
198.936
198.936
198.936
198.936
198.935
198.934
198.935
198.935
198.935
198.935
198.936
198.936
198.935
198.935
198.935
198.935
198.935
198.935
198.935
198.935
198.935
198.935
198.934
198.934
198.933
198.932
198.933
198.933
198.934
198.934
198.934
198.934
198.934
198.934
198.934
198.934
198.934
198.934
198.934
198.934
198.933
198.933
198.932
198.932
198.931
198.928
198.93
198.931
198.932
198.932
198.933
198.933
198.933
198.932
198.932
198.932
198.932
198.932
198.932
198.932
198.931
198.931
198.93
198.929
198.928
198.924
198.926
198.928
198.929
198.93
198.93
198.931
198.931
198.93
198.93
198.93
198.93
198.93
198.93
198.929
198.929
198.928
198.927
198.926
198.925
198.922
198.923
198.924
198.926
198.927
198.928
198.928
198.928
198.928
198.927
198.927
198.927
198.927
198.927
198.926
198.926
198.925
198.924
198.923
198.922
198.92
198.92
198.922
198.923
198.924
198.925
198.925
198.924
198.924
198.923
198.924
198.924
198.924
198.923
198.923
198.922
198.922
198.921
198.92
198.92
198.919
198.918
198.919
198.919
198.919
198.919
198.919
198.918
198.917
198.917
198.917
198.918
198.918
198.918
198.918
198.918
198.918
198.918
198.918
198.919
198.919
198.917
198.916
198.915
198.914
198.913
198.912
198.912
198.911
198.909
198.909
198.91
198.911
198.911
198.912
198.913
198.914
198.916
198.917
198.919
198.936
198.937
198.937
198.937
198.937
198.937
198.937
198.937
198.937
198.937
198.937
198.937
198.937
198.937
198.937
198.937
198.937
198.937
198.937
198.937
198.935
198.936
198.936
198.936
198.936
198.937
198.937
198.937
198.936
198.936
198.936
198.936
198.936
198.936
198.936
198.936
198.936
198.936
198.936
198.935
198.934
198.934
198.935
198.935
198.935
198.936
198.936
198.936
198.935
198.935
198.935
198.935
198.935
198.935
198.935
198.935
198.935
198.934
198.934
198.933
198.932
198.933
198.933
198.934
198.934
198.934
198.935
198.934
198.934
198.933
198.933
198.934
198.934
198.934
198.934
198.934
198.933
198.933
198.932
198.931
198.928
198.93
198.931
198.932
198.932
198.933
198.933
198.933
198.932
198.931
198.932
198.932
198.932
198.932
198.932
198.932
198.931
198.93
198.929
198.927
198.924
198.926
198.928
198.929
198.93
198.931
198.931
198.93
198.929
198.929
198.929
198.93
198.93
198.93
198.93
198.929
198.928
198.927
198.926
198.924
198.922
198.923
198.925
198.927
198.928
198.928
198.928
198.927
198.926
198.925
198.926
198.927
198.927
198.927
198.927
198.926
198.925
198.924
198.923
198.922
198.92
198.92
198.922
198.924
198.924
198.925
198.924
198.923
198.921
198.92
198.922
198.923
198.923
198.923
198.923
198.923
198.922
198.921
198.92
198.92
198.919
198.918
198.919
198.919
198.919
198.919
198.918
198.917
198.915
198.914
198.915
198.917
198.917
198.918
198.918
198.918
198.918
198.918
198.918
198.919
198.919
198.917
198.915
198.914
198.913
198.912
198.912
198.911
198.91
198.907
198.908
198.909
198.909
198.91
198.911
198.913
198.914
198.915
198.917
198.919
198.936
198.936
198.936
198.937
198.937
198.937
198.937
198.937
198.937
198.936
198.936
198.936
198.937
198.937
198.937
198.937
198.937
198.937
198.937
198.936
198.935
198.935
198.936
198.936
198.936
198.936
198.937
198.937
198.936
198.935
198.935
198.936
198.936
198.936
198.936
198.936
198.936
198.936
198.935
198.935
198.934
198.934
198.935
198.935
198.935
198.935
198.936
198.935
198.934
198.934
198.934
198.935
198.935
198.935
198.935
198.935
198.935
198.934
198.934
198.933
198.932
198.933
198.933
198.934
198.934
198.934
198.934
198.934
198.932
198.931
198.932
198.933
198.934
198.934
198.934
198.934
198.933
198.933
198.932
198.931
198.928
198.93
198.931
198.932
198.932
198.933
198.933
198.931
198.929
198.927
198.93
198.931
198.932
198.932
198.932
198.932
198.931
198.93
198.929
198.928
198.924
198.927
198.928
198.93
198.93
198.931
198.93
198.928
198.925
198.923
198.927
198.929
198.93
198.93
198.93
198.93
198.929
198.928
198.926
198.924
198.922
198.923
198.925
198.927
198.928
198.928
198.927
198.925
198.92
198.918
198.923
198.926
198.927
198.927
198.927
198.927
198.926
198.925
198.923
198.922
198.92
198.92
198.923
198.924
198.924
198.924
198.923
198.92
198.916
198.913
198.918
198.922
198.923
198.924
198.924
198.923
198.923
198.922
198.92
198.92
198.919
198.918
198.919
198.919
198.919
198.918
198.917
198.915
198.911
198.908
198.912
198.915
198.916
198.917
198.918
198.918
198.918
198.918
198.918
198.919
198.919
198.916
198.915
198.914
198.913
198.912
198.911
198.912
198.91
198.907
198.908
198.908
198.908
198.91
198.911
198.912
198.914
198.915
198.917
198.918
198.936
198.936
198.936
198.937
198.937
198.937
198.937
198.937
198.937
198.935
198.935
198.936
198.936
198.936
198.937
198.937
198.937
198.937
198.937
198.936
198.935
198.935
198.935
198.936
198.936
198.936
198.936
198.936
198.935
198.931
198.932
198.935
198.935
198.936
198.936
198.936
198.936
198.936
198.935
198.935
198.934
198.934
198.934
198.935
198.935
198.935
198.935
198.934
198.93
198.924
198.929
198.933
198.935
198.935
198.935
198.935
198.935
198.934
198.934
198.934
198.932
198.932
198.933
198.933
198.934
198.934
198.934
198.932
198.925
198.917
198.926
198.932
198.933
198.934
198.934
198.934
198.933
198.933
198.932
198.931
198.929
198.93
198.931
198.932
198.932
198.932
198.932
198.929
198.919
198.911
198.922
198.93
198.932
198.932
198.932
198.932
198.932
198.931
198.93
198.928
198.925
198.927
198.929
198.93
198.93
198.93
198.929
198.925
198.914
198.906
198.919
198.927
198.93
198.93
198.93
198.93
198.929
198.928
198.926
198.925
198.921
198.923
198.926
198.927
198.928
198.928
198.926
198.92
198.909
198.901
198.915
198.924
198.927
198.927
198.927
198.927
198.926
198.925
198.923
198.922
198.919
198.921
198.923
198.924
198.924
198.924
198.921
198.916
198.906
198.898
198.911
198.919
198.922
198.924
198.924
198.924
198.923
198.922
198.92
198.92
198.918
198.918
198.919
198.919
198.919
198.917
198.915
198.911
198.905
198.898
198.907
198.913
198.915
198.917
198.918
198.919
198.919
198.918
198.918
198.919
198.918
198.916
198.914
198.913
198.912
198.911
198.91
198.91
198.909
198.904
198.907
198.907
198.907
198.909
198.911
198.912
198.914
198.915
198.917
198.918
198.936
198.936
198.936
198.937
198.937
198.937
198.937
198.936
198.935
198.919
198.923
198.935
198.936
198.936
198.937
198.937
198.937
198.937
198.937
198.937
198.935
198.935
198.935
198.936
198.936
198.936
198.936
198.935
198.931
198.908
198.92
198.934
198.935
198.936
198.936
198.936
198.936
198.936
198.936
198.935
198.934
198.934
198.934
198.935
198.935
198.935
198.935
198.934
198.924
198.897
198.917
198.932
198.934
198.935
198.935
198.935
198.935
198.935
198.934
198.934
198.932
198.932
198.933
198.933
198.933
198.934
198.933
198.931
198.917
198.89
198.915
198.93
198.933
198.934
198.934
198.934
198.933
198.933
198.932
198.932
198.929
198.93
198.931
198.932
198.932
198.932
198.931
198.927
198.911
198.886
198.913
198.928
198.931
198.932
198.932
198.932
198.932
198.931
198.93
198.929
198.925
198.927
198.929
198.929
198.93
198.93
198.929
198.923
198.906
198.884
198.911
198.925
198.929
198.93
198.93
198.93
198.929
198.929
198.927
198.925
198.921
198.924
198.926
198.927
198.928
198.927
198.925
198.918
198.901
198.882
198.909
198.922
198.926
198.927
198.928
198.927
198.927
198.925
198.924
198.922
198.919
198.921
198.923
198.924
198.924
198.923
198.92
198.913
198.898
198.882
198.905
198.918
198.922
198.924
198.924
198.924
198.923
198.922
198.921
198.92
198.918
198.918
198.919
198.919
198.918
198.917
198.914
198.908
198.898
198.884
198.902
198.911
198.915
198.917
198.918
198.919
198.919
198.919
198.918
198.918
198.918
198.915
198.914
198.912
198.91
198.909
198.907
198.907
198.904
198.895
198.902
198.904
198.906
198.908
198.91
198.912
198.914
198.915
198.917
198.918
198.937
198.937
198.937
198.937
198.937
198.937
198.937
198.936
198.935
198.923
198.925
198.935
198.936
198.937
198.937
198.937
198.937
198.937
198.937
198.937
198.935
198.936
198.936
198.936
198.936
198.936
198.936
198.935
198.932
198.92
198.926
198.934
198.935
198.936
198.936
198.936
198.936
198.936
198.936
198.936
198.934
198.934
198.934
198.935
198.935
198.935
198.935
198.934
198.929
198.917
198.926
198.933
198.934
198.935
198.935
198.935
198.935
198.935
198.934
198.934
198.932
198.932
198.933
198.933
198.933
198.934
198.933
198.932
198.926
198.915
198.925
198.932
198.933
198.934
198.934
198.934
198.933
198.933
198.933
198.932
198.929
198.93
198.931
198.931
198.932
198.932
198.932
198.93
198.922
198.913
198.923
198.93
198.932
198.932
198.932
198.932
198.932
198.931
198.931
198.93
198.926
198.927
198.928
198.929
198.93
198.93
198.929
198.927
198.919
198.911
198.921
198.927
198.93
198.93
198.93
198.93
198.93
198.929
198.928
198.926
198.921
198.924
198.926
198.927
198.927
198.927
198.926
198.923
198.915
198.909
198.918
198.924
198.927
198.928
198.928
198.927
198.927
198.926
198.924
198.922
198.919
198.92
198.922
198.924
198.924
198.924
198.922
198.918
198.911
198.905
198.914
198.92
198.923
198.924
198.924
198.924
198.924
198.922
198.921
198.92
198.918
198.917
198.918
198.919
198.918
198.917
198.915
198.912
198.907
198.902
198.909
198.914
198.916
198.918
198.919
198.919
198.919
198.919
198.918
198.918
198.917
198.915
198.914
198.912
198.911
198.909
198.908
198.908
198.907
198.902
198.906
198.906
198.907
198.909
198.911
198.912
198.914
198.915
198.917
198.918
198.937
198.937
198.937
198.937
198.937
198.937
198.937
198.936
198.936
198.935
198.935
198.936
198.936
198.937
198.937
198.937
198.937
198.937
198.937
198.937
198.936
198.936
198.936
198.936
198.936
198.936
198.936
198.936
198.935
198.934
198.934
198.935
198.936
198.936
198.936
198.936
198.936
198.936
198.936
198.936
198.934
198.934
198.935
198.935
198.935
198.935
198.935
198.935
198.933
198.932
198.933
198.934
198.935
198.935
198.935
198.935
198.935
198.935
198.935
198.934
198.932
198.932
198.933
198.933
198.933
198.934
198.934
198.933
198.932
198.93
198.932
198.933
198.934
198.934
198.934
198.934
198.934
198.933
198.933
198.932
198.929
198.93
198.931
198.931
198.932
198.932
198.932
198.931
198.93
198.928
198.93
198.931
198.932
198.932
198.932
198.932
198.932
198.931
198.931
198.93
198.926
198.927
198.928
198.929
198.93
198.93
198.93
198.929
198.927
198.925
198.927
198.929
198.93
198.93
198.93
198.93
198.929
198.929
198.928
198.927
198.921
198.924
198.925
198.926
198.927
198.927
198.927
198.926
198.924
198.922
198.924
198.926
198.927
198.928
198.928
198.927
198.927
198.926
198.924
198.922
198.919
198.92
198.922
198.923
198.924
198.924
198.923
198.922
198.919
198.918
198.92
198.922
198.923
198.924
198.924
198.924
198.923
198.922
198.921
198.92
198.918
198.917
198.918
198.919
198.918
198.918
198.917
198.915
198.913
198.911
198.914
198.916
198.917
198.918
198.919
198.919
198.919
198.919
198.918
198.918
198.917
198.915
198.914
198.913
198.911
198.91
198.909
198.908
198.907
198.904
198.906
198.907
198.908
198.91
198.911
198.913
198.914
198.916
198.917
198.918
198.937
198.937
198.937
198.937
198.937
198.937
198.937
198.937
198.936
198.936
198.936
198.936
198.937
198.937
198.937
198.937
198.937
198.937
198.937
198.937
198.936
198.936
198.936
198.936
198.936
198.936
198.936
198.936
198.935
198.935
198.935
198.936
198.936
198.936
198.936
198.936
198.936
198.936
198.936
198.936
198.935
198.935
198.935
198.935
198.935
198.935
198.935
198.935
198.935
198.934
198.934
198.935
198.935
198.935
198.935
198.935
198.935
198.935
198.935
198.935
198.932
198.933
198.933
198.933
198.934
198.934
198.934
198.934
198.933
198.933
198.933
198.934
198.934
198.934
198.934
198.934
198.934
198.933
198.933
198.932
198.93
198.93
198.931
198.931
198.932
198.932
198.932
198.932
198.932
198.931
198.932
198.932
198.932
198.932
198.932
198.932
198.932
198.931
198.93
198.93
198.926
198.927
198.928
198.929
198.929
198.93
198.93
198.93
198.93
198.929
198.93
198.93
198.93
198.93
198.93
198.93
198.929
198.928
198.927
198.926
198.921
198.923
198.925
198.926
198.927
198.927
198.927
198.927
198.927
198.926
198.927
198.927
198.928
198.928
198.927
198.927
198.926
198.925
198.924
198.922
198.919
198.92
198.922
198.923
198.923
198.924
198.923
198.923
198.922
198.922
198.923
198.923
198.924
198.924
198.924
198.924
198.923
198.922
198.92
198.92
198.917
198.917
198.918
198.918
198.918
198.918
198.917
198.916
198.915
198.915
198.916
198.917
198.918
198.918
198.919
198.919
198.919
198.919
198.918
198.918
198.917
198.916
198.914
198.913
198.912
198.911
198.909
198.908
198.907
198.906
198.907
198.908
198.909
198.911
198.912
198.913
198.915
198.916
198.917
198.918
198.937
198.937
198.937
198.937
198.937
198.937
198.937
198.937
198.936
198.936
198.937
198.937
198.937
198.937
198.937
198.937
198.937
198.937
198.937
198.937
198.936
198.936
198.936
198.936
198.936
198.936
198.936
198.936
198.936
198.936
198.936
198.936
198.936
198.936
198.936
198.936
198.936
198.936
198.936
198.936
198.935
198.935
198.935
198.935
198.935
198.935
198.935
198.935
198.935
198.935
198.935
198.935
198.935
198.935
198.935
198.935
198.935
198.935
198.935
198.935
198.933
198.933
198.933
198.933
198.934
198.934
198.934
198.934
198.934
198.934
198.934
198.934
198.934
198.934
198.934
198.934
198.933
198.933
198.933
198.932
198.929
198.93
198.931
198.931
198.932
198.932
198.932
198.932
198.932
198.932
198.932
198.932
198.932
198.932
198.932
198.932
198.931
198.931
198.93
198.929
198.926
198.927
198.928
198.928
198.929
198.93
198.93
198.93
198.93
198.93
198.93
198.93
198.93
198.93
198.93
198.929
198.929
198.928
198.927
198.925
198.921
198.923
198.924
198.925
198.926
198.927
198.927
198.927
198.927
198.927
198.928
198.928
198.928
198.927
198.927
198.927
198.926
198.925
198.923
198.922
198.918
198.919
198.921
198.922
198.923
198.923
198.923
198.924
198.924
198.924
198.924
198.924
198.924
198.924
198.924
198.923
198.923
198.922
198.92
198.92
198.917
198.917
198.918
198.918
198.918
198.918
198.918
198.917
198.917
198.917
198.918
198.918
198.918
198.918
198.919
198.919
198.919
198.919
198.918
198.919
198.917
198.916
198.915
198.914
198.912
198.911
198.91
198.91
198.909
198.908
198.909
198.91
198.911
198.912
198.913
198.914
198.915
198.916
198.917
198.919
198.937
198.937
198.937
198.937
198.937
198.937
198.937
198.937
198.937
198.937
198.937
198.937
198.937
198.937
198.937
198.937
198.937
198.937
198.937
198.937
198.936
198.936
198.936
198.936
198.936
198.936
198.936
198.936
198.936
198.936
198.936
198.936
198.936
198.936
198.936
198.936
198.936
198.936
198.936
198.936
198.934
198.934
198.935
198.935
198.935
198.935
198.935
198.935
198.935
198.935
198.935
198.935
198.935
198.935
198.935
198.935
198.935
198.935
198.935
198.934
198.932
198.932
198.933
198.933
198.933
198.934
198.934
198.934
198.934
198.934
198.934
198.934
198.934
198.934
198.934
198.934
198.933
198.933
198.932
198.932
198.929
198.93
198.93
198.931
198.931
198.932
198.932
198.932
198.932
198.932
198.932
198.932
198.932
198.932
198.932
198.932
198.931
198.93
198.929
198.928
198.925
198.926
198.927
198.928
198.929
198.929
198.93
198.93
198.93
198.93
198.93
198.93
198.93
198.93
198.93
198.929
198.928
198.927
198.926
198.925
198.92
198.922
198.923
198.924
198.925
198.926
198.927
198.927
198.927
198.928
198.928
198.928
198.927
198.927
198.927
198.926
198.926
198.924
198.923
198.922
198.918
198.919
198.92
198.922
198.922
198.923
198.923
198.924
198.924
198.924
198.924
198.924
198.924
198.924
198.923
198.923
198.923
198.922
198.92
198.92
198.917
198.917
198.917
198.918
198.918
198.918
198.918
198.918
198.918
198.918
198.919
198.919
198.919
198.919
198.919
198.919
198.919
198.919
198.919
198.919
198.917
198.916
198.915
198.914
198.913
198.912
198.911
198.911
198.911
198.91
198.911
198.911
198.912
198.913
198.914
198.915
198.916
198.917
198.918
198.919
198.937
198.937
198.937
198.937
198.937
198.937
198.937
198.937
198.937
198.937
198.937
198.937
198.937
198.937
198.937
198.937
198.938
198.938
198.938
198.937
198.935
198.936
198.936
198.936
198.936
198.936
198.936
198.936
198.936
198.936
198.936
198.936
198.936
198.936
198.936
198.936
198.936
198.936
198.936
198.936
198.934
198.934
198.934
198.934
198.935
198.935
198.935
198.935
198.935
198.935
198.935
198.935
198.935
198.935
198.935
198.935
198.935
198.935
198.935
198.934
198.931
198.932
198.932
198.933
198.933
198.933
198.934
198.934
198.934
198.934
198.934
198.934
198.934
198.934
198.934
198.933
198.933
198.933
198.932
198.931
198.928
198.929
198.929
198.93
198.931
198.931
198.932
198.932
198.932
198.932
198.932
198.932
198.932
198.932
198.932
198.931
198.931
198.93
198.929
198.928
198.924
198.925
198.926
198.927
198.928
198.929
198.929
198.93
198.93
198.93
198.93
198.93
198.93
198.929
198.929
198.929
198.928
198.927
198.926
198.925
198.92
198.921
198.923
198.924
198.925
198.926
198.926
198.927
198.927
198.927
198.927
198.927
198.927
198.927
198.926
198.926
198.925
198.924
198.923
198.922
198.919
198.919
198.92
198.921
198.922
198.922
198.923
198.923
198.924
198.924
198.924
198.924
198.924
198.923
198.923
198.923
198.922
198.922
198.921
198.92
198.918
198.917
198.918
198.918
198.918
198.918
198.918
198.918
198.919
198.919
198.919
198.919
198.919
198.919
198.919
198.919
198.919
198.919
198.919
198.919
198.918
198.917
198.916
198.915
198.914
198.913
198.913
198.912
198.912
198.912
198.912
198.913
198.913
198.914
198.915
198.915
198.916
198.917
198.918
198.919
198.937
198.937
198.937
198.937
198.937
198.937
198.937
198.937
198.937
198.937
198.937
198.937
198.937
198.937
198.937
198.938
198.938
198.938
198.938
198.938
198.935
198.935
198.936
198.936
198.936
198.936
198.936
198.936
198.936
198.936
198.936
198.936
198.936
198.936
198.936
198.936
198.936
198.937
198.936
198.936
198.933
198.934
198.934
198.934
198.935
198.935
198.935
198.935
198.935
198.935
198.935
198.935
198.935
198.935
198.935
198.935
198.935
198.935
198.935
198.934
198.931
198.931
198.932
198.932
198.933
198.933
198.933
198.933
198.933
198.933
198.933
198.934
198.934
198.933
198.933
198.933
198.933
198.933
198.932
198.932
198.927
198.928
198.929
198.929
198.93
198.931
198.931
198.931
198.932
198.932
198.932
198.932
198.932
198.931
198.931
198.931
198.93
198.93
198.929
198.929
198.923
198.925
198.926
198.926
198.927
198.928
198.928
198.929
198.929
198.929
198.93
198.929
198.929
198.929
198.928
198.928
198.928
198.927
198.927
198.926
198.921
198.922
198.923
198.923
198.924
198.925
198.925
198.926
198.926
198.927
198.927
198.927
198.926
198.926
198.926
198.925
198.925
198.925
198.924
198.923
198.919
198.919
198.92
198.921
198.921
198.922
198.922
198.923
198.923
198.923
198.924
198.923
198.923
198.923
198.923
198.922
198.922
198.922
198.921
198.921
198.918
198.918
198.918
198.918
198.918
198.918
198.918
198.918
198.919
198.919
198.919
198.919
198.919
198.919
198.919
198.919
198.919
198.919
198.919
198.92
198.918
198.917
198.917
198.916
198.915
198.914
198.914
198.914
198.914
198.914
198.914
198.914
198.915
198.915
198.916
198.916
198.917
198.918
198.919
198.92
198.937
198.937
198.937
198.937
198.937
198.937
198.937
198.937
198.937
198.937
198.937
198.937
198.937
198.937
198.937
198.938
198.938
198.938
198.939
198.939
198.935
198.936
198.936
198.936
198.936
198.936
198.936
198.936
198.936
198.936
198.936
198.936
198.936
198.936
198.936
198.936
198.937
198.937
198.937
198.937
198.933
198.933
198.934
198.934
198.934
198.934
198.934
198.934
198.934
198.935
198.935
198.935
198.935
198.935
198.935
198.935
198.935
198.935
198.935
198.935
198.93
198.931
198.931
198.932
198.932
198.932
198.933
198.933
198.933
198.933
198.933
198.933
198.933
198.933
198.933
198.933
198.933
198.933
198.932
198.932
198.927
198.928
198.928
198.929
198.929
198.93
198.93
198.93
198.931
198.931
198.931
198.931
198.931
198.931
198.93
198.93
198.93
198.93
198.93
198.929
198.924
198.925
198.926
198.926
198.926
198.927
198.927
198.928
198.928
198.929
198.929
198.929
198.928
198.928
198.927
198.927
198.927
198.927
198.927
198.927
198.921
198.922
198.923
198.923
198.924
198.924
198.924
198.925
198.925
198.925
198.926
198.926
198.925
198.925
198.924
198.924
198.925
198.925
198.925
198.924
198.92
198.92
198.92
198.921
198.921
198.921
198.921
198.922
198.922
198.922
198.922
198.922
198.922
198.922
198.922
198.922
198.922
198.922
198.922
198.923
198.919
198.919
198.918
198.918
198.918
198.918
198.918
198.918
198.918
198.919
198.919
198.919
198.919
198.919
198.919
198.919
198.919
198.92
198.92
198.921
198.919
198.918
198.918
198.917
198.916
198.916
198.915
198.915
198.915
198.915
198.915
198.916
198.916
198.916
198.917
198.917
198.918
198.919
198.919
198.92
198.937
198.937
198.937
198.937
198.937
198.937
198.937
198.937
198.937
198.937
198.937
198.937
198.937
198.937
198.937
198.938
198.938
198.939
198.939
198.94
198.936
198.936
198.936
198.936
198.936
198.936
198.936
198.935
198.935
198.936
198.936
198.936
198.936
198.936
198.936
198.936
198.936
198.937
198.937
198.937
198.933
198.934
198.934
198.934
198.934
198.934
198.934
198.934
198.934
198.934
198.934
198.935
198.935
198.935
198.935
198.935
198.935
198.935
198.935
198.935
198.93
198.931
198.931
198.931
198.931
198.932
198.932
198.932
198.932
198.932
198.933
198.933
198.933
198.933
198.932
198.932
198.932
198.932
198.933
198.933
198.927
198.928
198.928
198.929
198.929
198.929
198.929
198.929
198.93
198.93
198.931
198.931
198.93
198.93
198.929
198.929
198.929
198.93
198.93
198.93
198.925
198.925
198.926
198.926
198.926
198.926
198.926
198.926
198.926
198.927
198.928
198.928
198.927
198.927
198.926
198.926
198.927
198.927
198.928
198.928
198.923
198.923
198.923
198.923
198.923
198.923
198.923
198.923
198.923
198.924
198.924
198.924
198.924
198.923
198.923
198.923
198.924
198.925
198.926
198.926
198.921
198.921
198.921
198.921
198.921
198.92
198.92
198.92
198.92
198.921
198.921
198.921
198.92
198.92
198.92
198.921
198.921
198.922
198.924
198.925
198.921
198.92
198.92
198.919
198.919
198.918
198.918
198.918
198.918
198.918
198.918
198.918
198.918
198.918
198.919
198.919
198.919
198.92
198.922
198.923
198.92
198.919
198.919
198.918
198.918
198.917
198.917
198.917
198.917
198.917
198.917
198.917
198.917
198.917
198.918
198.918
198.919
198.919
198.92
198.922
198.938
198.938
198.938
198.937
198.937
198.937
198.937
198.936
198.936
198.937
198.937
198.937
198.937
198.937
198.937
198.937
198.938
198.939
198.94
198.94
198.936
198.936
198.936
198.936
198.936
198.935
198.935
198.935
198.935
198.935
198.936
198.936
198.936
198.936
198.936
198.936
198.936
198.937
198.937
198.938
198.934
198.934
198.934
198.934
198.933
198.933
198.933
198.933
198.934
198.934
198.934
198.934
198.935
198.935
198.934
198.934
198.934
198.935
198.935
198.936
198.931
198.931
198.931
198.931
198.931
198.931
198.931
198.931
198.931
198.932
198.932
198.932
198.932
198.932
198.932
198.931
198.932
198.932
198.933
198.934
198.929
198.929
198.929
198.928
198.928
198.928
198.927
198.928
198.928
198.929
198.93
198.93
198.93
198.929
198.928
198.928
198.929
198.929
198.93
198.932
198.927
198.927
198.927
198.926
198.925
198.925
198.924
198.924
198.925
198.925
198.926
198.927
198.926
198.925
198.925
198.925
198.926
198.927
198.928
198.93
198.926
198.926
198.925
198.923
198.923
198.922
198.922
198.922
198.922
198.922
198.922
198.922
198.922
198.922
198.922
198.922
198.923
198.924
198.926
198.929
198.925
198.924
198.923
198.922
198.921
198.92
198.92
198.92
198.92
198.92
198.92
198.92
198.92
198.92
198.92
198.92
198.921
198.923
198.925
198.928
198.924
198.923
198.921
198.92
198.92
198.919
198.919
198.919
198.919
198.918
198.918
198.918
198.918
198.919
198.919
198.919
198.92
198.921
198.923
198.926
198.922
198.921
198.92
198.92
198.919
198.919
198.919
198.918
198.918
198.918
198.918
198.918
198.918
198.919
198.919
198.919
198.92
198.92
198.922
198.924
)
;

boundaryField
{
    floor
    {
        type            fixedFluxPressure;
        gradient        uniform 0;
        value           nonuniform List<scalar> 
400
(
198.938
198.937
198.937
198.937
198.937
198.937
198.936
198.936
198.936
198.936
198.937
198.937
198.937
198.937
198.937
198.937
198.937
198.937
198.937
198.938
198.937
198.937
198.937
198.937
198.937
198.937
198.937
198.936
198.936
198.936
198.937
198.937
198.937
198.937
198.937
198.937
198.937
198.937
198.937
198.938
198.937
198.937
198.937
198.937
198.937
198.937
198.937
198.936
198.936
198.936
198.937
198.937
198.937
198.937
198.937
198.937
198.937
198.937
198.937
198.938
198.937
198.937
198.937
198.937
198.937
198.937
198.937
198.937
198.937
198.937
198.937
198.937
198.937
198.937
198.937
198.937
198.937
198.937
198.937
198.937
198.937
198.937
198.937
198.937
198.937
198.937
198.937
198.937
198.937
198.937
198.937
198.937
198.937
198.937
198.937
198.937
198.937
198.937
198.937
198.937
198.937
198.937
198.937
198.937
198.937
198.937
198.937
198.937
198.937
198.937
198.937
198.937
198.937
198.937
198.937
198.937
198.937
198.937
198.937
198.937
198.936
198.937
198.937
198.937
198.937
198.937
198.937
198.937
198.937
198.937
198.937
198.937
198.937
198.937
198.937
198.937
198.937
198.937
198.937
198.937
198.936
198.936
198.936
198.937
198.937
198.937
198.937
198.937
198.937
198.936
198.936
198.936
198.937
198.937
198.937
198.937
198.937
198.937
198.937
198.936
198.936
198.936
198.936
198.937
198.937
198.937
198.937
198.937
198.937
198.935
198.935
198.936
198.936
198.936
198.937
198.937
198.937
198.937
198.937
198.936
198.936
198.936
198.936
198.937
198.937
198.937
198.937
198.936
198.935
198.919
198.923
198.935
198.936
198.936
198.937
198.937
198.937
198.937
198.937
198.937
198.937
198.937
198.937
198.937
198.937
198.937
198.937
198.936
198.935
198.923
198.925
198.935
198.936
198.937
198.937
198.937
198.937
198.937
198.937
198.937
198.937
198.937
198.937
198.937
198.937
198.937
198.937
198.936
198.936
198.935
198.935
198.936
198.936
198.937
198.937
198.937
198.937
198.937
198.937
198.937
198.937
198.937
198.937
198.937
198.937
198.937
198.937
198.937
198.936
198.936
198.936
198.936
198.937
198.937
198.937
198.937
198.937
198.937
198.937
198.937
198.937
198.937
198.937
198.937
198.937
198.937
198.937
198.937
198.936
198.936
198.937
198.937
198.937
198.937
198.937
198.937
198.937
198.937
198.937
198.937
198.937
198.937
198.937
198.937
198.937
198.937
198.937
198.937
198.937
198.937
198.937
198.937
198.937
198.937
198.937
198.937
198.937
198.937
198.937
198.937
198.937
198.937
198.937
198.937
198.937
198.937
198.937
198.937
198.937
198.937
198.937
198.937
198.937
198.937
198.937
198.937
198.938
198.938
198.938
198.937
198.937
198.937
198.937
198.937
198.937
198.937
198.937
198.937
198.937
198.937
198.937
198.937
198.937
198.937
198.937
198.938
198.938
198.938
198.938
198.938
198.937
198.937
198.937
198.937
198.937
198.937
198.937
198.937
198.937
198.937
198.937
198.937
198.937
198.937
198.937
198.938
198.938
198.938
198.939
198.939
198.937
198.937
198.937
198.937
198.937
198.937
198.937
198.937
198.937
198.937
198.937
198.937
198.937
198.937
198.937
198.938
198.938
198.939
198.939
198.94
198.938
198.938
198.938
198.937
198.937
198.937
198.937
198.936
198.936
198.937
198.937
198.937
198.937
198.937
198.937
198.937
198.938
198.939
198.94
198.94
)
;
    }
    ceiling
    {
        type            fixedFluxPressure;
        gradient        nonuniform List<scalar> 
400
(
0.387272
0.392327
0.394844
0.396392
0.397672
0.398859
0.39993
0.400767
0.401319
0.403573
0.403892
0.403569
0.402901
0.402049
0.401116
0.400157
0.399167
0.397955
0.395603
0.388507
0.392327
0.393823
0.3953
0.396827
0.398436
0.40009
0.401675
0.40295
0.403743
0.406598
0.40677
0.406077
0.404935
0.403563
0.402115
0.400667
0.399247
0.397793
0.395854
0.391414
0.394844
0.3953
0.396551
0.398226
0.400157
0.402251
0.404363
0.406142
0.407259
0.410732
0.410707
0.40957
0.407911
0.405995
0.404047
0.402135
0.400303
0.398565
0.396827
0.394383
0.396392
0.396827
0.398226
0.400169
0.402505
0.405138
0.407932
0.410593
0.412651
0.417178
0.416407
0.414397
0.411881
0.409254
0.406697
0.404224
0.401904
0.399789
0.397927
0.396226
0.397672
0.398436
0.400157
0.402505
0.405404
0.408972
0.413039
0.417222
0.420999
0.427107
0.42472
0.421175
0.417294
0.413484
0.409936
0.406719
0.403773
0.401155
0.398951
0.397307
0.398859
0.40009
0.402251
0.405138
0.408972
0.413923
0.419762
0.42617
0.432711
0.441132
0.435659
0.429587
0.423696
0.418278
0.413438
0.409233
0.405564
0.402378
0.399744
0.397895
0.39993
0.401675
0.404363
0.407932
0.413039
0.419762
0.428001
0.437716
0.448685
0.46082
0.449638
0.439455
0.430646
0.423122
0.416719
0.411345
0.406921
0.403173
0.400132
0.398052
0.400767
0.40295
0.406142
0.410593
0.417222
0.42617
0.437716
0.452398
0.470442
0.489052
0.467521
0.450734
0.437746
0.427513
0.41929
0.412654
0.407418
0.403211
0.399901
0.397725
0.401319
0.403743
0.407259
0.412651
0.420999
0.432711
0.448685
0.470442
0.499172
0.529666
0.49024
0.463303
0.444543
0.430932
0.420657
0.412734
0.406732
0.402289
0.398898
0.396716
0.403573
0.406598
0.410732
0.417178
0.427107
0.441132
0.46082
0.489052
0.529666
0.580218
0.515554
0.476608
0.451647
0.434627
0.422328
0.413097
0.406206
0.401267
0.39762
0.395523
0.403892
0.40677
0.410707
0.416407
0.42472
0.435659
0.449638
0.467521
0.49024
0.515554
0.482865
0.459507
0.442501
0.429659
0.419602
0.411561
0.405244
0.400487
0.396937
0.394877
0.403569
0.406077
0.40957
0.414397
0.421175
0.429587
0.439455
0.450734
0.463303
0.476608
0.459507
0.445482
0.433975
0.424403
0.416327
0.409502
0.403897
0.399467
0.396144
0.394296
0.402901
0.404935
0.407911
0.411881
0.417294
0.423696
0.430646
0.437746
0.444543
0.451647
0.442501
0.433975
0.42618
0.419118
0.412759
0.407119
0.402297
0.39829
0.39528
0.393733
0.402049
0.403563
0.405995
0.409254
0.413484
0.418278
0.423122
0.427513
0.430932
0.434627
0.429659
0.424403
0.419118
0.413969
0.40907
0.404532
0.400444
0.396969
0.394359
0.393173
0.401116
0.402115
0.404047
0.406697
0.409936
0.413438
0.416719
0.41929
0.420657
0.422328
0.419602
0.416327
0.412759
0.40907
0.405387
0.401801
0.398444
0.395544
0.393387
0.392582
0.400157
0.400667
0.402135
0.404224
0.406719
0.409233
0.411345
0.412654
0.412734
0.413097
0.411561
0.409502
0.407119
0.404532
0.401801
0.399029
0.396383
0.394063
0.392363
0.391873
0.399167
0.399247
0.400303
0.401904
0.403773
0.405564
0.406921
0.407418
0.406732
0.406206
0.405244
0.403897
0.402297
0.400444
0.398444
0.396383
0.394381
0.39259
0.391257
0.390834
0.397955
0.397793
0.398565
0.399789
0.401155
0.402378
0.403173
0.403211
0.402289
0.401267
0.400487
0.399467
0.39829
0.396969
0.395544
0.394063
0.39259
0.391189
0.389932
0.388906
0.395603
0.395854
0.396827
0.397927
0.398951
0.399744
0.400132
0.399901
0.398898
0.39762
0.396937
0.396144
0.39528
0.394359
0.393387
0.392363
0.391257
0.389932
0.387976
0.384691
0.388507
0.391414
0.394383
0.396226
0.397307
0.397895
0.398052
0.397725
0.396716
0.395523
0.394877
0.394296
0.393733
0.393173
0.392582
0.391873
0.390834
0.388906
0.384691
0.375838
)
;
        value           nonuniform List<scalar> 
400
(
199.02
199.019
199.019
199.019
199.018
199.019
199.019
199.019
199.019
199.018
199.018
199.018
199.018
199.018
199.018
199.018
199.018
199.018
199.019
199.02
199.019
199.018
199.018
199.017
199.017
199.017
199.017
199.017
199.017
199.017
199.017
199.017
199.017
199.017
199.017
199.017
199.017
199.018
199.018
199.019
199.019
199.018
199.017
199.017
199.016
199.016
199.016
199.016
199.016
199.016
199.017
199.016
199.016
199.016
199.016
199.016
199.017
199.017
199.018
199.019
199.019
199.017
199.017
199.016
199.016
199.016
199.016
199.016
199.016
199.016
199.017
199.016
199.016
199.016
199.016
199.016
199.016
199.017
199.018
199.019
199.018
199.017
199.016
199.016
199.016
199.016
199.016
199.017
199.017
199.017
199.017
199.017
199.016
199.016
199.016
199.016
199.016
199.017
199.017
199.019
199.019
199.017
199.016
199.016
199.016
199.016
199.017
199.018
199.019
199.019
199.018
199.017
199.016
199.016
199.016
199.016
199.016
199.016
199.017
199.018
199.019
199.017
199.016
199.016
199.016
199.017
199.019
199.021
199.022
199.023
199.021
199.019
199.017
199.016
199.016
199.016
199.016
199.016
199.017
199.018
199.019
199.017
199.016
199.016
199.017
199.018
199.021
199.025
199.028
199.029
199.025
199.021
199.018
199.016
199.016
199.015
199.016
199.016
199.017
199.018
199.019
199.017
199.016
199.016
199.017
199.019
199.022
199.028
199.034
199.036
199.029
199.023
199.018
199.017
199.016
199.015
199.015
199.016
199.016
199.017
199.018
199.017
199.016
199.016
199.017
199.019
199.023
199.029
199.036
199.04
199.031
199.023
199.019
199.017
199.016
199.015
199.015
199.016
199.016
199.017
199.018
199.017
199.017
199.017
199.017
199.018
199.021
199.025
199.029
199.031
199.026
199.021
199.018
199.016
199.016
199.015
199.015
199.016
199.016
199.017
199.018
199.017
199.016
199.016
199.017
199.017
199.019
199.021
199.023
199.023
199.021
199.019
199.017
199.016
199.015
199.015
199.015
199.016
199.016
199.017
199.018
199.017
199.016
199.016
199.016
199.016
199.017
199.018
199.018
199.019
199.018
199.017
199.016
199.015
199.015
199.015
199.015
199.015
199.016
199.017
199.018
199.017
199.016
199.016
199.016
199.016
199.016
199.016
199.017
199.017
199.016
199.016
199.015
199.015
199.015
199.015
199.015
199.016
199.016
199.017
199.018
199.017
199.016
199.016
199.016
199.016
199.016
199.016
199.016
199.016
199.016
199.015
199.015
199.015
199.015
199.015
199.015
199.016
199.016
199.017
199.018
199.017
199.016
199.016
199.016
199.016
199.016
199.015
199.015
199.015
199.015
199.015
199.015
199.015
199.015
199.015
199.015
199.016
199.016
199.017
199.018
199.017
199.017
199.016
199.016
199.016
199.016
199.016
199.015
199.015
199.015
199.015
199.015
199.015
199.015
199.015
199.016
199.016
199.017
199.017
199.018
199.018
199.017
199.017
199.017
199.016
199.016
199.016
199.016
199.016
199.016
199.016
199.015
199.016
199.016
199.016
199.016
199.017
199.017
199.018
199.019
199.018
199.018
199.018
199.017
199.017
199.017
199.017
199.016
199.016
199.016
199.016
199.016
199.016
199.016
199.016
199.017
199.017
199.017
199.018
199.02
199.019
199.019
199.019
199.019
199.018
199.018
199.018
199.017
199.017
199.017
199.017
199.017
199.017
199.017
199.017
199.017
199.018
199.018
199.018
)
;
    }
    fixedWalls
    {
        type            fixedFluxPressure;
        gradient        uniform 0;
        value           nonuniform List<scalar> 
800
(
198.938
198.936
198.934
198.932
198.93
198.928
198.927
198.926
198.924
198.923
198.937
198.936
198.934
198.932
198.929
198.927
198.925
198.923
198.922
198.921
198.937
198.936
198.934
198.931
198.929
198.926
198.923
198.922
198.921
198.92
198.937
198.936
198.934
198.931
198.928
198.925
198.922
198.921
198.92
198.919
198.937
198.936
198.934
198.931
198.928
198.925
198.922
198.92
198.919
198.919
198.937
198.936
198.934
198.932
198.928
198.924
198.922
198.92
198.919
198.919
198.936
198.935
198.934
198.932
198.928
198.924
198.922
198.92
198.919
198.919
198.936
198.935
198.934
198.932
198.928
198.924
198.922
198.92
198.919
198.919
198.936
198.935
198.934
198.932
198.929
198.925
198.921
198.919
198.918
198.918
198.936
198.935
198.934
198.932
198.929
198.925
198.921
198.919
198.918
198.918
198.937
198.935
198.934
198.932
198.929
198.926
198.921
198.919
198.918
198.917
198.937
198.936
198.934
198.932
198.929
198.926
198.921
198.919
198.918
198.917
198.937
198.936
198.935
198.932
198.93
198.926
198.921
198.919
198.917
198.917
198.937
198.936
198.935
198.933
198.929
198.926
198.921
198.918
198.917
198.917
198.937
198.936
198.934
198.932
198.929
198.925
198.92
198.918
198.917
198.917
198.937
198.935
198.934
198.931
198.928
198.924
198.92
198.919
198.918
198.918
198.937
198.935
198.933
198.931
198.927
198.923
198.921
198.919
198.918
198.918
198.937
198.935
198.933
198.93
198.927
198.924
198.921
198.92
198.919
198.919
198.937
198.936
198.933
198.93
198.927
198.925
198.923
198.921
198.921
198.92
198.938
198.936
198.934
198.931
198.929
198.927
198.926
198.925
198.924
198.922
198.938
198.936
198.934
198.931
198.929
198.927
198.926
198.925
198.924
198.922
198.938
198.936
198.934
198.931
198.929
198.927
198.926
198.924
198.923
198.921
198.938
198.936
198.934
198.931
198.929
198.927
198.925
198.923
198.921
198.92
198.937
198.936
198.934
198.931
198.928
198.926
198.923
198.922
198.92
198.92
198.937
198.936
198.933
198.931
198.928
198.925
198.923
198.921
198.92
198.919
198.937
198.935
198.933
198.931
198.928
198.925
198.922
198.92
198.919
198.919
198.937
198.935
198.933
198.931
198.927
198.924
198.922
198.92
198.919
198.919
198.936
198.935
198.933
198.931
198.928
198.924
198.922
198.92
198.919
198.918
198.936
198.935
198.934
198.931
198.928
198.925
198.922
198.92
198.919
198.918
198.937
198.935
198.934
198.932
198.929
198.925
198.922
198.92
198.918
198.918
198.937
198.936
198.934
198.932
198.93
198.926
198.922
198.92
198.918
198.918
198.937
198.936
198.934
198.932
198.93
198.927
198.922
198.92
198.918
198.918
198.937
198.936
198.935
198.932
198.93
198.926
198.922
198.92
198.918
198.918
198.937
198.936
198.935
198.932
198.929
198.925
198.922
198.92
198.919
198.919
198.937
198.936
198.934
198.932
198.928
198.925
198.922
198.92
198.919
198.919
198.937
198.936
198.934
198.931
198.928
198.925
198.922
198.92
198.919
198.919
198.938
198.936
198.934
198.932
198.929
198.926
198.923
198.921
198.92
198.92
198.939
198.937
198.935
198.932
198.929
198.927
198.924
198.923
198.921
198.92
198.94
198.937
198.935
198.933
198.93
198.928
198.926
198.925
198.923
198.922
198.94
198.938
198.936
198.934
198.932
198.93
198.929
198.928
198.926
198.924
198.938
198.936
198.934
198.932
198.93
198.928
198.927
198.926
198.924
198.923
198.937
198.936
198.934
198.932
198.929
198.927
198.925
198.923
198.922
198.921
198.937
198.936
198.934
198.931
198.929
198.926
198.923
198.922
198.921
198.92
198.937
198.936
198.934
198.931
198.928
198.925
198.922
198.921
198.92
198.919
198.937
198.936
198.934
198.931
198.928
198.925
198.922
198.92
198.919
198.919
198.937
198.936
198.934
198.932
198.928
198.924
198.922
198.92
198.919
198.919
198.936
198.935
198.934
198.932
198.928
198.924
198.922
198.92
198.919
198.919
198.936
198.935
198.934
198.932
198.928
198.924
198.922
198.92
198.919
198.919
198.936
198.935
198.934
198.932
198.929
198.925
198.921
198.919
198.918
198.918
198.936
198.935
198.934
198.932
198.929
198.925
198.921
198.919
198.918
198.918
198.937
198.935
198.934
198.932
198.929
198.926
198.921
198.919
198.918
198.917
198.937
198.936
198.934
198.932
198.929
198.926
198.921
198.919
198.918
198.917
198.937
198.936
198.935
198.932
198.93
198.926
198.921
198.919
198.917
198.917
198.937
198.936
198.935
198.933
198.929
198.926
198.921
198.918
198.917
198.917
198.937
198.936
198.934
198.932
198.929
198.925
198.92
198.918
198.917
198.917
198.937
198.935
198.934
198.931
198.928
198.924
198.92
198.919
198.918
198.918
198.937
198.935
198.933
198.931
198.927
198.923
198.921
198.919
198.918
198.918
198.937
198.935
198.933
198.93
198.927
198.924
198.921
198.92
198.919
198.919
198.937
198.936
198.933
198.93
198.927
198.925
198.923
198.921
198.921
198.92
198.938
198.936
198.934
198.931
198.929
198.927
198.926
198.925
198.924
198.922
198.938
198.936
198.934
198.931
198.929
198.927
198.926
198.925
198.924
198.922
198.938
198.936
198.934
198.931
198.929
198.927
198.926
198.924
198.923
198.921
198.938
198.936
198.934
198.931
198.929
198.927
198.925
198.923
198.921
198.92
198.937
198.936
198.934
198.931
198.928
198.926
198.923
198.922
198.92
198.92
198.937
198.936
198.933
198.931
198.928
198.925
198.923
198.921
198.92
198.919
198.937
198.935
198.933
198.931
198.928
198.925
198.922
198.92
198.919
198.919
198.937
198.935
198.933
198.931
198.927
198.924
198.922
198.92
198.919
198.919
198.936
198.935
198.933
198.931
198.928
198.924
198.922
198.92
198.919
198.918
198.936
198.935
198.934
198.931
198.928
198.925
198.922
198.92
198.919
198.918
198.937
198.935
198.934
198.932
198.929
198.925
198.922
198.92
198.918
198.918
198.937
198.936
198.934
198.932
198.93
198.926
198.922
198.92
198.918
198.918
198.937
198.936
198.934
198.932
198.93
198.927
198.922
198.92
198.918
198.918
198.937
198.936
198.935
198.932
198.93
198.926
198.922
198.92
198.918
198.918
198.937
198.936
198.935
198.932
198.929
198.925
198.922
198.92
198.919
198.919
198.937
198.936
198.934
198.932
198.928
198.925
198.922
198.92
198.919
198.919
198.937
198.936
198.934
198.931
198.928
198.925
198.922
198.92
198.919
198.919
198.938
198.936
198.934
198.932
198.929
198.926
198.923
198.921
198.92
198.92
198.939
198.937
198.935
198.932
198.929
198.927
198.924
198.923
198.921
198.92
198.94
198.937
198.935
198.933
198.93
198.928
198.926
198.925
198.923
198.922
198.94
198.938
198.936
198.934
198.932
198.93
198.929
198.928
198.926
198.924
)
;
    }
}


// ************************************************************************* //
