/*--------------------------------*- C++ -*----------------------------------*\
  =========                 |
  \\      /  F ield         | OpenFOAM: The Open Source CFD Toolbox
   \\    /   O peration     | Website:  https://openfoam.org
    \\  /    A nd           | Version:  9
     \\/     M anipulation  |
\*---------------------------------------------------------------------------*/
FoamFile
{
    format      ascii;
    class       volScalarField;
    location    "0.4";
    object      p_rgh;
}
// * * * * * * * * * * * * * * * * * * * * * * * * * * * * * * * * * * * * * //

dimensions      [1 -1 -2 0 0 0 0];

internalField   nonuniform List<scalar> 
7700
(
911.763
910.735
913.021
917.869
923.971
930.194
935.962
941.113
945.634
949.594
953.088
956.211
959.052
961.69
964.195
966.63
969.054
971.52
974.086
976.808
979.75
982.98
986.579
990.644
995.291
1000.66
1006.92
1014.28
1023
1033.42
1045.99
1061.23
1079.52
1101.17
1126.51
1155.71
1188.43
1223.6
1259.22
1292.52
1320.66
1340.6
1349.52
1355.68
1375.5
1400.52
910.742
908.942
910.508
914.734
920.024
925.54
930.805
935.616
939.915
943.724
947.104
950.129
952.877
955.423
957.835
960.178
962.515
964.906
967.412
970.097
973.029
976.286
979.956
984.144
988.976
994.601
1001.2
1009
1018.27
1029.32
1042.52
1058.36
1077.46
1100.21
1127.01
1158.1
1193.21
1231.31
1270.21
1306.57
1336.46
1356.27
1356.13
1347.91
1355.5
1389.43
908.913
907.923
909.554
912.736
916.855
921.316
925.71
929.822
933.56
936.908
939.895
942.574
945.007
947.262
949.407
951.507
953.626
955.829
958.182
960.757
963.629
966.884
970.618
974.947
980.004
985.952
992.984
1001.33
1011.28
1023.14
1037.29
1054.18
1074.37
1098.31
1126.37
1158.69
1194.99
1234.24
1274.38
1312.05
1342.96
1363.32
1364.16
1352.86
1350.05
1392.62
907.043
907.257
908.915
911.471
914.706
918.24
921.763
925.094
928.144
930.887
933.335
935.527
937.515
939.361
941.131
942.888
944.698
946.628
948.748
951.137
953.875
957.055
960.781
965.172
970.372
976.548
983.901
992.667
1003.12
1015.59
1030.43
1048.04
1068.88
1093.41
1121.94
1154.51
1190.77
1229.7
1269.4
1306.96
1338.57
1360.77
1370.71
1364.78
1371.63
1413.82
905.161
906.419
908.17
910.329
912.926
915.717
918.481
921.09
923.475
925.61
927.506
929.191
930.712
932.125
933.493
934.879
936.348
937.97
939.818
941.972
944.521
947.56
951.197
955.556
960.784
967.05
974.558
983.539
994.266
1007.04
1022.21
1040.12
1061.17
1085.74
1114.09
1146.18
1181.64
1219.53
1258.25
1295.41
1328.01
1353.19
1369.14
1379.24
1399.95
1450.68
902.985
905.048
906.992
908.91
911.016
913.186
915.285
917.237
918.999
920.557
921.92
923.114
924.178
925.164
926.135
927.151
928.278
929.585
931.147
933.047
935.374
938.228
941.718
945.97
951.131
957.372
964.888
973.908
984.689
997.519
1012.71
1030.57
1051.45
1075.65
1103.37
1134.54
1168.77
1205.26
1242.7
1279.22
1312.58
1340.58
1362.28
1383.27
1423.66
1490.18
900.509
903.162
905.339
907.088
908.778
910.401
911.898
913.242
914.418
915.423
916.273
916.99
917.61
918.182
918.764
919.418
920.208
921.201
922.474
924.108
926.196
928.835
932.137
936.226
941.247
947.366
954.773
963.683
974.339
987.007
1001.97
1019.5
1039.89
1063.4
1090.16
1120.08
1152.79
1187.59
1223.4
1258.77
1292.03
1321.68
1347.75
1377.7
1436.33
1519.64
897.791
900.909
903.286
904.864
906.162
907.275
908.21
908.979
909.592
910.062
910.409
910.658
910.842
911.006
911.207
911.505
911.961
912.643
913.624
914.987
916.82
919.223
922.304
926.185
931.007
936.926
944.125
952.804
963.186
975.512
990.039
1007.02
1026.67
1049.23
1074.78
1103.21
1134.16
1166.99
1200.75
1234.25
1266.16
1295.46
1322.8
1356.92
1428.73
1523.65
894.749
898.368
900.896
902.274
903.179
903.797
904.188
904.4
904.463
904.403
904.249
904.028
903.775
903.531
903.351
903.292
903.415
903.783
904.468
905.55
907.117
909.265
912.098
915.734
920.306
925.963
932.874
941.222
951.207
963.047
976.971
993.203
1011.94
1033.35
1057.52
1084.31
1113.32
1143.94
1175.24
1206.05
1235.11
1261.32
1285.04
1314.58
1389.32
1474.4
891.609
895.619
898.221
899.368
899.872
899.997
899.85
899.508
899.019
898.423
897.758
897.057
896.355
895.693
895.124
894.701
894.483
894.529
894.91
895.701
896.988
898.862
901.424
904.784
909.066
914.41
920.969
928.907
938.399
949.636
962.823
978.166
995.835
1015.98
1038.66
1063.7
1090.69
1118.94
1147.44
1174.87
1199.62
1219.82
1234.12
1246.75
1298.69
1319.32
7.34796
7.34427
7.34041
7.33533
7.33019
7.32575
7.32128
7.31747
7.31433
7.31168
7.30922
7.30658
7.30346
7.29959
7.29477
7.28884
7.28173
7.27341
7.26387
7.25325
7.24164
7.22926
7.21633
7.20301
7.18939
7.17619
7.16353
7.15119
7.13951
7.12863
7.11866
7.10969
7.10177
7.09491
7.08912
7.08438
7.0807
7.07811
7.07657
7.07597
7.34913
7.34602
7.34321
7.33923
7.33377
7.32765
7.32196
7.31722
7.31336
7.31009
7.30704
7.3039
7.30039
7.29624
7.29126
7.28528
7.27821
7.27001
7.26069
7.25035
7.2391
7.22713
7.21458
7.20166
7.18887
7.17599
7.1632
7.15101
7.13947
7.12874
7.11894
7.11012
7.10229
7.09547
7.08963
7.08478
7.08092
7.07811
7.07636
7.07581
7.3514
7.34707
7.34436
7.34011
7.33458
7.32822
7.3221
7.31678
7.31227
7.30832
7.30464
7.30095
7.29699
7.29251
7.28731
7.28123
7.27417
7.26608
7.25697
7.24691
7.236
7.22439
7.21225
7.19978
7.18727
7.17475
7.16234
7.15037
7.139
7.12837
7.11861
7.1098
7.10196
7.09509
7.08918
7.08421
7.08021
7.07725
7.07541
7.07506
7.35452
7.348
7.34377
7.33925
7.33359
7.32734
7.32129
7.31586
7.31109
7.3068
7.30275
7.29872
7.29445
7.28973
7.28436
7.27819
7.27112
7.26307
7.25407
7.24416
7.23344
7.22204
7.21015
7.19795
7.18563
7.17334
7.1612
7.14942
7.13816
7.12756
7.11776
7.10886
7.10091
7.09392
7.08787
7.08276
7.07861
7.07554
7.07373
7.07348
7.35722
7.34833
7.34203
7.33702
7.33143
7.32551
7.3198
7.3146
7.30992
7.30562
7.3015
7.29735
7.29295
7.28811
7.28265
7.27642
7.26932
7.26129
7.25232
7.24247
7.23181
7.22047
7.20862
7.19647
7.18419
7.17195
7.15989
7.14817
7.13693
7.12631
7.11642
7.10737
7.09923
7.09202
7.08576
7.08047
7.07618
7.07306
7.07137
7.07124
7.35829
7.3472
7.33892
7.33363
7.32838
7.32305
7.31791
7.31316
7.30881
7.30471
7.30071
7.29662
7.29224
7.28739
7.2819
7.27565
7.26854
7.26051
7.25155
7.2417
7.23101
7.21961
7.20767
7.19538
7.18296
7.17059
7.15843
7.14665
7.13537
7.12467
7.11464
7.10537
7.09694
7.08941
7.08284
7.0773
7.07289
7.06979
7.06829
7.06835
7.35602
7.34363
7.33399
7.32913
7.32463
7.32015
7.31579
7.31165
7.30776
7.30401
7.30027
7.29638
7.29214
7.28737
7.28193
7.2757
7.26859
7.26056
7.25157
7.24167
7.2309
7.21936
7.20722
7.19469
7.18198
7.16932
7.15692
7.14494
7.1335
7.12265
7.11242
7.10287
7.09405
7.08607
7.07908
7.07324
7.0687
7.06569
7.06442
7.06466
7.34744
7.33659
7.32693
7.32361
7.32038
7.31704
7.3136
7.31016
7.30681
7.30349
7.30012
7.29654
7.29255
7.28798
7.28267
7.27651
7.26942
7.26136
7.2523
7.24228
7.23135
7.2196
7.2072
7.19436
7.1813
7.16826
7.15547
7.14314
7.13138
7.12024
7.1097
7.09977
7.09047
7.08196
7.07446
7.06826
7.06361
7.0607
7.05968
7.0601
7.32508
7.32481
7.31817
7.31761
7.31604
7.31402
7.31158
7.30885
7.30604
7.30319
7.30024
7.29705
7.29341
7.28913
7.28404
7.27802
7.27099
7.26289
7.25371
7.2435
7.23232
7.22029
7.20758
7.19439
7.18093
7.16743
7.15414
7.14129
7.12903
7.1174
7.10639
7.09594
7.08609
7.07699
7.06895
7.06237
7.05759
7.05479
7.05402
7.05462
7.27467
7.3057
7.31006
7.31249
7.31237
7.31168
7.31013
7.30793
7.30558
7.30314
7.30063
7.29788
7.29466
7.29077
7.28599
7.28018
7.27326
7.26514
7.25583
7.24537
7.23387
7.22146
7.20834
7.19473
7.18082
7.16681
7.15293
7.13941
7.12644
7.11409
7.10238
7.09127
7.08078
7.07107
7.0625
7.05555
7.05064
7.04795
7.04739
7.04818
888.27
892.651
895.274
896.168
896.263
895.888
895.193
894.282
893.224
892.072
890.872
889.666
888.49
887.388
886.409
885.606
885.031
884.741
884.802
885.287
886.276
887.857
890.125
893.18
897.138
902.125
908.281
915.747
924.668
935.204
947.538
961.865
978.352
997.13
1018.25
1041.52
1066.47
1092.3
1117.85
1141.51
1161.05
1173.33
1174.03
1157.84
1127.21
932.274
884.758
889.469
892.063
892.692
892.373
891.487
890.222
888.715
887.054
885.31
883.541
881.794
880.11
878.536
877.12
875.912
874.959
874.313
874.035
874.194
874.867
876.135
878.088
880.814
884.416
889.012
894.727
901.676
909.965
919.714
931.087
944.281
959.481
976.824
996.369
1017.92
1040.92
1064.48
1087.24
1107.31
1122.03
1127.43
1117.41
1081.23
1004.83
854.384
881.136
886.111
888.622
888.986
888.261
886.853
884.991
882.849
880.547
878.172
875.796
873.472
871.246
869.168
867.288
865.652
864.301
863.28
862.644
862.459
862.798
863.737
865.358
867.736
870.958
875.136
880.386
886.794
894.411
903.303
913.612
925.555
939.364
955.226
973.231
993.19
1014.5
1036.14
1056.61
1073.89
1085.19
1086.63
1072.73
1035.7
967.495
885.207
877.48
882.596
884.974
885.1
883.997
882.06
879.567
876.747
873.758
870.707
867.681
864.737
861.927
859.307
856.93
854.839
853.065
851.644
850.625
850.073
850.057
850.65
851.926
853.943
856.766
860.512
865.297
871.176
878.118
886.101
895.246
905.811
918.118
932.456
948.99
967.556
987.524
1007.76
1026.66
1042.16
1051.63
1051.68
1038.14
1006.39
952.255
888.743
873.946
878.837
881.048
881.011
879.565
877.071
873.878
870.293
866.523
862.698
858.921
855.253
851.753
848.49
845.524
842.898
840.63
838.738
837.267
836.289
835.871
836.088
837.012
838.67
841.095
844.433
848.835
854.315
860.698
867.804
875.72
884.795
895.516
908.368
923.653
941.177
960.285
979.756
997.848
1012.59
1021.6
1022.07
1010.74
984.493
940.666
885.458
870.376
874.422
876.374
876.169
874.324
871.158
867.112
862.604
857.894
853.131
848.441
843.884
839.525
835.462
831.774
828.51
825.657
823.205
821.199
819.728
818.866
818.69
819.288
820.624
822.653
825.618
829.79
835.086
841.096
847.342
853.851
861.135
870.008
881.403
895.979
913.358
932.653
952.377
970.564
985.487
995.151
997.354
989.552
969.533
935.972
892.783
866.138
867.833
869.171
868.974
866.88
863.125
858.319
853.058
847.664
842.267
837.029
831.983
827.188
822.776
818.839
815.422
812.456
809.878
807.733
806.122
805.109
804.76
805.175
806.235
807.759
810.102
813.732
818.559
823.659
828.321
832.314
836.251
841.445
849.733
863.015
881.352
902.763
924.765
944.668
960.973
972.223
977.149
973.809
960.651
937.153
906.066
803.049
712.82
736.747
778.914
793.61
787.51
770.754
749.02
725.834
701.378
678.209
655.617
633.568
613.516
595.74
581.031
567.747
554.497
541.485
530.004
520.418
513.072
510.799
512.733
513.795
520.355
538.727
574.745
619.5
657.442
688.964
721.836
760.29
799.34
824.994
842.731
867.088
894.565
918.081
937.848
952.147
960.866
962.592
956.35
941.957
921.3
222.747
116.94
141.562
195.828
218.623
210.082
185.113
158.145
133.57
111.652
93.9102
78.6462
65.3177
54.6947
46.1638
39.6772
34.003
28.5772
23.5108
19.274
15.9288
13.4797
12.7151
13.0283
12.8797
15.2997
22.635
38.3986
60.3299
81.7932
103.67
132.956
184.769
297.626
504.575
712.753
819.751
868.396
890.502
913.014
931.821
946.453
954.53
955.485
949.474
937.904
-0.907606
-0.526108
-0.591415
-0.707621
-0.687274
-0.673171
-0.666656
-0.66238
-0.660892
-0.662794
-0.667805
-0.67664
-0.68796
-0.698124
-0.705825
-0.712192
-0.727043
-0.733706
-0.737798
-0.74236
-0.748033
-0.754506
-0.777876
-0.801641
-0.822507
-0.91337
-1.02119
-1.03539
-1.0356
-1.06954
-1.13651
-1.22736
-1.33085
-1.46149
2.6264
71.3237
369.945
773.645
889.908
895.972
910.378
930.114
946.161
955.876
958.753
955.815
-0.70648
-0.657747
-0.64441
-0.636229
-0.612763
-0.591841
-0.575948
-0.563375
-0.553995
-0.547605
-0.545307
-0.549477
-0.555198
-0.559525
-0.562923
-0.567061
-0.573437
-0.582944
-0.595883
-0.611438
-0.629072
-0.648236
-0.668234
-0.690691
-0.717091
-0.744337
-0.772109
-0.805693
-0.849255
-0.900519
-0.95491
-1.00832
-1.05289
-1.08287
-1.19424
-1.51059
0.728482
34.7159
345.368
881.815
923.123
924.665
938.148
954.528
967.071
973.685
-0.705121
-0.680352
-0.660348
-0.647372
-0.632502
-0.617159
-0.604182
-0.594027
-0.587056
-0.583031
-0.582849
-0.587495
-0.593972
-0.600258
-0.606449
-0.613557
-0.622535
-0.633852
-0.647627
-0.66365
-0.681685
-0.701551
-0.723111
-0.747102
-0.774495
-0.804397
-0.836387
-0.872583
-0.915538
-0.964672
-1.01763
-1.07101
-1.11968
-1.15213
-1.17013
-1.19998
-1.33753
-1.56171
1.68978
34.2362
240.757
856.2
970.349
967.366
977.256
990.013
-0.693334
-0.681636
-0.668544
-0.656659
-0.644806
-0.632824
-0.622393
-0.614272
-0.608898
-0.606263
-0.606353
-0.609228
-0.614565
-0.621773
-0.630432
-0.640459
-0.652023
-0.665302
-0.680399
-0.697318
-0.716077
-0.736781
-0.759664
-0.78522
-0.813958
-0.845869
-0.880973
-0.920146
-0.964626
-1.01435
-1.06802
-1.12375
-1.17847
-1.22817
-1.27189
-1.31006
-1.34729
-1.36958
-1.55665
-2.06443
0.264906
51.7591
211.977
815.926
1027.54
1022.54
-0.694631
-0.685755
-0.674832
-0.663358
-0.652325
-0.641847
-0.632859
-0.625978
-0.621507
-0.619579
-0.620209
-0.62337
-0.628881
-0.636435
-0.645772
-0.656783
-0.669496
-0.68398
-0.700289
-0.718462
-0.738575
-0.760783
-0.785352
-0.81267
-0.8431
-0.876817
-0.914019
-0.955234
-1.00102
-1.05125
-1.10507
-1.16124
-1.21849
-1.27556
-1.33454
-1.39638
-1.45863
-1.50931
-1.55696
-1.63013
-1.80475
-2.2228
-1.8311
48.8377
175.095
760.533
-0.702193
-0.693028
-0.682112
-0.670785
-0.660431
-0.651145
-0.643427
-0.637734
-0.634335
-0.633353
-0.634794
-0.63859
-0.6446
-0.652651
-0.662608
-0.674412
-0.68806
-0.703581
-0.72101
-0.740404
-0.76187
-0.785585
-0.811806
-0.840862
-0.873071
-0.908654
-0.947824
-0.990889
-1.03808
-1.08923
-1.14374
-1.20083
-1.25977
-1.32041
-1.38407
-1.45247
-1.52643
-1.60428
-1.68356
-1.7567
-1.81992
-1.89812
-2.0757
-2.32043
-2.07225
44.3414
-0.711678
-0.701807
-0.69067
-0.679705
-0.670186
-0.662091
-0.655653
-0.651195
-0.648937
-0.648983
-0.651341
-0.655947
-0.662701
-0.671494
-0.682249
-0.694926
-0.709519
-0.726046
-0.744551
-0.765116
-0.787877
-0.81303
-0.840828
-0.871561
-0.905521
-0.942938
-0.983996
-1.02886
-1.0776
-1.13006
-1.18584
-1.24444
-1.30545
-1.36883
-1.43541
-1.50642
-1.58314
-1.66646
-1.75843
-1.85656
-1.94861
-2.03095
-2.10924
-2.171
-2.33593
-2.49028
-0.722522
-0.711717
-0.700585
-0.690256
-0.68168
-0.674753
-0.669551
-0.666296
-0.665156
-0.666218
-0.669498
-0.674956
-0.682524
-0.69213
-0.703721
-0.71727
-0.732779
-0.750281
-0.769836
-0.791549
-0.815582
-0.842143
-0.871478
-0.903854
-0.939541
-0.978759
-1.02165
-1.0683
-1.11867
-1.17264
-1.22989
-1.29007
-1.35293
-1.41847
-1.48717
-1.55987
-1.63749
-1.72111
-1.81242
-1.91146
-2.01462
-2.12154
-2.22568
-2.30973
-2.40083
-2.46765
-0.734145
-0.722852
-0.712068
-0.702568
-0.694967
-0.689143
-0.685091
-0.682951
-0.68285
-0.68486
-0.689004
-0.695267
-0.703611
-0.713991
-0.726374
-0.740749
-0.757134
-0.775577
-0.796158
-0.819004
-0.844292
-0.872236
-0.903075
-0.937061
-0.974442
-1.01543
-1.06013
-1.10855
-1.16062
-1.21616
-1.27493
-1.33664
-1.40109
-1.46826
-1.53848
-1.61234
-1.69051
-1.77378
-1.86309
-1.95871
-2.0598
-2.16725
-2.2791
-2.38939
-2.50098
-2.59121
-0.746483
-0.735287
-0.72524
-0.716709
-0.710077
-0.705274
-0.702264
-0.70113
-0.701965
-0.704834
-0.709769
-0.716774
-0.725835
-0.736931
-0.750047
-0.765189
-0.782393
-0.801724
-0.823285
-0.847223
-0.873724
-0.903007
-0.9353
-0.970835
-1.00984
-1.05251
-1.09894
-1.14908
-1.2028
-1.25991
-1.32015
-1.38325
-1.44902
-1.51741
-1.58861
-1.66309
-1.74141
-1.82419
-1.91199
-2.00499
-2.10297
-2.20625
-2.31424
-2.42557
-2.54117
-2.6527
-0.759595
-0.74907
-0.740087
-0.732617
-0.726941
-0.723076
-0.720996
-0.720753
-0.722423
-0.726063
-0.731714
-0.739394
-0.749109
-0.760857
-0.774641
-0.790485
-0.808441
-0.828594
-0.85107
-0.876032
-0.903681
-0.934236
-0.967914
-1.00492
-1.04546
-1.0897
-1.1377
-1.18941
-1.24466
-1.3032
-1.36477
-1.42907
-1.49589
-1.56514
-1.63695
-1.71164
-1.78974
-1.87176
-1.95816
-2.04913
-2.14457
-2.24447
-2.34835
-2.45559
-2.5661
-2.67775
-0.773541
-0.764163
-0.756431
-0.750054
-0.745306
-0.742299
-0.741042
-0.741585
-0.743993
-0.748323
-0.754618
-0.762909
-0.773214
-0.785548
-0.799935
-0.816415
-0.835057
-0.855965
-0.879282
-0.90519
-0.933903
-0.965645
-1.00062
-1.03902
-1.08099
-1.12667
-1.17609
-1.22917
-1.28573
-1.34549
-1.40815
-1.4734
-1.54098
-1.61077
-1.68284
-1.75746
-1.83506
-1.91612
-2.00106
-2.09011
-2.18328
-2.28044
-2.38111
-2.4847
-2.59086
-2.69858
-0.788342
-0.780433
-0.773969
-0.768646
-0.764772
-0.762539
-0.762009
-0.763243
-0.766306
-0.771251
-0.778126
-0.786965
-0.797799
-0.81066
-0.825589
-0.842644
-0.861911
-0.88351
-0.907598
-0.93437
-0.96405
-0.996872
-1.03304
-1.07271
-1.11601
-1.163
-1.2137
-1.26798
-1.32563
-1.38636
-1.44982
-1.51571
-1.58374
-1.65375
-1.72577
-1.80003
-1.87691
-1.95685
-2.04026
-2.12741
-2.2184
-2.31311
-2.41111
-2.51183
-2.6148
-2.71939
-0.803943
-0.797644
-0.792336
-0.787972
-0.784898
-0.783362
-0.783481
-0.785333
-0.788982
-0.794481
-0.801877
-0.811209
-0.822518
-0.83585
-0.851264
-0.868837
-0.888673
-0.910901
-0.935689
-0.963236
-0.993777
-1.02755
-1.06475
-1.10555
-1.15002
-1.1982
-1.25002
-1.30533
-1.36388
-1.42534
-1.48937
-1.55561
-1.62378
-1.69372
-1.76542
-1.83907
-1.91503
-1.99374
-2.0756
-2.16091
-2.24984
-2.34234
-2.43808
-2.53652
-2.63714
-2.73943
-0.820174
-0.815463
-0.811137
-0.807623
-0.805278
-0.804385
-0.805103
-0.807523
-0.811708
-0.817712
-0.825581
-0.835358
-0.847093
-0.860845
-0.87669
-0.894725
-0.915066
-0.937857
-0.963268
-0.9915
-1.02278
-1.05736
-1.09543
-1.13716
-1.18261
-1.23177
-1.28454
-1.34071
-1.39998
-1.46199
-1.52636
-1.59273
-1.66082
-1.73045
-1.80161
-1.87447
-1.94938
-2.02678
-2.10709
-2.19066
-2.27774
-2.36833
-2.46224
-2.55899
-2.65803
-2.75879
-0.836737
-0.833475
-0.82996
-0.827207
-0.825544
-0.825267
-0.826559
-0.829518
-0.834206
-0.840675
-0.848975
-0.859155
-0.871271
-0.885396
-0.90162
-0.920055
-0.940835
-0.964112
-0.990062
-1.01888
-1.05079
-1.08603
-1.1248
-1.16725
-1.21345
-1.26336
-1.31685
-1.37367
-1.43348
-1.49586
-1.56041
-1.62675
-1.69459
-1.76376
-1.83425
-1.90623
-1.98004
-2.05612
-2.13496
-2.21697
-2.30246
-2.39154
-2.4841
-2.57977
-2.67792
-2.77783
-0.853243
-0.85123
-0.848398
-0.846348
-0.845342
-0.84567
-0.847527
-0.851007
-0.856171
-0.863073
-0.871767
-0.882308
-0.894765
-0.909219
-0.925772
-0.944548
-0.965694
-0.989375
-1.01577
-1.04507
-1.0775
-1.11327
-1.15257
-1.19555
-1.24228
-1.29271
-1.34669
-1.40393
-1.46407
-1.52666
-1.59125
-1.65744
-1.72493
-1.79357
-1.86335
-1.93443
-2.00717
-2.08203
-2.15956
-2.24026
-2.32452
-2.41254
-2.5043
-2.59945
-2.69732
-2.79696
-0.869279
-0.868301
-0.866075
-0.864696
-0.864332
-0.865262
-0.867675
-0.871659
-0.877274
-0.884578
-0.893631
-0.9045
-0.917261
-0.932004
-0.94884
-0.967901
-0.989342
-1.01334
-1.04008
-1.06975
-1.10258
-1.13874
-1.17844
-1.2218
-1.26887
-1.31962
-1.37387
-1.43133
-1.49162
-1.55426
-1.61878
-1.68475
-1.75187
-1.81997
-1.88905
-1.95929
-2.03106
-2.10487
-2.18133
-2.26103
-2.34447
-2.43193
-2.52345
-2.61865
-2.71676
-2.81656
-0.884473
-0.884341
-0.882682
-0.881953
-0.882219
-0.883742
-0.886696
-0.891165
-0.897208
-0.904887
-0.914271
-0.925436
-0.938469
-0.953468
-0.970546
-0.989839
-1.01151
-1.03573
-1.0627
-1.09263
-1.12571
-1.16215
-1.2021
-1.24569
-1.29297
-1.34387
-1.39823
-1.45576
-1.51607
-1.57867
-1.64307
-1.70883
-1.7756
-1.84321
-1.91167
-1.98118
-2.05212
-2.12507
-2.20072
-2.27976
-2.3628
-2.4502
-2.54202
-2.63782
-2.73669
-2.83713
-0.898524
-0.899085
-0.897982
-0.897885
-0.898767
-0.900867
-0.904345
-0.909279
-0.915729
-0.923761
-0.933454
-0.944892
-0.958172
-0.973395
-0.990677
-1.01015
-1.03198
-1.05634
-1.08344
-1.11349
-1.14669
-1.18325
-1.22332
-1.26701
-1.31435
-1.36529
-1.41965
-1.47716
-1.53742
-1.59996
-1.66427
-1.72988
-1.79642
-1.86368
-1.93167
-2.00058
-2.07085
-2.14312
-2.21818
-2.29686
-2.37989
-2.4677
-2.56032
-2.65727
-2.75747
-2.85915
-0.911204
-0.912334
-0.911795
-0.912315
-0.913796
-0.916457
-0.920441
-0.925821
-0.93266
-0.94103
-0.951014
-0.962707
-0.976209
-0.991628
-1.00908
-1.02869
-1.05062
-1.07504
-1.10216
-1.13219
-1.16537
-1.2019
-1.24195
-1.28561
-1.3329
-1.38376
-1.43804
-1.49548
-1.55569
-1.61822
-1.68254
-1.74815
-1.81465
-1.88178
-1.94949
-2.01799
-2.08774
-2.15948
-2.23413
-2.31269
-2.39601
-2.48464
-2.57855
-2.67718
-2.77937
-2.88319
-0.92235
-0.923948
-0.923984
-0.925104
-0.927169
-0.930374
-0.934847
-0.940657
-0.94787
-0.956563
-0.966825
-0.978755
-0.992458
-1.00804
-1.02562
-1.04533
-1.0673
-1.0917
-1.11873
-1.14863
-1.18164
-1.21803
-1.25794
-1.30144
-1.34856
-1.39925
-1.45338
-1.51072
-1.57092
-1.63353
-1.69801
-1.76384
-1.83053
-1.89778
-1.96546
-2.03375
-2.10316
-2.1745
-2.24888
-2.32749
-2.41138
-2.50118
-2.59681
-2.69756
-2.80247
-2.90986
-0.931851
-0.933824
-0.934448
-0.936151
-0.938784
-0.942516
-0.947458
-0.953679
-0.961251
-0.970254
-0.980779
-0.992928
-1.00681
-1.02253
-1.0402
-1.05995
-1.08191
-1.10622
-1.13309
-1.16274
-1.19551
-1.2317
-1.27139
-1.31463
-1.36146
-1.41187
-1.46578
-1.523
-1.5832
-1.64596
-1.71073
-1.77694
-1.84405
-1.91164
-1.97953
-2.04785
-2.11712
-2.18829
-2.26261
-2.34153
-2.42632
-2.51773
-2.61556
-2.71909
-2.82767
-2.93824
-0.939631
-0.941883
-0.943107
-0.945376
-0.948564
-0.952806
-0.958198
-0.964814
-0.972729
-0.982026
-0.9928
-1.00515
-1.01919
-1.03502
-1.05276
-1.07253
-1.09444
-1.11865
-1.14532
-1.17473
-1.20734
-1.24334
-1.28277
-1.32565
-1.37207
-1.42208
-1.47565
-1.53263
-1.59273
-1.65554
-1.72054
-1.7871
-1.85463
-1.92265
-1.99089
-2.05948
-2.12896
-2.20038
-2.27517
-2.35495
-2.44121
-2.53485
-2.63574
-2.74342
-2.85545
-2.9673
-0.945646
-0.948057
-0.94989
-0.952716
-0.956448
-0.961184
-0.967013
-0.97401
-0.982259
-0.991846
-1.00287
-1.01543
-1.02963
-1.04558
-1.0634
-1.0832
-1.1051
-1.12924
-1.15581
-1.18518
-1.21768
-1.25348
-1.2926
-1.33503
-1.38093
-1.43039
-1.48344
-1.53998
-1.59975
-1.66237
-1.72731
-1.79396
-1.86169
-1.92999
-1.99859
-2.06763
-2.13773
-2.21002
-2.28603
-2.3675
-2.45597
-2.55248
-2.65725
-2.76844
-2.88294
-2.99814
-0.949896
-0.952334
-0.954764
-0.958145
-0.96241
-0.967625
-0.973874
-0.981242
-0.989818
-0.999699
-1.01098
-1.02377
-1.03817
-1.05428
-1.07223
-1.09213
-1.1141
-1.13829
-1.16493
-1.19429
-1.22667
-1.26219
-1.30083
-1.34269
-1.38796
-1.43676
-1.48915
-1.54508
-1.60434
-1.66657
-1.73124
-1.79775
-1.86546
-1.93388
-2.00279
-2.07237
-2.14336
-2.21698
-2.29482
-2.37861
-2.46981
-2.56931
-2.67722
-2.79198
-2.90962
-3.02709
-0.952396
-0.954825
-0.9578
-0.961716
-0.966482
-0.972145
-0.978791
-0.986511
-0.995406
-1.00558
-1.01712
-1.03016
-1.04478
-1.0611
-1.07922
-1.09927
-1.12137
-1.14567
-1.17236
-1.20167
-1.2338
-1.26884
-1.30688
-1.34808
-1.39264
-1.44071
-1.49239
-1.54768
-1.6064
-1.66821
-1.73262
-1.79898
-1.86667
-1.93521
-2.00441
-2.07457
-2.14651
-2.22158
-2.30142
-2.38773
-2.48185
-2.58441
-2.6952
-2.81279
-2.93398
-3.05489
-0.953232
-0.955537
-0.959075
-0.963518
-0.968745
-0.974815
-0.981819
-0.989859
-0.999042
-1.00948
-1.02127
-1.03453
-1.04937
-1.06588
-1.08419
-1.10438
-1.1266
-1.15096
-1.17763
-1.20676
-1.2385
-1.27299
-1.31037
-1.35084
-1.39463
-1.44193
-1.49289
-1.54756
-1.60581
-1.6673
-1.73153
-1.79785
-1.86561
-1.93431
-2.00384
-2.07456
-2.14742
-2.22387
-2.30561
-2.39434
-2.49128
-2.59687
-2.71064
-2.83107
-2.95544
-3.08017
-0.952281
-0.954737
-0.958714
-0.963618
-0.969256
-0.975685
-0.983004
-0.991322
-1.00075
-1.01142
-1.02342
-1.03687
-1.05189
-1.06857
-1.08701
-1.10731
-1.12959
-1.15393
-1.18047
-1.20933
-1.24063
-1.27453
-1.31121
-1.35091
-1.39389
-1.4404
-1.49065
-1.54472
-1.60253
-1.66376
-1.72788
-1.7942
-1.86205
-1.93094
-2.00078
-2.07202
-2.14572
-2.22343
-2.30691
-2.39781
-2.49728
-2.60562
-2.72219
-2.84543
-2.97275
-3.10067
-0.949717
-0.952379
-0.956734
-0.96204
-0.968035
-0.974774
-0.982363
-0.990917
-1.00056
-1.0114
-1.02357
-1.03718
-1.05233
-1.06912
-1.08765
-1.108
-1.13026
-1.15451
-1.18084
-1.20935
-1.24017
-1.27344
-1.3094
-1.34829
-1.39044
-1.43615
-1.48567
-1.53915
-1.59652
-1.65748
-1.72145
-1.78775
-1.85564
-1.92465
-1.99473
-2.06641
-2.14085
-2.21967
-2.30467
-2.39742
-2.49898
-2.60955
-2.72845
-2.85414
-2.98411
-3.11486
-0.945626
-0.948477
-0.953155
-0.958801
-0.965097
-0.972096
-0.979907
-0.988651
-0.998454
-1.00944
-1.02173
-1.03544
-1.05067
-1.06752
-1.08608
-1.10641
-1.12859
-1.15267
-1.17872
-1.20682
-1.2371
-1.26971
-1.3049
-1.34295
-1.38423
-1.42911
-1.4779
-1.53076
-1.58766
-1.64828
-1.71204
-1.7782
-1.84602
-1.91503
-1.98523
-2.05722
-2.13226
-2.21198
-2.29819
-2.39237
-2.49545
-2.60762
-2.72822
-2.85582
-2.98805
-3.12136
-0.940066
-0.943069
-0.948008
-0.953928
-0.960465
-0.967668
-0.97565
-0.984537
-0.994456
-1.00554
-1.0179
-1.03166
-1.04692
-1.06377
-1.08229
-1.10254
-1.12456
-1.14839
-1.1741
-1.20174
-1.23142
-1.26332
-1.29769
-1.33486
-1.37524
-1.41923
-1.4672
-1.51937
-1.57571
-1.63589
-1.69932
-1.76522
-1.83283
-1.90169
-1.97185
-2.044
-2.11942
-2.19976
-2.28675
-2.3818
-2.48577
-2.59882
-2.72043
-2.84934
-2.98337
-3.11896
-0.933091
-0.936202
-0.941337
-0.947463
-0.954178
-0.961527
-0.969628
-0.978608
-0.988597
-0.999723
-1.01211
-1.02587
-1.0411
-1.05788
-1.0763
-1.09638
-1.11817
-1.1417
-1.16699
-1.1941
-1.22313
-1.25427
-1.28778
-1.32402
-1.36342
-1.40646
-1.45352
-1.50486
-1.56047
-1.62003
-1.68293
-1.74837
-1.8156
-1.88417
-1.95417
-2.0263
-2.10184
-2.18241
-2.26967
-2.36495
-2.46905
-2.58223
-2.70412
-2.83371
-2.96902
-3.10658
-0.924757
-0.927936
-0.933202
-0.939466
-0.946296
-0.953735
-0.961902
-0.970924
-0.980932
-0.992053
-1.00441
-1.01811
-1.03325
-1.04991
-1.06815
-1.088
-1.10949
-1.13263
-1.15743
-1.18395
-1.21227
-1.24259
-1.27518
-1.31042
-1.34878
-1.39076
-1.43678
-1.48712
-1.5418
-1.60049
-1.66259
-1.72733
-1.79395
-1.86204
-1.93169
-2.00357
-2.07894
-2.15933
-2.24628
-2.34105
-2.4445
-2.557
-2.67841
-2.80796
-2.94391
-3.08299
-0.915131
-0.91834
-0.923676
-0.930013
-0.936898
-0.944371
-0.952552
-0.961568
-0.971545
-0.982609
-0.994881
-1.00847
-1.02346
-1.03992
-1.05792
-1.07747
-1.09858
-1.12126
-1.14551
-1.17136
-1.19892
-1.22835
-1.25996
-1.29413
-1.33136
-1.37215
-1.41696
-1.46609
-1.51957
-1.57711
-1.63812
-1.70186
-1.76762
-1.83499
-1.90405
-1.97543
-2.05027
-2.12997
-2.21595
-2.30945
-2.41139
-2.52233
-2.64238
-2.77103
-2.90679
-3.04673
-0.904282
-0.907489
-0.912841
-0.919193
-0.926077
-0.933533
-0.941678
-0.950637
-0.960535
-0.971493
-0.983627
-0.997041
-1.01182
-1.02803
-1.04572
-1.06489
-1.08556
-1.10771
-1.13133
-1.15646
-1.18318
-1.21167
-1.24222
-1.27524
-1.31122
-1.35068
-1.3941
-1.44177
-1.49376
-1.54981
-1.60938
-1.67179
-1.73638
-1.80276
-1.87098
-1.94156
-2.01547
-2.09395
-2.17831
-2.26974
-2.3693
-2.47773
-2.59539
-2.722
-2.85636
-2.9961
-0.892282
-0.89546
-0.90078
-0.907095
-0.913929
-0.92132
-0.929384
-0.938241
-0.948011
-0.958813
-0.970759
-0.983945
-0.998455
-1.01435
-1.03165
-1.05039
-1.07054
-1.09209
-1.11502
-1.13935
-1.16518
-1.19266
-1.2221
-1.25388
-1.2885
-1.32648
-1.36828
-1.41424
-1.46442
-1.51862
-1.57638
-1.63708
-1.70015
-1.7652
-1.83225
-1.90167
-1.97425
-2.051
-2.13309
-2.22172
-2.31802
-2.42297
-2.53708
-2.66036
-2.79194
-2.93009
-0.879197
-0.882326
-0.887574
-0.893807
-0.900548
-0.907832
-0.915772
-0.924483
-0.93408
-0.944679
-0.956385
-0.96929
-0.983472
-0.998982
-1.01585
-1.03408
-1.05365
-1.07453
-1.09671
-1.12019
-1.14506
-1.17148
-1.19972
-1.23018
-1.26333
-1.29967
-1.33966
-1.38364
-1.43169
-1.48368
-1.53922
-1.59781
-1.65893
-1.72227
-1.78775
-1.85562
-1.92641
-2.00093
-2.08017
-2.16531
-2.25757
-2.35803
-2.46741
-2.58594
-2.71313
-2.84802
-0.865085
-0.868149
-0.873292
-0.879406
-0.886017
-0.893156
-0.900934
-0.909459
-0.918842
-0.929191
-0.940607
-0.953179
-0.966977
-0.982048
-0.998414
-1.01607
-1.035
-1.05516
-1.07652
-1.0991
-1.12295
-1.14825
-1.17524
-1.2043
-1.23587
-1.27043
-1.30843
-1.35018
-1.39581
-1.44523
-1.49815
-1.55418
-1.61292
-1.67408
-1.73754
-1.80338
-1.87191
-1.94369
-2.01956
-2.10062
-2.18809
-2.28314
-2.38659
-2.49889
-2.61994
-2.74952
-0.849996
-0.852983
-0.857994
-0.863957
-0.870407
-0.877369
-0.88495
-0.893251
-0.902379
-0.912435
-0.923515
-0.935703
-0.949063
-0.963638
-0.979444
-0.996474
-1.0147
-1.03407
-1.05457
-1.07619
-1.09898
-1.1231
-1.14878
-1.17636
-1.20627
-1.23894
-1.27478
-1.3141
-1.35704
-1.40357
-1.4535
-1.50656
-1.56244
-1.62092
-1.68183
-1.74512
-1.81087
-1.87943
-1.95145
-2.0279
-2.10995
-2.19875
-2.29516
-2.39977
-2.51282
-2.6347
-0.833969
-0.836871
-0.841729
-0.847516
-0.853776
-0.860533
-0.867884
-0.875928
-0.884762
-0.894484
-0.905184
-0.916939
-0.92981
-0.943835
-0.959027
-0.975372
-0.992837
-1.01138
-1.03096
-1.05157
-1.07325
-1.09615
-1.12047
-1.14652
-1.17469
-1.20537
-1.23893
-1.27566
-1.31571
-1.35909
-1.40571
-1.45539
-1.50796
-1.56324
-1.62105
-1.68122
-1.74367
-1.8085
-1.8762
-1.94759
-2.02369
-2.10553
-2.19395
-2.28957
-2.39287
-2.50458
-0.817035
-0.819848
-0.824536
-0.830125
-0.836172
-0.842698
-0.849792
-0.857546
-0.866052
-0.875401
-0.885677
-0.896955
-0.909289
-0.922714
-0.937239
-0.952848
-0.969505
-0.987161
-1.00577
-1.02533
-1.04587
-1.0675
-1.09042
-1.11489
-1.14127
-1.16989
-1.2011
-1.23513
-1.27214
-1.31218
-1.35522
-1.40121
-1.45005
-1.50165
-1.55581
-1.6123
-1.67088
-1.7315
-1.79445
-1.86036
-1.93007
-2.00443
-2.08413
-2.16976
-2.26186
-2.36122
-0.799222
-0.801943
-0.806449
-0.811822
-0.817636
-0.823907
-0.830718
-0.838153
-0.846299
-0.855239
-0.865053
-0.87581
-0.887563
-0.900341
-0.914152
-0.928978
-0.944779
-0.961506
-0.979112
-0.997577
-1.01693
-1.03726
-1.05874
-1.0816
-1.10615
-1.13268
-1.16148
-1.19276
-1.22665
-1.26324
-1.30254
-1.34457
-1.38935
-1.43684
-1.48686
-1.53913
-1.59333
-1.64926
-1.70704
-1.76713
-1.83014
-1.89667
-1.96722
-2.04221
-2.12209
-2.2075
-0.780551
-0.783181
-0.787495
-0.792639
-0.798203
-0.804198
-0.810703
-0.817793
-0.825548
-0.834046
-0.843363
-0.853562
-0.864691
-0.876781
-0.889835
-0.903834
-0.918738
-0.934495
-0.951056
-0.968395
-0.986526
-1.00553
-1.02554
-1.04677
-1.06946
-1.09388
-1.12026
-1.14878
-1.17954
-1.21263
-1.24811
-1.28605
-1.32653
-1.36958
-1.41505
-1.46266
-1.51201
-1.56283
-1.61509
-1.66908
-1.72519
-1.78375
-1.84502
-1.90921
-1.97647
-2.0471
-0.761044
-0.763584
-0.767702
-0.772606
-0.777904
-0.783607
-0.789784
-0.796506
-0.803844
-0.811871
-0.820657
-0.830263
-0.840733
-0.852096
-0.864354
-0.877489
-0.891459
-0.906212
-0.921696
-0.937878
-0.954762
-0.972407
-0.990931
-1.01051
-1.03135
-1.05367
-1.07765
-1.10343
-1.1311
-1.16072
-1.19237
-1.22617
-1.26224
-1.30064
-1.34129
-1.38389
-1.42805
-1.47342
-1.51987
-1.56755
-1.61665
-1.66729
-1.71945
-1.77309
-1.82801
-1.88421
-0.740724
-0.743177
-0.747095
-0.751751
-0.756772
-0.762167
-0.767999
-0.774331
-0.781228
-0.788758
-0.796986
-0.805968
-0.815747
-0.82635
-0.83778
-0.850018
-0.863024
-0.876744
-0.891124
-0.906126
-0.921743
-0.938016
-0.955041
-0.972961
-0.99195
-1.01218
-1.03381
-1.05692
-1.08158
-1.10783
-1.13574
-1.16544
-1.19708
-1.23077
-1.26645
-1.30387
-1.34262
-1.38232
-1.42279
-1.46403
-1.50611
-1.54897
-1.59239
-1.63607
-1.67956
-1.72274
-0.719615
-0.721985
-0.725703
-0.730105
-0.73484
-0.739915
-0.745386
-0.75131
-0.757747
-0.764758
-0.772403
-0.780735
-0.789797
-0.799612
-0.810186
-0.821501
-0.833518
-0.846183
-0.859441
-0.873247
-0.887584
-0.902477
-0.917998
-0.934266
-0.951422
-0.969606
-0.988931
-1.00946
-1.03123
-1.05424
-1.07856
-1.1043
-1.13162
-1.16064
-1.19137
-1.22357
-1.25687
-1.29086
-1.32531
-1.36013
-1.39529
-1.43062
-1.46577
-1.50026
-1.53361
-1.56566
-0.697747
-0.700037
-0.703555
-0.7077
-0.712143
-0.716888
-0.721987
-0.72749
-0.73345
-0.739923
-0.746966
-0.754629
-0.762951
-0.771958
-0.781655
-0.792027
-0.803037
-0.814632
-0.826756
-0.839358
-0.852411
-0.865924
-0.879951
-0.894582
-0.909932
-0.926116
-0.943216
-0.961273
-0.980284
-1.00024
-1.02116
-1.04314
-1.06633
-1.09086
-1.11676
-1.14386
-1.17182
-1.20024
-1.22882
-1.2574
-1.28591
-1.3141
-1.34155
-1.36776
-1.39231
-1.41501
-0.675151
-0.677364
-0.680685
-0.684573
-0.68872
-0.69313
-0.697848
-0.702919
-0.708391
-0.714314
-0.720741
-0.727718
-0.735286
-0.74347
-0.752276
-0.761692
-0.771684
-0.782202
-0.793188
-0.804587
-0.816362
-0.828509
-0.841058
-0.854081
-0.867666
-0.881907
-0.896865
-0.912563
-0.928976
-0.946067
-0.963826
-0.982306
-1.00163
-1.02192
-1.04324
-1.06547
-1.08834
-1.11144
-1.13447
-1.15721
-1.1795
-1.2011
-1.22159
-1.24047
-1.25743
-1.27221
-0.651864
-0.654004
-0.657131
-0.660764
-0.664615
-0.668687
-0.67302
-0.677653
-0.682629
-0.687993
-0.693795
-0.70008
-0.706885
-0.714236
-0.722144
-0.730598
-0.739569
-0.749009
-0.758861
-0.769067
-0.779581
-0.790383
-0.801488
-0.812942
-0.824815
-0.83718
-0.850089
-0.863549
-0.877526
-0.891961
-0.906809
-0.92208
-0.937852
-0.954238
-0.971304
-0.988993
-1.00708
-1.02524
-1.04314
-1.06052
-1.07719
-1.0929
-1.10724
-1.11977
-1.13024
-1.13832
-0.627927
-0.629996
-0.632932
-0.636315
-0.639873
-0.643608
-0.647555
-0.651748
-0.656223
-0.661026
-0.666199
-0.671787
-0.677826
-0.684343
-0.691351
-0.698843
-0.706796
-0.715166
-0.723896
-0.732927
-0.742205
-0.751699
-0.761402
-0.771341
-0.781567
-0.792138
-0.803094
-0.814442
-0.826143
-0.838127
-0.850322
-0.862696
-0.875277
-0.888139
-0.901347
-0.91488
-0.92859
-0.94221
-0.95544
-0.968011
-0.979698
-0.990244
-0.999288
-1.00645
-1.01146
-1.01401
-0.603382
-0.605383
-0.608133
-0.611271
-0.614541
-0.617942
-0.621504
-0.625256
-0.629232
-0.633471
-0.638016
-0.642907
-0.648181
-0.653867
-0.65998
-0.666518
-0.673462
-0.680774
-0.6884
-0.696281
-0.704358
-0.712586
-0.720944
-0.729436
-0.738094
-0.746961
-0.756072
-0.765434
-0.775013
-0.784741
-0.794531
-0.804316
-0.814076
-0.823836
-0.833635
-0.843471
-0.853251
-0.862783
-0.871821
-0.880116
-0.887442
-0.893551
-0.89812
-0.900823
-0.901384
-0.899545
-0.578272
-0.580207
-0.582776
-0.585676
-0.588664
-0.591736
-0.594916
-0.59823
-0.601707
-0.605385
-0.609303
-0.613502
-0.618017
-0.62288
-0.628107
-0.633703
-0.639652
-0.645923
-0.652469
-0.659229
-0.666144
-0.673158
-0.680235
-0.68736
-0.694543
-0.701813
-0.709196
-0.716703
-0.72431
-0.73196
-0.739568
-0.747049
-0.754342
-0.761423
-0.768294
-0.774944
-0.78131
-0.78726
-0.792611
-0.797159
-0.800706
-0.803034
-0.803869
-0.802933
-0.800003
-0.794915
-0.552643
-0.554514
-0.556904
-0.559573
-0.562288
-0.565038
-0.567842
-0.57072
-0.573703
-0.576823
-0.580121
-0.583635
-0.587402
-0.591454
-0.595811
-0.60048
-0.605454
-0.610707
-0.616197
-0.621871
-0.627666
-0.633522
-0.639389
-0.645234
-0.651049
-0.656841
-0.662628
-0.66842
-0.674206
-0.679944
-0.685565
-0.690984
-0.696119
-0.700912
-0.705322
-0.709312
-0.712824
-0.715759
-0.71798
-0.719336
-0.719672
-0.718816
-0.716554
-0.712676
-0.707091
-0.699727
-0.526544
-0.528347
-0.530563
-0.533011
-0.535463
-0.537899
-0.540332
-0.542782
-0.545275
-0.547847
-0.550535
-0.553379
-0.556415
-0.559675
-0.563182
-0.566948
-0.570971
-0.575232
-0.579698
-0.584319
-0.589038
-0.593792
-0.598522
-0.603181
-0.60774
-0.612187
-0.616524
-0.620756
-0.62488
-0.628872
-0.632683
-0.636244
-0.639474
-0.642299
-0.644651
-0.646466
-0.647674
-0.64818
-0.647875
-0.646639
-0.644356
-0.640902
-0.636125
-0.6299
-0.62229
-0.613262
-0.500021
-0.50175
-0.503796
-0.506038
-0.50824
-0.510372
-0.512444
-0.514472
-0.516487
-0.518522
-0.520616
-0.522809
-0.525137
-0.527632
-0.530319
-0.533213
-0.536317
-0.539619
-0.543094
-0.546701
-0.550389
-0.554095
-0.557758
-0.56132
-0.564736
-0.567975
-0.57102
-0.573866
-0.576507
-0.578932
-0.58111
-0.582995
-0.584525
-0.585631
-0.586238
-0.586271
-0.585644
-0.584262
-0.582016
-0.5788
-0.574518
-0.569076
-0.562373
-0.554361
-0.545176
-0.534775
-0.4731
-0.47475
-0.476642
-0.4787
-0.480672
-0.482515
-0.484233
-0.485848
-0.487393
-0.488905
-0.490424
-0.491991
-0.49364
-0.495404
-0.497308
-0.49937
-0.501595
-0.503979
-0.506503
-0.509137
-0.511836
-0.514545
-0.517205
-0.519751
-0.52213
-0.524292
-0.526205
-0.527846
-0.529202
-0.53026
-0.531003
-0.531405
-0.531426
-0.531016
-0.530115
-0.528654
-0.52655
-0.523705
-0.520014
-0.515368
-0.509674
-0.50285
-0.494822
-0.485583
-0.47524
-0.463716
-0.445785
-0.447368
-0.449143
-0.451054
-0.45282
-0.454382
-0.455751
-0.456956
-0.458037
-0.459037
-0.46
-0.460966
-0.46197
-0.463042
-0.464208
-0.465483
-0.466878
-0.468392
-0.470012
-0.471718
-0.473475
-0.475236
-0.476946
-0.478547
-0.479977
-0.481179
-0.482106
-0.482719
-0.482991
-0.482901
-0.482434
-0.481573
-0.480295
-0.478573
-0.47637
-0.473638
-0.470312
-0.466309
-0.461533
-0.45588
-0.449253
-0.441571
-0.432768
-0.422839
-0.41182
-0.399624
-0.418151
-0.419677
-0.421374
-0.423179
-0.424751
-0.426033
-0.427047
-0.427837
-0.428455
-0.428953
-0.429378
-0.429771
-0.430166
-0.43059
-0.431066
-0.431609
-0.432229
-0.432928
-0.433701
-0.434531
-0.435394
-0.436254
-0.437066
-0.437778
-0.43833
-0.438665
-0.438726
-0.438464
-0.437838
-0.436816
-0.435374
-0.433493
-0.431159
-0.428359
-0.425076
-0.421286
-0.416951
-0.412017
-0.406407
-0.400036
-0.392813
-0.384658
-0.37551
-0.365345
-0.354154
-0.341881
-0.39037
-0.3918
-0.393412
-0.395148
-0.396535
-0.397523
-0.398167
-0.398532
-0.398687
-0.398693
-0.398601
-0.398452
-0.398277
-0.398101
-0.397942
-0.397812
-0.39772
-0.397669
-0.397655
-0.39767
-0.397696
-0.397708
-0.397672
-0.397544
-0.397275
-0.396811
-0.396096
-0.395076
-0.393702
-0.391931
-0.389729
-0.387071
-0.383937
-0.380319
-0.376208
-0.3716
-0.366481
-0.360823
-0.354584
-0.347703
-0.340113
-0.331745
-0.322539
-0.312463
-0.301504
-0.289649
-0.362274
-0.363775
-0.365276
-0.367012
-0.368235
-0.368913
-0.369162
-0.369089
-0.36878
-0.368307
-0.367723
-0.367067
-0.366367
-0.365642
-0.364905
-0.364166
-0.363429
-0.362698
-0.361969
-0.361237
-0.360492
-0.359716
-0.358885
-0.357968
-0.356927
-0.355716
-0.354286
-0.352588
-0.350571
-0.348187
-0.345396
-0.342162
-0.338459
-0.334273
-0.329597
-0.32443
-0.318773
-0.312622
-0.305962
-0.298764
-0.290989
-0.282589
-0.273515
-0.263731
-0.25324
-0.242041
-0.332758
-0.335654
-0.337166
-0.338959
-0.339994
-0.340301
-0.340103
-0.339562
-0.338785
-0.337846
-0.336798
-0.335674
-0.334494
-0.333273
-0.332019
-0.330735
-0.329425
-0.328086
-0.326719
-0.325317
-0.323876
-0.322384
-0.320825
-0.319178
-0.317416
-0.315505
-0.313409
-0.311086
-0.30849
-0.305579
-0.302309
-0.29864
-0.294542
-0.289991
-0.284974
-0.279488
-0.273539
-0.267133
-0.260275
-0.25296
-0.245177
-0.236901
-0.228099
-0.218739
-0.208815
-0.198292
-0.301238
-0.308091
-0.309673
-0.311339
-0.31197
-0.311733
-0.310984
-0.309931
-0.30868
-0.307294
-0.305814
-0.304263
-0.302653
-0.300991
-0.299279
-0.297516
-0.295702
-0.293833
-0.291907
-0.28992
-0.287867
-0.285741
-0.283533
-0.281228
-0.27881
-0.276258
-0.273545
-0.270642
-0.267514
-0.264127
-0.260441
-0.25642
-0.252032
-0.247248
-0.24205
-0.236432
-0.230393
-0.223945
-0.217098
-0.209865
-0.202251
-0.19425
-0.185847
-0.177013
-0.167698
-0.157805
-0.270933
-0.282453
-0.282948
-0.283994
-0.283993
-0.283067
-0.281693
-0.280112
-0.278403
-0.276601
-0.274726
-0.27279
-0.270796
-0.268743
-0.266629
-0.264449
-0.262199
-0.259874
-0.257469
-0.254981
-0.252404
-0.249735
-0.246966
-0.244089
-0.241096
-0.237974
-0.234707
-0.231277
-0.227662
-0.223837
-0.219775
-0.215445
-0.21082
-0.205874
-0.200587
-0.19495
-0.18896
-0.182625
-0.175959
-0.168977
-0.161694
-0.154115
-0.146239
-0.138032
-0.12939
-0.120152
-0.242389
-0.262542
-0.258481
-0.257419
-0.256565
-0.254985
-0.25301
-0.250916
-0.24877
-0.246577
-0.244335
-0.242044
-0.239701
-0.237298
-0.234828
-0.232285
-0.229659
-0.226944
-0.224135
-0.221225
-0.218209
-0.215084
-0.211843
-0.208484
-0.205
-0.201386
-0.197635
-0.193736
-0.189679
-0.185449
-0.181031
-0.176407
-0.171555
-0.16646
-0.161107
-0.155488
-0.149602
-0.143457
-0.137065
-0.130445
-0.123613
-0.116583
-0.10936
-0.101906
-0.0940744
-0.0856553
-0.188094
-0.263574
-0.247941
-0.236443
-0.231814
-0.22884
-0.225966
-0.223187
-0.220512
-0.21789
-0.215277
-0.212649
-0.209988
-0.207278
-0.204506
-0.201658
-0.198725
-0.195696
-0.192563
-0.18932
-0.18596
-0.182479
-0.178872
-0.175136
-0.171267
-0.167264
-0.163124
-0.158844
-0.154421
-0.14985
-0.145126
-0.140242
-0.135192
-0.129969
-0.124571
-0.118997
-0.113254
-0.107354
-0.101314
-0.0951554
-0.0888998
-0.0825673
-0.0761654
-0.0696496
-0.0628538
-0.0555247
-0.063725
-0.300827
-0.250075
-0.214375
-0.201955
-0.195716
-0.190983
-0.187062
-0.183638
-0.180479
-0.177447
-0.174466
-0.171489
-0.168482
-0.165423
-0.162293
-0.159077
-0.155763
-0.152342
-0.148807
-0.145151
-0.141369
-0.137458
-0.133417
-0.129243
-0.124938
-0.120504
-0.115942
-0.111257
-0.106453
-0.101536
-0.0965125
-0.091391
-0.0861808
-0.0808936
-0.0755437
-0.0701487
-0.0647282
-0.0593035
-0.0538949
-0.0485174
-0.0431722
-0.03783
-0.0323943
-0.0266271
-0.0200823
397.97
3.13472
6.1078
6.51289
544.432
334.557
13.3417
7.17572
711.361
621.293
480.777
138.531
782.513
701.32
658.859
572.759
813.286
756.983
724.148
700.953
842.491
801.825
775.019
756.999
871.076
841.016
818.887
803.761
897.719
876.384
859.363
846.979
923.586
909.798
897.967
888.759
949.573
942.43
935.585
929.785
975.634
974.854
972.885
970.564
1000.3
1006.44
1009.94
1011.43
1028.1
1037.03
1045.89
1051.75
1092.37
1084.42
1086.79
1092.37
136.845
629.018
1154.71
1150.56
-1.91522
31.1781
104.925
480.333
-2.60531
-2.67446
-2.23554
15.1389
-2.68373
-2.75536
-2.87289
-2.90988
-2.76258
-2.85576
-2.94766
-3.02417
-2.78928
-2.89605
-3.003
-3.09775
-2.80579
-2.91121
-3.01824
-3.12225
-2.82304
-2.92499
-3.02802
-3.1303
-2.84056
-2.93982
-3.03955
-3.13834
-2.85822
-2.95546
-3.05247
-3.1479
-2.87622
-2.97196
-3.06676
-3.15929
-2.89475
-2.98945
-3.08264
-3.1731
-2.91419
-3.00835
-3.10063
-3.18989
-2.93507
-3.02933
-3.12148
-3.21027
-2.95804
-3.05301
-3.1457
-3.23445
-2.98365
-3.07974
-3.17323
-3.26206
-3.01255
-3.1097
-3.20371
-3.29247
-3.04436
-3.14279
-3.23696
-3.32541
-3.07604
-3.17708
-3.27218
-3.36039
-3.10714
-3.21031
-3.30801
-3.39637
-3.1391
-3.24495
-3.34389
-3.43169
-3.17077
-3.27856
-3.37807
-3.46463
-3.19901
-3.30837
-3.408
-3.49277
-3.22215
-3.33273
-3.43232
-3.51475
-3.23878
-3.35039
-3.45011
-3.53068
-3.24754
-3.36083
-3.46102
-3.54053
-3.24757
-3.36317
-3.46547
-3.54626
-3.23785
-3.35706
-3.46343
-3.55069
-3.21695
-3.3408
-3.45195
-3.55111
-3.18319
-3.31179
-3.43083
-3.53849
-3.13447
-3.26796
-3.39524
-3.5031
-3.06917
-3.2064
-3.34136
-3.46546
-2.98607
-3.12519
-3.26588
-3.40221
-2.8842
-3.02261
-3.16626
-3.31107
-2.76288
-2.89673
-3.03913
-3.18827
-2.62276
-2.74741
-2.88254
-3.02805
-2.46616
-2.57719
-2.69876
-2.83176
-2.29689
-2.39103
-2.49392
-2.60654
-2.11988
-2.19564
-2.2773
-2.36512
-1.94086
-1.99859
-2.05924
-2.12233
-1.765
-1.80659
-1.84841
-1.88965
-1.5958
-1.62386
-1.65004
-1.67352
-1.4351
-1.45219
-1.4661
-1.47614
-1.28397
-1.29236
-1.29702
-1.29742
-1.1433
-1.14502
-1.14302
-1.13678
-1.01368
-1.01048
-1.0038
-0.993061
-0.895227
-0.888377
-0.878306
-0.864385
-0.787687
-0.778111
-0.765425
-0.749153
-0.690447
-0.678879
-0.66423
-0.646345
-0.602493
-0.589536
-0.573653
-0.555
-0.522825
-0.508961
-0.492592
-0.474036
-0.45088
-0.436556
-0.420342
-0.402533
-0.386372
-0.372077
-0.356467
-0.339721
-0.328788
-0.314986
-0.300227
-0.284585
-0.277166
-0.26415
-0.250316
-0.235707
-0.230337
-0.218166
-0.205225
-0.191599
-0.187314
-0.175894
-0.163777
-0.151147
-0.147448
-0.136665
-0.125318
-0.113726
-0.110408
-0.100242
-0.089616
-0.0790228
-0.0766837
-0.0671744
-0.05683
-0.0462032
-0.0475367
-0.0381344
-0.0252721
-0.00863521
-0.012186
-0.00139394
0.0167592
0.0444048
7.14561
7.26898
7.30512
7.30952
7.31027
7.311
7.31002
7.30783
7.30565
7.30349
7.30134
7.29904
7.2963
7.29286
7.28847
7.28295
7.2762
7.26814
7.25871
7.24799
7.2361
7.22321
7.20956
7.19539
7.18091
7.16629
7.15172
7.1374
7.12352
7.11022
7.09757
7.08561
7.07438
7.06405
7.05499
7.04772
7.04269
7.04007
7.0397
7.04066
7.35242
7.29674
7.31889
7.3108
7.30988
7.31327
7.31287
7.30969
7.30697
7.30468
7.30265
7.30069
7.2984
7.29543
7.29147
7.28631
7.27981
7.27187
7.26239
7.25143
7.23912
7.22567
7.21134
7.19643
7.18118
7.16577
7.15035
7.13508
7.12013
7.10567
7.09186
7.07884
7.06676
7.0558
7.04631
7.03878
7.03363
7.03104
7.03082
7.03193
7.21273
7.45943
7.38069
7.32352
7.31231
7.31879
7.31995
7.31507
7.31104
7.30776
7.3052
7.30326
7.30122
7.29859
7.29501
7.29022
7.28403
7.27628
7.26684
7.25571
7.243
7.22892
7.21378
7.19792
7.18166
7.1652
7.14871
7.13231
7.11613
7.10035
7.08518
7.07093
7.05786
7.04623
7.03637
7.02864
7.0234
7.0208
7.02068
7.02193
389.455
16.1312
7.83504
7.44411
7.32966
7.34243
7.33397
7.32382
7.31863
7.31423
7.31029
7.30767
7.3054
7.30271
7.29924
7.29469
7.2888
7.28131
7.27201
7.2608
7.24774
7.23302
7.21697
7.19998
7.18243
7.16463
7.14676
7.12897
7.11137
7.0941
7.07744
7.0618
7.04762
7.03528
7.02506
7.01719
7.01186
7.00921
7.00916
7.01056
675.514
554.91
207.355
9.36259
7.91628
7.51852
7.36103
7.33958
7.327
7.32405
7.31904
7.31534
7.31211
7.30857
7.30457
7.29984
7.29407
7.28686
7.27781
7.26665
7.25333
7.23798
7.22094
7.20266
7.18359
7.16413
7.14454
7.12504
7.10574
7.0868
7.06851
7.05138
7.036
7.02287
7.01227
7.00426
6.99885
6.99613
6.99613
6.99769
740.604
729.69
670.881
516.113
69.2094
9.36062
7.845
7.37114
7.36662
7.34113
7.33138
7.3276
7.32309
7.31735
7.3117
7.30604
7.29992
7.29283
7.28411
7.27317
7.25971
7.24379
7.22572
7.206
7.18518
7.16377
7.14213
7.12054
7.09921
7.07835
7.05829
7.03957
7.02289
7.0089
6.99787
6.98969
6.98417
6.98136
6.98142
6.98315
791.798
783.699
778.481
772.578
672.762
363.487
12.8361
9.10992
7.79567
7.42532
7.36201
7.3456
7.34081
7.33081
7.3216
7.3138
7.30663
7.29929
7.29083
7.28024
7.26682
7.25041
7.2313
7.21001
7.18722
7.16357
7.13955
7.11552
7.09181
7.06871
7.04667
7.02624
7.0082
6.99325
6.98169
6.97327
6.9676
6.96471
6.96486
6.9668
837.201
830.513
827.518
825.49
824.472
789.111
633.979
145.606
12.2563
8.59856
7.57185
7.42422
7.36721
7.35109
7.3364
7.32407
7.31461
7.30644
7.29801
7.28781
7.2746
7.25782
7.23765
7.21468
7.1897
7.16352
7.13679
7.10999
7.08351
7.05784
7.03355
7.01126
6.99175
6.97574
6.96353
6.95477
6.9489
6.94593
6.94622
6.94842
881.011
875.278
872.752
872.29
873.467
874.019
873.446
775.232
422.141
17.9191
10.6584
8.07547
7.55762
7.40277
7.36019
7.34036
7.32503
7.31465
7.30583
7.29594
7.28302
7.26598
7.24476
7.21999
7.19259
7.16357
7.13378
7.10386
7.07427
7.04568
7.01883
6.99448
6.97335
6.95615
6.94314
6.93391
6.92778
6.92477
6.92527
6.92779
924.36
919.912
917.738
917.427
918.832
921.298
923.848
925.271
884.396
641.188
101.224
14.1815
9.10585
7.8087
7.46145
7.37293
7.34412
7.32559
7.31476
7.30487
7.29219
7.27489
7.2526
7.22587
7.1958
7.1636
7.13038
7.09696
7.06393
7.03208
7.00238
6.9757
6.95278
6.93422
6.92023
6.91038
6.90394
6.90093
6.90175
6.90465
967.678
964.833
963.371
963.247
964.4
966.776
970.103
973.878
976.153
972.062
779.826
241.366
18.9877
10.6808
8.22579
7.56192
7.39444
7.34955
7.32764
7.31533
7.30239
7.28462
7.26105
7.23217
7.19915
7.16342
7.12636
7.08904
7.05222
7.01682
6.98396
6.95469
6.92975
6.90963
6.89447
6.88383
6.87703
6.8741
6.87535
6.87872
1011.35
1010.37
1009.89
1010.15
1011.23
1013.21
1016.12
1020.02
1024.3
1027.89
1029.22
881.311
370.013
25.2911
12.7436
8.8579
7.71753
7.429
7.36176
7.33185
7.31471
7.29543
7.27005
7.23864
7.20233
7.16271
7.12139
7.07975
7.03879
6.99955
6.96326
6.93113
6.90393
6.88203
6.86548
6.85389
6.84668
6.84392
6.84573
6.84964
1055.2
1056.65
1057.49
1058.31
1059.45
1061.14
1063.55
1066.82
1070.97
1075.74
1080.28
1082.04
958.015
443.824
32.15
14.989
9.56578
7.91415
7.47857
7.37832
7.33496
7.30848
7.27965
7.24494
7.20489
7.16098
7.11501
7.06861
7.02315
6.97979
6.93985
6.90464
6.87493
6.85101
6.83286
6.82018
6.81253
6.81001
6.81251
6.81705
1098.78
1103.11
1105.92
1107.75
1109.18
1110.69
1112.63
1115.24
1118.68
1123.03
1128.12
1133
1135
1008.06
452.658
37.5143
16.899
10.1679
8.09993
7.52877
7.38935
7.32924
7.29049
7.25071
7.20618
7.15755
7.10653
7.05502
7.00471
6.95696
6.91316
6.87466
6.84227
6.81613
6.79619
6.78228
6.77416
6.77198
6.77528
6.78053
1148.92
1151.16
1154.9
1157.94
1160.17
1161.85
1163.45
1165.41
1168.07
1171.6
1176.1
1181.37
1186.55
1188.8
1028.28
408.897
36.7155
16.9519
10.2606
8.14596
7.53924
7.37611
7.30565
7.25583
7.20541
7.15147
7.09504
7.03812
6.98269
6.93033
6.8825
6.84058
6.80535
6.77686
6.755
6.73976
6.73116
6.72937
6.73359
6.73961
1162.17
1214.51
1210.11
1210.04
1212.15
1214.15
1215.82
1217.38
1219.26
1221.88
1225.5
1230.16
1235.64
1241
1243.64
984.418
297.657
31.8712
15.3013
9.72139
7.98469
7.48327
7.33546
7.26173
7.20194
7.14163
7.0794
7.01688
6.95617
6.89906
6.84708
6.80165
6.7635
6.73259
6.70876
6.69217
6.68309
6.68176
6.68695
6.6938
98.1915
486.418
1206.49
1274.26
1269.25
1268.25
1269.42
1270.81
1272.21
1274
1276.62
1280.35
1285.24
1291.03
1296.54
1299.62
856.09
158.364
25.9855
13.2678
9.06835
7.78154
7.40435
7.27419
7.19601
7.12692
7.05828
6.99006
6.92407
6.86217
6.80602
6.75705
6.71597
6.68265
6.65689
6.63901
6.62949
6.62864
6.63486
6.64259
-2.53855
13.9729
107.555
550.564
1280.9
1330.99
1326.59
1325.87
1326.54
1327.79
1329.55
1332.23
1336.19
1341.42
1347.51
1352.99
1313.36
635.022
55.7584
20.7067
11.4355
8.47065
7.57978
7.30536
7.1891
7.10644
7.03026
6.95623
6.8851
6.81857
6.75835
6.7059
6.66196
6.62633
6.59878
6.57973
6.56986
6.56954
6.57681
6.58544
-3.10781
-3.08143
-2.09161
18.6433
140.738
734.383
1377.35
1385.54
1382.72
1382.92
1384.02
1385.82
1388.75
1393.09
1398.71
1404.87
1410.43
1151.06
335.048
33.8674
15.7829
9.80759
7.94369
7.38138
7.18593
7.07982
6.99387
6.91381
6.83785
6.76704
6.70301
6.6473
6.60066
6.5629
6.53376
6.51375
6.50367
6.50392
6.51226
6.52181
-3.18412
-3.26552
-3.33718
-3.25733
-1.29861
35.4564
265.521
1094.89
1441.74
1439.46
1439.49
1440.75
1442.86
1446.26
1451.13
1457.1
1463.25
1468.79
804.786
100.661
23.3826
12.2342
8.63892
7.54306
7.19583
7.04749
6.94764
6.86107
6.78074
6.70624
6.63892
6.58031
6.53127
6.49165
6.46121
6.4405
6.43038
6.43127
6.44069
6.45116
-3.22677
-3.32565
-3.40968
-3.47639
-3.5156
-3.36249
1.61705
105.392
653.125
1454.7
1494.08
1495.6
1497.98
1500.81
1504.9
1510.25
1516.36
1522.5
1268.55
366.206
35.3151
16.0883
9.78729
7.83012
7.22904
7.01026
6.89009
6.79622
6.71209
6.63476
6.5649
6.50401
6.45303
6.41192
6.38053
6.35942
6.34946
6.35108
6.3616
6.37298
-3.23597
-3.34129
-3.43886
-3.52365
-3.59173
-3.63078
-3.60626
-3.03211
33.3193
431.955
1348.1
1545.77
1551.62
1555.8
1559.83
1564.66
1570.36
1576.43
1562.21
767.567
72.9845
21.8926
11.5581
8.29554
7.29959
6.97003
6.81998
6.7175
6.63024
6.55114
6.47977
6.41744
6.36518
6.32309
6.29117
6.27001
6.26043
6.26287
6.2745
6.2868
-3.23999
-3.34202
-3.43848
-3.52769
-3.60779
-3.67359
-3.7187
-3.70094
-3.32839
3.20539
365.973
1297.84
1595.87
1608.2
1614.79
1620.08
1625.5
1631.12
1637.5
1197.91
233.82
29.5714
13.9645
8.94784
7.41009
6.92646
6.73574
6.62317
6.53363
6.45405
6.38242
6.31973
6.26703
6.22462
6.19267
6.17183
6.16288
6.16626
6.17901
6.1922
-3.24546
-3.34288
-3.43427
-3.5195
-3.59888
-3.67121
-3.73524
-3.78533
-3.79286
-3.42594
0.586374
417.508
1375.93
1649.07
1666.58
1675.21
1681.62
1686.84
1692.67
1507.11
488.471
39.9881
17.1662
9.81624
7.56617
6.87935
6.63584
6.51173
6.42096
6.34241
6.27195
6.21013
6.158
6.11603
6.08463
6.06454
6.05649
6.06092
6.07479
6.08884
-3.25324
-3.34635
-3.43283
-3.51301
-3.5874
-3.65655
-3.72131
-3.78014
-3.83255
-3.84204
-3.43517
-0.0472362
620.471
1566.66
1712.42
1728.68
1737.36
1743.69
1747.82
1691.37
817.908
61.816
20.9917
10.8553
7.75361
6.82332
6.518
6.38179
6.29127
6.21543
6.14772
6.08814
6.03768
5.997
5.9668
5.9479
5.94102
5.94663
5.96163
5.9765
-3.26429
-3.35375
-3.43564
-3.51045
-3.57888
-3.64178
-3.70102
-3.75756
-3.81396
-3.85909
-3.8839
-3.37194
82.3163
1036.39
1750.62
1778.97
1792.7
1800.46
1804.88
1804.07
1106.64
134.621
25.5127
12.0751
7.96241
6.75186
6.37967
6.23235
6.14394
6.07267
6.00938
5.95347
5.90585
5.8674
5.83908
5.82185
5.81643
5.82335
5.83945
5.85507
-3.27932
-3.36598
-3.44369
-3.51259
-3.57364
-3.6287
-3.6803
-3.73118
-3.78207
-3.8333
-3.86072
-3.80346
-3.10941
475.646
1574.42
1827.48
1846.68
1856.9
1863.63
1869.12
1318.44
211.669
29.8427
13.2133
8.13714
6.65557
6.21905
6.06284
5.97881
5.91406
5.8569
5.8061
5.76251
5.72725
5.70154
5.68648
5.68282
5.69116
5.70834
5.72463
-3.29854
-3.38291
-3.45675
-3.51961
-3.57235
-3.61801
-3.66104
-3.70482
-3.75083
-3.79676
-3.82976
-3.8219
-3.88912
128.31
1227.02
1877.17
1901
1913.48
1921.97
1925.69
1498.99
312.788
33.8355
14.2402
8.24839
6.5226
6.03287
5.87305
5.7963
5.74012
5.69072
5.64638
5.60795
5.57681
5.55444
5.54204
5.54044
5.55033
5.56857
5.58544
-3.32174
-3.40379
-3.47372
-3.53077
-3.57561
-3.61158
-3.64476
-3.68054
-3.72006
-3.76168
-3.79701
-3.80573
-3.85944
5.65972
902.52
1880.78
1956.79
1970.88
1980.37
1982.51
1602.54
391.976
36.8761
14.9276
8.23204
6.33558
5.81794
5.66335
5.59757
5.55204
5.51181
5.47505
5.44277
5.41661
5.39822
5.38892
5.38968
5.4013
5.42058
5.43795
-3.34828
-3.42783
-3.49374
-3.54525
-3.58303
-3.61016
-3.6326
-3.65778
-3.68906
-3.7237
-3.75736
-3.76836
-3.75847
-3.76956
624.658
1831.77
2011.39
2028
2038.72
2039.25
1628.09
381.202
37.5105
14.8803
8.0072
6.08341
5.57509
5.43583
5.38457
5.35149
5.32155
5.29325
5.26794
5.24743
5.2335
5.22767
5.23112
5.24467
5.26501
5.28281
-3.37756
-3.45444
-3.5161
-3.56176
-3.59237
-3.61085
-3.62248
-3.63515
-3.65545
-3.68225
-3.71122
-3.72008
-3.69604
-3.84192
397.271
1729.1
2065.94
2084.71
2096.53
2088.18
1603.47
333.988
36.2912
14.2348
7.60282
5.77332
5.30804
5.19348
5.15973
5.14035
5.12153
5.10244
5.08475
5.07033
5.06111
5.05899
5.06545
5.08122
5.10269
5.12082
-3.40915
-3.48301
-3.53977
-3.57852
-3.60035
-3.60907
-3.60956
-3.60915
-3.61669
-3.63514
-3.66108
-3.66809
-3.65323
-3.86858
411.272
1773.94
2120.02
2140.88
2154.32
2129.65
1506.93
246.985
32.7496
12.8733
6.99573
5.40544
5.0212
4.94033
4.92603
4.92077
4.91347
4.90425
4.89474
4.88661
4.88211
4.88381
4.89359
4.91187
4.93456
4.95294
-3.44238
-3.51217
-3.56229
-3.59351
-3.60699
-3.60539
-3.59365
-3.57953
-3.57319
-3.58275
-3.59985
-3.58883
-3.58931
2.32702
507.182
1904.64
2174.78
2197.06
2212.07
2139.74
1300.54
147.631
27.9995
11.1381
6.27779
5.00722
4.72402
4.6819
4.68727
4.69558
4.69967
4.70054
4.69943
4.69772
4.69805
4.7037
4.71689
4.73771
4.76158
4.78017
-3.47576
-3.53867
-3.58284
-3.60626
-3.61236
-3.6018
-3.57967
-3.55348
-3.53362
-3.52825
-3.5231
-3.42001
-1.73617
32.318
757.303
2107.62
2227.91
2247.33
2262.95
2096.44
972.898
68.1216
22.4764
9.21869
5.52125
4.62602
4.43708
4.42506
4.44712
4.46805
4.48314
4.49364
4.50055
4.50528
4.5108
4.52068
4.5371
4.55993
4.58454
4.60314
-3.50822
-3.56669
-3.60191
-3.61715
-3.61504
-3.5976
-3.56879
-3.53366
-3.50059
-3.46964
-3.36148
-2.60278
3.14022
136.229
1268.03
2262.46
2290.52
2300.01
2302.77
1915.6
544.257
48.0492
16.7653
7.39584
4.91744
4.28677
4.16035
4.17182
4.20842
4.2411
4.26644
4.28563
4.29987
4.31106
4.32227
4.33661
4.35579
4.37961
4.40395
4.42206
-3.53045
-3.58814
-3.61246
-3.61909
-3.61131
-3.59008
-3.55651
-3.51312
-3.45364
-3.32081
-2.70776
0.931176
28.0234
491.244
1987.13
2319.39
2346.25
2364.9
2267.22
1409.31
205.342
33.5039
12.0242
6.11846
4.42845
3.95838
3.88684
3.92203
3.97252
4.01655
4.05142
4.07829
4.09914
4.11659
4.13354
4.15224
4.17371
4.19774
4.22096
4.23791
-3.56128
-3.42099
-3.325
-3.54245
-3.60544
-3.58058
-3.54201
-3.47589
-3.30591
-2.61037
0.615712
18.6141
232.909
1473.05
2336.63
2368.43
2389.38
2377.58
1989.24
650.87
67.5531
21.5614
8.92425
5.15835
3.93803
3.63233
3.62063
3.67839
3.74158
3.79567
3.83893
3.87284
3.89999
3.92334
3.94545
3.96788
3.99116
4.01515
4.03715
4.05289
-3.56415
-3.0748
-2.96298
-3.28028
-3.59646
-3.57291
-3.5324
-3.40856
-2.63608
4.77347
26.7241
265.164
1320.73
2348.4
2389.23
2416.54
2436.32
2228.88
1138.46
142.354
34.9212
13.831
6.73679
4.2439
3.4714
3.32701
3.36698
3.44404
3.51801
3.58036
3.63066
3.67089
3.70392
3.73262
3.7591
3.78447
3.80909
3.83297
3.85392
3.86864
-3.47084
-2.86493
-2.89682
-3.22882
-3.58858
-3.5672
-3.52907
-3.4791
2.81406
78.626
571.929
1738.48
2380.15
2427.25
2448.96
2463.93
2345.79
1480.71
235.689
46.2716
18.4432
8.55236
4.86322
3.44964
3.0706
3.0521
3.13081
3.22221
3.30421
3.37276
3.42863
3.47421
3.51237
3.54562
3.57563
3.60324
3.62877
3.65238
3.67233
3.6861
-3.34482
-2.61203
-3.06876
-3.50459
-3.57868
-3.52719
-3.4686
-3.46078
-3.51256
696.569
2133.84
2420.16
2466.14
2485.36
2500.15
2409.25
1645.16
325.484
53.8294
21.6224
9.35559
4.80838
3.4277
2.84853
2.74509
2.81089
2.91435
3.01465
3.10166
3.17435
3.23434
3.28418
3.3265
3.36335
3.39602
3.4252
3.45125
3.47443
3.49335
3.50618
-3.27896
-2.45464
-3.29721
-3.55094
-3.55653
-3.34766
-2.07374
-1.05383
1.61196
1525.1
2464.41
2513.28
2528.92
2539.61
2462.6
1716.61
379.168
56.941
23.9152
10.2805
4.87465
2.97253
2.50352
2.43861
2.49148
2.60192
2.71747
2.82163
2.91089
2.98591
3.04871
3.10172
3.14713
3.18656
3.22104
3.25119
3.27741
3.30004
3.31791
3.3298
-3.25833
-2.22793
-3.31051
-3.55322
-3.4135
-2.00736
6.58465
168.133
991.28
1391.01
1868.06
2240.3
2476.97
2363.92
1650.28
404.475
51.1345
22.0882
10.362
4.93742
2.83412
2.19349
2.06936
2.16767
2.29296
2.42017
2.53861
2.64273
2.73205
2.80791
2.87235
2.92739
2.97479
3.0158
3.05131
3.0819
3.10802
3.12999
3.14683
3.1578
-3.42801
-1.86449
-2.74199
-3.59643
-3.61673
23.3332
227.626
1452.49
2167.8
1842.51
652.808
576.617
800.318
703.726
265.404
49.4771
18.4772
8.53617
4.33438
2.58966
1.94695
1.803
1.86063
1.98894
2.13035
2.25971
2.37561
2.47717
2.56498
2.64052
2.70547
2.76143
2.80973
2.85142
2.88729
2.91791
2.94372
2.96495
2.98076
2.99086
-3.45483
-1.84295
-2.42196
-3.61722
-3.71806
167.495
1407.1
2233.49
2256.7
2257.18
954.654
165.491
81.4082
45.3609
24.9203
13.5548
6.76032
3.49376
2.16305
1.66869
1.54383
1.59593
1.7178
1.85583
1.99149
2.11579
2.22647
2.32402
2.4093
2.48353
2.54796
2.60378
2.65204
2.69366
2.72936
2.7597
2.78501
2.80542
2.82023
2.82955
-3.59883
-2.78708
-0.982139
-3.2961
-3.42915
270.283
2191.16
2317.55
2329.22
2309.13
1905.98
295.609
39.4367
20.7804
8.80214
4.5619
2.68876
1.76468
1.38419
1.30162
1.35851
1.47278
1.60662
1.74157
1.86879
1.98508
2.08947
2.18231
2.26435
2.33644
2.39944
2.45422
2.50169
2.54266
2.57782
2.60762
2.63227
2.65178
2.66556
2.67433
-3.55728
-3.45415
-0.893896
-2.6006
-3.43617
-1.58853
1906.02
2403.61
2375.23
2363.18
2356.61
757.536
22.934
9.08918
4.42911
2.02483
1.42569
1.15972
1.101
1.15436
1.25949
1.38368
1.5132
1.639
1.75689
1.86502
1.96297
2.05091
2.12927
2.19857
2.25939
2.31246
2.3586
2.39854
2.43289
2.46194
2.48577
2.50423
2.51674
2.52572
-3.5183
-3.59953
-2.30357
-0.378744
-3.43326
-3.02894
808.627
2437.41
2437.68
2421.95
2412.26
1593.52
70.7898
4.0916
2.18757
1.2064
0.997694
0.949672
0.990243
1.07914
1.18983
1.30896
1.42886
1.54448
1.6531
1.75353
1.84533
1.92842
2.0029
2.06901
2.12722
2.1782
2.2227
2.26139
2.29471
2.32282
2.34567
2.36307
2.37449
2.38308
-3.45318
-3.5453
-3.57361
-0.638081
1.06905
-0.492878
2.12897
1722.9
2498.99
2486.63
2469.64
1645.33
72.8279
3.35339
1.33086
0.88261
0.823058
0.853315
0.924999
1.02032
1.12736
1.23857
1.34896
1.45528
1.55568
1.64918
1.73525
1.81358
1.88404
1.94678
2.00222
2.051
2.09377
2.13108
2.16321
2.1902
2.21194
2.22821
2.2385
2.24666
-3.34431
-3.48539
-3.52873
-3.06446
3.71038
6.77034
5.17602
257.072
1797.54
2552.37
2396.43
1168.79
47.7892
4.2483
1.04816
0.705689
0.716075
0.779187
0.864277
0.961198
1.0641
1.16846
1.27108
1.36984
1.46339
1.55086
1.63166
1.70537
1.77184
1.8312
1.8839
1.9305
1.97154
2.00739
2.0382
2.06393
2.08443
2.09953
2.10874
2.11627
-3.18797
-3.35548
-3.47458
-3.40185
-0.427109
7.18089
14.7273
13.004
287.326
907.265
734.86
284.89
46.3984
3.7984
0.55069
0.56358
0.615755
0.701806
0.797528
0.897003
0.997733
1.09751
1.19453
1.28749
1.37546
1.4577
1.53366
1.60302
1.66568
1.72187
1.77199
1.81652
1.85583
1.89015
1.9195
1.94382
1.96297
1.97687
1.98507
1.99179
-2.98162
-3.14701
-3.30572
-3.36975
-2.53737
3.753
8.49925
9.60433
12.7089
23.5567
23.963
10.7314
11.7778
0.384744
0.261066
0.383235
0.498777
0.614265
0.723453
0.827936
0.928943
1.02631
1.11954
1.20808
1.29139
1.36902
1.4406
1.50597
1.56519
1.61851
1.66629
1.70886
1.74644
1.77911
1.80687
1.82964
1.84737
1.86004
1.8673
1.87313
-2.73397
-2.87575
-3.01971
-3.1288
-2.71055
-1.20426
0.741462
4.88648
5.36439
1.88717
2.48248
0.469534
-0.79777
-0.352593
0.00361025
0.214781
0.384672
0.526024
0.647792
0.758008
0.860378
0.956464
1.04687
1.13172
1.21096
1.28444
1.35208
1.41391
1.4701
1.52089
1.56653
1.60721
1.643
1.67393
1.69998
1.72113
1.73739
1.74883
1.75522
1.76014
-2.46287
-2.56926
-2.6763
-2.77344
-2.80605
-2.29306
-1.29751
-0.449061
-0.837928
-1.42409
-1.11089
-1.02644
-0.913916
-0.469919
-0.130384
0.112102
0.300424
0.451645
0.579642
0.69272
0.795302
0.889764
0.977354
1.05871
1.13415
1.20385
1.26798
1.32671
1.38024
1.42875
1.47237
1.51115
1.54509
1.57418
1.59845
1.61795
1.63278
1.64303
1.64863
1.65264
-2.19003
-2.2601
-2.32533
-2.37775
-2.39797
-2.24384
-2.01274
-1.79153
-1.71002
-1.62876
-1.36568
-1.05547
-0.763053
-0.42787
-0.148731
0.0719033
0.249701
0.39718
0.52372
0.635333
0.735792
0.827418
0.911643
0.989358
1.06114
1.12737
1.18835
1.24432
1.29543
1.34178
1.38338
1.42019
1.4522
1.47941
1.5019
1.5198
1.53326
1.5424
1.54728
1.55043
-1.93126
-1.97041
-2.00138
-2.0181
-2.00952
-1.95092
-1.85321
-1.72685
-1.5809
-1.39739
-1.15013
-0.876531
-0.609552
-0.351942
-0.127683
0.0613671
0.221432
0.358968
0.479199
0.58604
0.682271
0.769838
0.850095
0.923988
0.992184
1.05515
1.11323
1.1666
1.21537
1.25954
1.29904
1.3338
1.36382
1.38916
1.40995
1.42636
1.43856
1.44669
1.45093
1.45328
-1.69445
-1.70972
-1.71505
-1.70633
-1.6779
-1.62371
-1.54205
-1.43099
-1.29054
-1.11897
-0.91735
-0.700861
-0.485592
-0.281551
-0.0976385
0.0643629
0.206605
0.332062
0.443622
0.543733
0.634361
0.717031
0.792904
0.86285
0.9275
0.987298
1.04252
1.0933
1.13965
1.18151
1.2188
1.25145
1.27949
1.30303
1.32224
1.33732
1.3484
1.35564
1.35931
1.36092
-1.48186
-1.48008
-1.4678
-1.44231
-1.40072
-1.34027
-1.25941
-1.15614
-1.03082
-0.885005
-0.722688
-0.551574
-0.380305
-0.215951
-0.0635052
0.0751469
0.200259
0.313001
0.414843
0.507256
0.591564
0.66889
0.740146
0.806043
0.8671
0.923666
0.975935
1.02397
1.06773
1.10715
1.14213
1.17266
1.1988
1.22068
1.23847
1.25238
1.2625
1.26895
1.2721
1.27306
-1.29265
-1.27958
-1.25633
-1.22121
-1.17287
-1.11015
-1.03146
-0.936873
-0.827051
-0.703822
-0.570475
-0.431674
-0.292548
-0.157493
-0.0297183
0.089137
0.198638
0.299078
0.391129
0.475616
0.553377
0.625178
0.691677
0.753395
0.810713
0.863872
0.912989
0.958078
0.999085
1.03594
1.06859
1.09706
1.12141
1.14179
1.15835
1.17124
1.18055
1.18632
1.18899
1.18937
-1.12507
-1.10503
-1.07566
-1.036
-0.985474
-0.923554
-0.849729
-0.76429
-0.668196
-0.563098
-0.451409
-0.336179
-0.220611
-0.107546
0.000864064
0.1033
0.199163
0.288367
0.371152
0.447934
0.519197
0.585425
0.64705
0.704425
0.757804
0.80734
0.853097
0.895067
0.933207
0.96747
0.997837
1.02434
1.04706
1.0661
1.08159
1.09362
1.10221
1.10738
1.10962
1.1095
-0.976821
-0.952707
-0.920415
-0.87948
-0.829709
-0.770878
-0.702933
-0.626363
-0.542138
-0.451648
-0.35668
-0.259304
-0.161633
-0.0655591
0.0274201
0.116278
0.200427
0.279622
0.353867
0.423324
0.48824
0.548893
0.605547
0.658425
0.707688
0.753432
0.795692
0.834462
0.869717
0.901436
0.929617
0.954294
0.975523
0.993375
1.00792
1.01918
1.02715
1.03178
1.03361
1.03306
-0.845207
-0.818947
-0.7858
-0.745568
-0.698235
-0.643692
-0.582073
-0.513913
-0.44007
-0.361669
-0.280054
-0.196695
-0.113056
-0.0304589
0.0500088
0.127541
0.201601
0.271889
0.338287
0.400809
0.459557
0.514676
0.566319
0.614622
0.659688
0.701578
0.74032
0.775917
0.80836
0.837642
0.863767
0.88675
0.906613
0.923379
0.937053
0.947615
0.954991
0.959136
0.960578
0.959646
-0.728155
-0.701108
-0.668484
-0.630165
-0.586158
-0.536409
-0.481104
-0.420724
-0.355979
-0.287761
-0.217099
-0.145084
-0.0727893
-0.00119298
0.0688751
0.136762
0.201995
0.264268
0.323413
0.379375
0.432175
0.481881
0.528578
0.572349
0.613262
0.651364
0.686679
0.719218
0.748981
0.775964
0.800157
0.821552
0.840129
0.855858
0.868694
0.87857
0.885376
0.889048
0.890126
0.888874
-0.624452
-0.597624
-0.566411
-0.530662
-0.490325
-0.445376
-0.396004
-0.342616
-0.285786
-0.226227
-0.164745
-0.102183
-0.0393647
0.0229503
0.0841054
0.143567
0.200929
0.255912
0.308343
0.358139
0.405283
0.4498
0.491736
0.531142
0.568066
0.602544
0.6346
0.664246
0.691482
0.716294
0.738657
0.758527
0.775848
0.790546
0.802534
0.811709
0.817938
0.821149
0.821882
0.820362
-0.533082
-0.507218
-0.477925
-0.444985
-0.408299
-0.367866
-0.323875
-0.276674
-0.226738
-0.174647
-0.121044
-0.0665965
-0.011952
0.0422905
0.0956083
0.14757
0.197841
0.246179
0.292427
0.336497
0.378353
0.417997
0.455452
0.490748
0.523919
0.554993
0.583989
0.610916
0.635766
0.658511
0.679102
0.69747
0.713524
0.727159
0.738258
0.746698
0.752334
0.755089
0.7555
0.753763
-0.452852
-0.428467
-0.401333
-0.371199
-0.337974
-0.301697
-0.262558
-0.220867
-0.177027
-0.131512
-0.0848384
-0.0375318
0.00989924
0.0569871
0.103322
0.148562
0.192436
0.234744
0.275348
0.314162
0.351144
0.386279
0.419576
0.451051
0.480728
0.508625
0.534756
0.55912
0.581696
0.602441
0.621286
0.638139
0.652888
0.665407
0.675565
0.683229
0.688252
0.690557
0.690671
0.688768
-0.38258
-0.359934
-0.335013
-0.30758
-0.2776
-0.245161
-0.210455
-0.173758
-0.135412
-0.0957989
-0.0553238
-0.0143934
0.0266018
0.0673027
0.107393
0.146606
0.184724
0.221583
0.257062
0.291082
0.323597
0.354584
0.384042
0.411978
0.438404
0.463332
0.486763
0.508687
0.529069
0.54785
0.564948
0.580256
0.593651
0.604999
0.614166
0.62102
0.625418
0.627286
0.627132
0.62511
-0.321162
-0.300285
-0.277505
-0.252638
-0.225717
-0.196869
-0.166279
-0.134185
-0.100861
-0.0666053
-0.0317246
0.00347524
0.0387009
0.0736813
0.108175
0.141973
0.174904
0.206831
0.23765
0.26729
0.295705
0.322869
0.348773
0.373417
0.396803
0.418934
0.4398
0.459376
0.477617
0.494454
0.509794
0.523526
0.535524
0.545658
0.553798
0.559823
0.563596
0.565047
0.564659
0.562561
-0.267358
-0.248153
-0.227405
-0.204992
-0.181
-0.155567
-0.128857
-0.101055
-0.0723691
-0.0430168
-0.0132217
0.0167935
0.0468132
0.0766356
0.106077
0.134977
0.163198
0.190629
0.217181
0.242793
0.26742
0.291038
0.31363
0.335191
0.355713
0.375186
0.39359
0.410891
0.427031
0.441937
0.455513
0.467649
0.478227
0.487126
0.494229
0.499424
0.502587
0.503649
0.503064
0.500931
-0.219714
-0.202111
-0.183349
-0.163358
-0.142242
-0.120124
-0.0971266
-0.0733803
-0.0490249
-0.0242083
0.000915762
0.0261911
0.0514635
0.0765848
0.101418
0.125839
0.14974
0.173033
0.195645
0.217522
0.238626
0.25893
0.278415
0.297066
0.314866
0.331796
0.347825
0.362909
0.376987
0.389982
0.401802
0.412346
0.421506
0.429177
0.435256
0.439643
0.442227
0.442937
0.442192
0.440063
-0.176839
-0.160889
-0.144191
-0.126697
-0.108496
-0.0896698
-0.0702903
-0.0504302
-0.0301699
-0.00959845
0.0111863
0.0320802
0.0529761
0.0737679
0.0943544
0.114643
0.134551
0.154008
0.172956
0.191351
0.209157
0.226346
0.242894
0.25878
0.27398
0.288463
0.302191
0.315116
0.327174
0.338292
0.348386
0.357365
0.365139
0.371616
0.376708
0.38033
0.382376
0.382778
0.381916
0.379826
-0.137733
-0.123625
-0.109197
-0.0943785
-0.0792079
-0.063712
-0.0479059
-0.0318104
-0.0154569
0.00111039
0.0178355
0.0346526
0.0514895
0.0682715
0.0849258
0.101384
0.117584
0.133472
0.149001
0.164134
0.178836
0.19308
0.206838
0.220081
0.23278
0.244899
0.256396
0.26722
0.27731
0.286601
0.295018
0.302486
0.308928
0.314269
0.318435
0.321349
0.322917
0.323061
0.322128
0.320116
-0.101844
-0.0898835
-0.0780396
-0.0661505
-0.0541741
-0.0420729
-0.0298116
-0.0173704
-0.00474738
0.00804258
0.0209701
0.0339941
0.047066
0.060134
0.0731458
0.0860513
0.0988042
0.111363
0.123689
0.135751
0.147518
0.158959
0.170046
0.180748
0.191032
0.200859
0.210188
0.21897
0.227153
0.234678
0.241484
0.247511
0.252696
0.256977
0.260293
0.262576
0.263732
0.263682
0.262726
0.260836
-0.0688384
-0.0594732
-0.0506359
-0.0419759
-0.0333631
-0.024707
-0.0159384
-0.00701757
0.00207048
0.0113218
0.0207178
0.0302297
0.0398225
0.0494581
0.0590985
0.0687064
0.0782468
0.0876876
0.0969986
0.106152
0.115119
0.123873
0.132385
0.140624
0.14856
0.156156
0.163374
0.170173
0.176509
0.182336
0.187606
0.192271
0.196283
0.199593
0.202149
0.20389
0.204726
0.204562
0.203653
0.201946
-0.0373762
-0.0315603
-0.0265665
-0.0215906
-0.0165502
-0.0113921
-0.00605311
-0.000505295
0.00525152
0.0112024
0.0173239
0.0235876
0.0299627
0.0364186
0.0429253
0.0494547
0.0559805
0.062478
0.0689239
0.0752954
0.0815695
0.0877231
0.0937317
0.0995697
0.10521
0.110624
0.115782
0.120652
0.125201
0.129395
0.1332
0.136582
0.139505
0.141932
0.14382
0.145112
0.145719
0.145529
0.144739
0.1433
0.000316849
-0.00106421
-0.00269032
-0.00279087
-0.00206996
-0.000835526
0.000863126
0.00297068
0.00541841
0.00814565
0.0111019
0.0142446
0.0175376
0.0209503
0.0244563
0.0280329
0.0316598
0.0353189
0.0389929
0.0426651
0.0463192
0.0499381
0.0535044
0.0570001
0.0604067
0.0637052
0.0668762
0.0698998
0.0727557
0.0754237
0.0778835
0.080115
0.0820967
0.083804
0.0852061
0.0862572
0.0868669
0.0868929
0.0864244
0.0854256
0.0473221
0.0300681
0.019216
0.0133658
0.00960471
0.00699631
0.00523961
0.00412113
0.00347043
0.00316882
0.00313517
0.00331254
0.00366018
0.0041483
0.00475467
0.00546217
0.00625705
0.00712768
0.00806373
0.0090556
0.010094
0.0111697
0.0122735
0.0133961
0.0145285
0.0156617
0.0167873
0.0178971
0.0189834
0.0200391
0.0210582
0.0220354
0.0229656
0.0238427
0.024658
0.0253946
0.0260049
0.0263829
0.0265016
0.0262723
)
;

boundaryField
{
    leftWall
    {
        type            fixedFluxPressure;
        gradient        uniform 0;
        value           nonuniform List<scalar> 
86
(
911.763
910.742
908.913
907.043
905.161
902.985
900.509
897.791
894.749
891.609
888.27
884.758
881.136
877.48
873.946
870.376
866.138
803.049
222.747
-0.907606
-0.70648
-0.705121
-0.693334
-0.694631
-0.702193
-0.711678
-0.722522
-0.734145
-0.746483
-0.759595
-0.773541
-0.788342
-0.803943
-0.820174
-0.836737
-0.853243
-0.869279
-0.884473
-0.898524
-0.911204
-0.92235
-0.931851
-0.939631
-0.945646
-0.949896
-0.952396
-0.953232
-0.952281
-0.949717
-0.945626
-0.940066
-0.933091
-0.924757
-0.915131
-0.904282
-0.892282
-0.879197
-0.865085
-0.849996
-0.833969
-0.817035
-0.799222
-0.780551
-0.761044
-0.740724
-0.719615
-0.697747
-0.675151
-0.651864
-0.627927
-0.603382
-0.578272
-0.552643
-0.526544
-0.500021
-0.4731
-0.445785
-0.418151
-0.39037
-0.362274
-0.332758
-0.301238
-0.270933
-0.242389
-0.188094
-0.063725
)
;
    }
    rightWall
    {
        type            fixedFluxPressure;
        gradient        uniform 0;
        value           nonuniform List<scalar> 
86
(
7.07597
7.07581
7.07506
7.07348
7.07124
7.06835
7.06466
7.0601
7.05462
7.04818
7.04066
7.03193
7.02193
7.01056
6.99769
6.98315
6.9668
6.94842
6.92779
6.90465
6.87872
6.84964
6.81705
6.78053
6.73961
6.6938
6.64259
6.58544
6.52181
6.45116
6.37298
6.2868
6.1922
6.08884
5.9765
5.85507
5.72463
5.58544
5.43795
5.28281
5.12082
4.95294
4.78017
4.60314
4.42206
4.23791
4.05289
3.86864
3.6861
3.50618
3.3298
3.1578
2.99086
2.82955
2.67433
2.52572
2.38308
2.24666
2.11627
1.99179
1.87313
1.76014
1.65264
1.55043
1.45328
1.36092
1.27306
1.18937
1.1095
1.03306
0.959646
0.888874
0.820362
0.753763
0.688768
0.62511
0.562561
0.500931
0.440063
0.379826
0.320116
0.260836
0.201946
0.1433
0.0854256
0.0262723
)
;
    }
    lowerWall
    {
        type            fixedFluxPressure;
        gradient        uniform 0;
        value           nonuniform List<scalar> 
110
(
911.763
910.735
913.021
917.869
923.971
930.194
935.962
941.113
945.634
949.594
953.088
956.211
959.052
961.69
964.195
966.63
969.054
971.52
974.086
976.808
979.75
982.98
986.579
990.644
995.291
1000.66
1006.92
1014.28
1023
1033.42
1045.99
1061.23
1079.52
1101.17
1126.51
1155.71
1188.43
1223.6
1259.22
1292.52
1320.66
1340.6
1349.52
1355.68
1375.5
1400.52
1400.52
1389.43
1392.62
1413.82
1450.68
1490.18
1519.64
1523.65
1474.4
1319.32
397.97
3.13472
6.1078
6.51289
7.34796
7.34913
7.3514
7.35452
7.35722
7.35829
7.35602
7.34744
7.32508
7.27467
7.34796
7.34427
7.34041
7.33533
7.33019
7.32575
7.32128
7.31747
7.31433
7.31168
7.30922
7.30658
7.30346
7.29959
7.29477
7.28884
7.28173
7.27341
7.26387
7.25325
7.24164
7.22926
7.21633
7.20301
7.18939
7.17619
7.16353
7.15119
7.13951
7.12863
7.11866
7.10969
7.10177
7.09491
7.08912
7.08438
7.0807
7.07811
7.07657
7.07597
)
;
    }
    atmosphere
    {
        type            totalPressure;
        rho             rho;
        psi             none;
        gamma           1;
        p0              uniform 0;
        value           nonuniform List<scalar> 
90
(
-0.0788049
-0.203218
-0.189406
-0.18045
-0.174117
-0.169055
-0.164776
-0.16101
-0.15757
-0.154325
-0.151185
-0.148089
-0.144991
-0.141861
-0.138673
-0.13541
-0.132058
-0.128606
-0.125044
-0.121366
-0.117568
-0.113646
-0.109597
-0.105422
-0.101122
-0.0966978
-0.0921552
-0.0874999
-0.0827397
-0.0778847
-0.0729471
-0.0679415
-0.0628849
-0.0577969
-0.0526995
-0.0476176
-0.0425787
-0.0376131
-0.0327542
-0.0280385
-0.0235062
-0.0192015
-0.015174
-0.0114805
-0.00818741
-0.00537277
-0.00317308
-0.00160268
-0.000610917
-0.0001642
0
0
0
0
0
0
0
0
0
0
0
0
0
0
0
0
0
0
0
0
0
0
0
0
0
0
0
0
0
0
0
0
0
0
0
0
0
0
0
0
)
;
    }
    defaultFaces
    {
        type            empty;
    }
}


// ************************************************************************* //
