/*--------------------------------*- C++ -*----------------------------------*\
  =========                 |
  \\      /  F ield         | OpenFOAM: The Open Source CFD Toolbox
   \\    /   O peration     | Website:  https://openfoam.org
    \\  /    A nd           | Version:  9
     \\/     M anipulation  |
\*---------------------------------------------------------------------------*/
FoamFile
{
    format      ascii;
    class       volScalarField;
    location    "800";
    object      nut;
}
// * * * * * * * * * * * * * * * * * * * * * * * * * * * * * * * * * * * * * //

dimensions      [0 2 -1 0 0 0 0];

internalField   nonuniform List<scalar> 
4000
(
0.000325687
0.000293196
0.000249393
0.000215769
0.000198527
0.000185832
0.000178864
0.000174189
0.000170518
0.000167896
0.000165706
0.000162872
0.000165595
0.000172527
0.00017922
0.000184721
0.000187643
0.000191242
0.000210446
0.0002369
0.000403384
0.000387392
0.000358053
0.000315536
0.000260141
0.000210075
0.00019208
0.000184945
0.00018564
0.000188164
0.000188739
0.000184149
0.00018169
0.000187269
0.000200228
0.000222034
0.000254323
0.000304214
0.00034763
0.000372949
0.000431304
0.000423072
0.000401155
0.000369965
0.000332187
0.000287378
0.000241232
0.0002011
0.000197943
0.000202545
0.000201119
0.000194599
0.000200481
0.000222425
0.000253169
0.000292949
0.000338854
0.000377287
0.000404214
0.000417676
0.000447569
0.000446579
0.000431331
0.000405406
0.000373192
0.000338972
0.000301015
0.000252219
0.000217723
0.000209692
0.000207453
0.00021213
0.000230943
0.000257614
0.000291939
0.000335595
0.000376672
0.000409835
0.000431038
0.000437827
0.000460055
0.000467054
0.000461943
0.000449129
0.000432356
0.000413509
0.000391857
0.000364741
0.000327686
0.000285076
0.000249191
0.000260835
0.000292316
0.000327225
0.000360725
0.00039073
0.000418221
0.000440515
0.00045217
0.00045155
0.000471527
0.00048703
0.000493323
0.000493553
0.000490138
0.000483575
0.000473533
0.000459928
0.000442984
0.000423508
0.000405497
0.000413393
0.000424544
0.000436422
0.000447663
0.000457615
0.000465856
0.000471578
0.000471571
0.000463055
0.000483423
0.000507337
0.000523707
0.000533711
0.000539243
0.000540496
0.000537373
0.000529805
0.0005179
0.000502412
0.000492374
0.00049903
0.000505633
0.000510611
0.000513233
0.000512805
0.000509311
0.000502763
0.000491275
0.00047437
0.000496468
0.000528906
0.000554046
0.000571783
0.000584187
0.000591345
0.000593137
0.000589531
0.000580188
0.000564905
0.000557116
0.000564025
0.000568784
0.000569722
0.000566596
0.000559506
0.000548479
0.000533192
0.000512027
0.0004865
0.000512087
0.000554823
0.000588289
0.000613045
0.000631425
0.00064374
0.000649831
0.000649392
0.00064152
0.000625305
0.000617795
0.00062568
0.000628957
0.000626545
0.000618968
0.000606622
0.000589383
0.000566824
0.000537051
0.000500915
0.000531935
0.000584349
0.000625413
0.000655647
0.000678913
0.00069653
0.000708651
0.000714654
0.000713334
0.000701362
0.000692968
0.000697627
0.000695767
0.000687772
0.000674494
0.000656476
0.00063356
0.000604511
0.000565999
0.000519398
0.000293196
0.000281835
0.000250136
0.000230951
0.000225598
0.000219497
0.000212166
0.000203441
0.000195871
0.000191114
0.000187936
0.000185621
0.00019201
0.00020201
0.000210957
0.000216597
0.000215241
0.000214335
0.000221093
0.000221419
0.000387392
0.00049156
0.000462489
0.000405861
0.000392616
0.000417377
0.000447662
0.000489079
0.000490281
0.000457156
0.000411751
0.000389724
0.000410958
0.000457959
0.000482058
0.000440209
0.000379501
0.000366658
0.000400207
0.000351531
0.000423072
0.000556545
0.000566953
0.000516603
0.000456905
0.000427651
0.000430889
0.000480955
0.000552725
0.000562482
0.000526758
0.000489179
0.000461604
0.000454327
0.000442771
0.000435465
0.000464574
0.000521839
0.000530173
0.000406924
0.000446579
0.000587283
0.000613131
0.000573957
0.000501663
0.000438338
0.00040243
0.000396399
0.000443248
0.000524308
0.00049971
0.000437312
0.000410686
0.000410385
0.000424211
0.000460336
0.000526198
0.00057435
0.000562848
0.000434513
0.000467054
0.000623166
0.000665278
0.000646517
0.000579741
0.000498288
0.000436833
0.00039327
0.000379897
0.000404336
0.000399683
0.000371945
0.000374909
0.000400317
0.000440398
0.000505949
0.000581063
0.000620016
0.000596428
0.000457031
0.00048703
0.00065924
0.000716856
0.000731214
0.000699256
0.000630215
0.000539811
0.000474401
0.000435226
0.0004157
0.000397096
0.000395222
0.000416805
0.000456222
0.000513249
0.000600417
0.000656083
0.000668614
0.000631716
0.000477907
0.000507337
0.000692432
0.000760798
0.000808483
0.000833037
0.000823601
0.000779878
0.000696637
0.000602376
0.000545859
0.000511443
0.000516756
0.000545751
0.000608226
0.000690093
0.000732168
0.000733583
0.00071238
0.000665697
0.000498541
0.000528906
0.000722901
0.000796789
0.000866004
0.000923795
0.000957232
0.000964734
0.000953546
0.000929542
0.00088428
0.000843025
0.000855618
0.000886056
0.0009028
0.000893927
0.000855857
0.000799139
0.000749689
0.000697379
0.000519557
0.000554823
0.000726461
0.000815679
0.000890919
0.000953367
0.00099183
0.00100164
0.00098173
0.000932521
0.000867497
0.000843856
0.000878995
0.000908536
0.000918574
0.000907922
0.000879219
0.000832095
0.000775722
0.000704536
0.000543852
0.000584349
0.000638408
0.00068239
0.000716643
0.000744811
0.000767839
0.000785156
0.000795238
0.00079617
0.000784552
0.00077664
0.000780582
0.000775971
0.000763534
0.000745011
0.000721808
0.000694357
0.00066159
0.000620279
0.000571339
0.000249393
0.000250136
0.000239722
0.000238878
0.00024006
0.000235936
0.000230198
0.000222113
0.000213723
0.000208235
0.00020448
0.000202321
0.000209208
0.000219206
0.000229347
0.000235726
0.000233947
0.000226664
0.000219358
0.000206754
0.000358053
0.000462489
0.000455334
0.000447255
0.000481743
0.00051864
0.000556617
0.000614699
0.000632535
0.000579973
0.000501196
0.000481488
0.000527012
0.000588327
0.00060943
0.000564902
0.000484985
0.000409239
0.000378562
0.000315583
0.000401155
0.000566953
0.000596042
0.000559515
0.00052715
0.000530526
0.000569344
0.000647537
0.000739287
0.000743341
0.00068501
0.000637692
0.000609618
0.000592103
0.000562
0.000525251
0.000516656
0.000543564
0.000532788
0.000384913
0.000431331
0.000613131
0.000661494
0.000629589
0.000561291
0.000516924
0.000507941
0.000541845
0.0006368
0.000737387
0.000684511
0.000596366
0.000546557
0.000525804
0.000518632
0.000533212
0.000579178
0.000619243
0.000585254
0.000418392
0.000461943
0.000665278
0.000727207
0.000706471
0.00062419
0.0005456
0.000495419
0.000476974
0.00051495
0.000603054
0.0005832
0.000511115
0.000481067
0.000484872
0.00050986
0.000563353
0.000640572
0.000678061
0.000633657
0.000450946
0.000493323
0.000716856
0.000791807
0.000793456
0.000723234
0.000627854
0.000543517
0.000486187
0.000468469
0.000493765
0.000487335
0.000453644
0.000455268
0.000485864
0.000540468
0.000628769
0.000714943
0.000739907
0.000685164
0.000483765
0.000523707
0.000760798
0.000848749
0.000879824
0.000846586
0.00077441
0.000700167
0.000628926
0.000570838
0.000545389
0.000526818
0.000514007
0.00053096
0.000576922
0.000652044
0.000736755
0.000801853
0.000802158
0.000734877
0.000515424
0.000554046
0.000796789
0.000911491
0.000991553
0.0010429
0.00103066
0.000995455
0.000942328
0.000871451
0.000803286
0.000774389
0.000792058
0.000827644
0.000868287
0.000905066
0.000934885
0.000921597
0.000872879
0.000780737
0.000545698
0.000588289
0.000815679
0.0010047
0.00118515
0.0013155
0.0013911
0.00141562
0.00137164
0.0012717
0.00114457
0.00112574
0.00121308
0.00128872
0.00132076
0.00129812
0.00123528
0.00112321
0.000971423
0.000803471
0.000578202
0.000625413
0.00068239
0.000728603
0.00076585
0.000797812
0.000825387
0.000847519
0.000861784
0.00086542
0.00085385
0.000846225
0.00084987
0.000842542
0.000825859
0.000802777
0.000775437
0.000744651
0.00070901
0.000665032
0.000611973
0.000215769
0.000230951
0.000238878
0.000245614
0.000246377
0.000243811
0.000240403
0.000234419
0.000227133
0.000222231
0.000218108
0.000215236
0.000220885
0.000229285
0.000238495
0.000242106
0.000240236
0.000232685
0.000217925
0.000195032
0.000315536
0.000405861
0.000447255
0.000497486
0.000545985
0.00058175
0.00063319
0.000704321
0.000751882
0.000691579
0.000584354
0.000568441
0.00062717
0.000681517
0.000667991
0.000627458
0.00056124
0.000471813
0.000377018
0.000265991
0.000369965
0.000516603
0.000559515
0.000561888
0.000574655
0.000612877
0.000672125
0.000765621
0.000888066
0.000900107
0.00082163
0.000760685
0.00072108
0.000689031
0.000648463
0.000595
0.000550939
0.000528239
0.000490481
0.000354582
0.000405406
0.000573957
0.000629589
0.00061591
0.000585924
0.000578375
0.000604704
0.000672811
0.000802459
0.000912725
0.000836864
0.000721074
0.000649525
0.000612485
0.000586634
0.000573954
0.000583226
0.000597514
0.00055416
0.000392804
0.000449129
0.000646517
0.000706471
0.000694215
0.00063805
0.00058937
0.000568772
0.000585316
0.00067163
0.000800884
0.00075709
0.000640593
0.000578649
0.000561039
0.000565869
0.000593815
0.000640953
0.000667446
0.000618804
0.000437259
0.000493553
0.000731214
0.000793456
0.000786372
0.000726315
0.00065209
0.000594962
0.000566419
0.000591431
0.000679178
0.000669194
0.000580709
0.000544146
0.00055262
0.000588688
0.000652355
0.000722071
0.000747865
0.000698366
0.000484432
0.000533711
0.000808483
0.000879824
0.00088915
0.000852913
0.000787713
0.000729368
0.00068484
0.000665304
0.000691164
0.000685924
0.0006305
0.000614272
0.000637209
0.000688924
0.000760462
0.000822437
0.000841226
0.000783698
0.000526833
0.000571783
0.000866004
0.000991553
0.00108343
0.00109346
0.00106267
0.00102704
0.000984592
0.000931067
0.000885942
0.000872812
0.000877437
0.00089942
0.000930035
0.000965492
0.0010075
0.00102401
0.000969696
0.000859762
0.000565141
0.000613045
0.000890919
0.00118515
0.00146852
0.00155791
0.00159272
0.0016051
0.00157018
0.00147062
0.0013352
0.00133542
0.00144219
0.00152133
0.00154584
0.00153292
0.00151094
0.00143492
0.00117455
0.000894811
0.000604681
0.000655647
0.000716643
0.00076585
0.000806669
0.000843334
0.000876729
0.000905121
0.000925837
0.000935368
0.000929384
0.000920632
0.000919167
0.000906202
0.000883817
0.000854997
0.00082238
0.000787467
0.000748128
0.000700478
0.000642289
0.000198527
0.000225598
0.00024006
0.000246377
0.000247678
0.00024778
0.00024687
0.000243987
0.000239309
0.000235926
0.000230763
0.000226858
0.000230481
0.000236607
0.000240549
0.000238961
0.000232908
0.000223152
0.00020817
0.000182754
0.000260141
0.000392616
0.000481743
0.000545985
0.000587986
0.00063404
0.000697727
0.000783157
0.000859872
0.000801102
0.000677671
0.000670301
0.000727288
0.000738482
0.000695123
0.000638176
0.000571239
0.000490867
0.00038421
0.000220402
0.000332187
0.000456905
0.00052715
0.000574655
0.000624987
0.000682336
0.000747363
0.000858986
0.0010137
0.00103256
0.00094775
0.000879566
0.000823892
0.00076812
0.000716143
0.000656126
0.000589108
0.000525292
0.000450097
0.000313984
0.000373192
0.000501663
0.000561291
0.000585924
0.000602391
0.00063468
0.00069248
0.000788661
0.000950011
0.00105495
0.000968883
0.000829216
0.00073126
0.000679782
0.000640904
0.000605265
0.000577587
0.000550759
0.000493121
0.000362484
0.000432356
0.000579741
0.00062419
0.00063805
0.000628308
0.000622073
0.000636943
0.000689384
0.000818447
0.000967811
0.000909713
0.000754743
0.000659535
0.000621127
0.000605336
0.00060372
0.000611755
0.000608309
0.00056897
0.000420162
0.000490138
0.000699256
0.000723234
0.000726315
0.000704302
0.00067278
0.000652945
0.000661687
0.000736688
0.0008737
0.000859011
0.00071637
0.000634764
0.000616365
0.000627607
0.000657474
0.000691774
0.000706368
0.000682397
0.000482451
0.000539243
0.000833037
0.000846586
0.000852913
0.000839531
0.000808594
0.000780104
0.000766789
0.000791702
0.00087239
0.000879319
0.000773368
0.000714887
0.000712121
0.000738309
0.000779607
0.000816962
0.000835245
0.000816933
0.000534427
0.000584187
0.000923795
0.0010429
0.00109346
0.00109462
0.00107617
0.00105537
0.00102849
0.000994128
0.000976331
0.000982265
0.000971992
0.000979193
0.000996959
0.00102083
0.0010541
0.00107532
0.00104214
0.000935161
0.000579657
0.000631425
0.000953367
0.0013155
0.00155791
0.00166483
0.00174512
0.00178411
0.00175276
0.00163367
0.00147649
0.00149187
0.00163317
0.00173995
0.00176668
0.00173055
0.00166717
0.00159428
0.00133464
0.000976892
0.000625314
0.000678913
0.000744811
0.000797812
0.000843334
0.000887451
0.000928484
0.000964345
0.000992697
0.00101031
0.00101298
0.00100172
0.00099228
0.000971968
0.000942839
0.000907424
0.000867928
0.000826155
0.000781852
0.000729742
0.000665809
0.000185832
0.000219497
0.000235936
0.000243811
0.00024778
0.00025028
0.000252071
0.000253153
0.00025254
0.00025106
0.000244039
0.00023901
0.000240197
0.000243411
0.000242382
0.000237086
0.000228041
0.000215521
0.000198769
0.000173677
0.000210075
0.000417377
0.00051864
0.00058175
0.00063404
0.000690855
0.000762205
0.000858082
0.000952071
0.000911115
0.000786855
0.000791537
0.000835709
0.000803206
0.000745452
0.000673286
0.000588704
0.000496436
0.000384624
0.000196667
0.000287378
0.000427651
0.000530526
0.000612877
0.000682336
0.000741827
0.000814891
0.000947059
0.00110619
0.0011176
0.00104445
0.000988214
0.000919725
0.000840832
0.00077703
0.000713523
0.000635371
0.000543059
0.000432426
0.000271222
0.000338972
0.000438338
0.000516924
0.000578375
0.00063468
0.0006971
0.000773947
0.000892769
0.0010623
0.0011196
0.00104645
0.000923481
0.000807773
0.000741422
0.000692988
0.000641119
0.000584942
0.000522445
0.000441503
0.000328531
0.000413509
0.000498288
0.0005456
0.00058937
0.000622073
0.000654717
0.000701992
0.000788084
0.000943159
0.00105705
0.00100312
0.000852903
0.000730014
0.000670615
0.00063591
0.000608184
0.00058189
0.000548325
0.000501469
0.000402864
0.000483575
0.000630215
0.000627854
0.00065209
0.00067278
0.000685593
0.000704213
0.000753191
0.000870724
0.00100067
0.000989932
0.00083812
0.000714778
0.000666438
0.000651373
0.000647953
0.00064559
0.000639462
0.000640463
0.000478331
0.000540496
0.000823601
0.00077441
0.000787713
0.000808594
0.000815476
0.000817688
0.000835648
0.000902597
0.00100811
0.00102656
0.00089674
0.000796978
0.000768664
0.000771451
0.000781744
0.000787004
0.000792887
0.000822531
0.00053811
0.000591345
0.000957232
0.00103066
0.00106267
0.00107617
0.00108021
0.00107736
0.00106329
0.00104447
0.00104992
0.00107497
0.00104994
0.00104469
0.00105334
0.00106378
0.00107928
0.00109038
0.0010717
0.000983822
0.000589303
0.00064374
0.00099183
0.0013911
0.00159272
0.00174512
0.0018581
0.00190431
0.00185309
0.00170191
0.0015215
0.00154745
0.0017143
0.00186293
0.0019178
0.00188014
0.00178676
0.00166698
0.00145155
0.00104072
0.000640131
0.00069653
0.000767839
0.000825387
0.000876729
0.000928484
0.000977174
0.00102129
0.00105912
0.00108819
0.00110412
0.00108871
0.00106651
0.00103557
0.000997968
0.000955284
0.000908993
0.000860268
0.000810332
0.000753371
0.000683616
0.000178864
0.000212166
0.000230198
0.000240403
0.00024687
0.000252071
0.000257476
0.000263553
0.000268783
0.000269117
0.000259506
0.000254075
0.000253336
0.000250989
0.000244609
0.000235585
0.000224482
0.000210892
0.000193154
0.000167324
0.00019208
0.000447662
0.000556617
0.00063319
0.000697727
0.000762205
0.000838431
0.000931114
0.00101899
0.00100184
0.000900383
0.000918397
0.000925172
0.000876291
0.000816921
0.000745742
0.000658709
0.000554336
0.000423901
0.00018679
0.000241232
0.000430889
0.000569344
0.000672125
0.000747363
0.000814891
0.00090431
0.00103009
0.00112802
0.00107344
0.00103057
0.0010433
0.000997357
0.000918435
0.00084363
0.000771847
0.000689174
0.000581016
0.000436916
0.00021871
0.000301015
0.00040243
0.000507941
0.000604704
0.00069248
0.000773947
0.000864035
0.000986485
0.00107584
0.00100526
0.000952778
0.000953113
0.000887249
0.000811519
0.000750254
0.000686395
0.00060965
0.000517353
0.000411002
0.000297588
0.000391857
0.000436833
0.000495419
0.000568772
0.000636943
0.000701992
0.000778307
0.00088674
0.000985173
0.000960968
0.000913492
0.000886343
0.000797626
0.000720724
0.000666935
0.000616797
0.000562685
0.00050341
0.000448204
0.000387082
0.000473533
0.000539811
0.000543517
0.000594962
0.000652945
0.000704213
0.000760351
0.000845133
0.000930943
0.00094319
0.000939616
0.000892449
0.000786592
0.000709989
0.000667811
0.000635085
0.000602465
0.000576306
0.000577445
0.000471817
0.000537373
0.000779878
0.000700167
0.000729368
0.000780104
0.000817688
0.000848658
0.000899353
0.000972686
0.00100422
0.0010353
0.000974064
0.00086347
0.00080884
0.000790053
0.000775178
0.000753927
0.000746429
0.000801727
0.000537478
0.000593137
0.000964734
0.000995455
0.00102704
0.00105537
0.00107736
0.00108714
0.00108647
0.00109827
0.00112778
0.00116465
0.00111674
0.00108718
0.00108956
0.00109293
0.00109372
0.00108983
0.00106717
0.00100366
0.000593254
0.000649831
0.00100164
0.00141562
0.0016051
0.00178411
0.00190431
0.00193192
0.00185019
0.0017065
0.0016011
0.00161563
0.00171435
0.00186999
0.00196409
0.00194936
0.00185179
0.00170574
0.00150935
0.00107197
0.000648151
0.000708651
0.000785156
0.000847519
0.000905121
0.000964345
0.00102129
0.00107537
0.0011263
0.00117331
0.00121206
0.00119026
0.00114565
0.0010978
0.0010483
0.000996756
0.000943191
0.000887834
0.000832234
0.000770796
0.000695888
0.000174189
0.000203441
0.000222113
0.000234419
0.000243987
0.000253153
0.000263553
0.00027588
0.000288417
0.000290679
0.000278007
0.000273807
0.000268655
0.000259149
0.000247603
0.000235378
0.000222381
0.000207758
0.000189697
0.000163619
0.000184945
0.000489079
0.000614699
0.000704321
0.000783157
0.000858082
0.000931114
0.000993757
0.0010278
0.000956893
0.000911478
0.000985817
0.000983571
0.000941321
0.000886735
0.000818053
0.000733965
0.000630816
0.000489576
0.000182162
0.0002011
0.000480955
0.000647537
0.000765621
0.000858986
0.000947059
0.00103009
0.00107379
0.00103421
0.000909247
0.000857319
0.000960194
0.00101701
0.000991441
0.000926787
0.000844704
0.000750298
0.000637896
0.000483774
0.000194399
0.000252219
0.000396399
0.000541845
0.000672811
0.000788661
0.000892769
0.000986485
0.00102519
0.000983008
0.000973421
0.000879653
0.000840633
0.000907684
0.000886096
0.000819478
0.000744253
0.000653726
0.000537679
0.000399299
0.000266535
0.000364741
0.00039327
0.000476974
0.000585316
0.000689384
0.000788084
0.00088674
0.000940701
0.00095095
0.00110814
0.00100158
0.000802773
0.000829281
0.000789369
0.000715729
0.00063863
0.0005567
0.000472862
0.000406772
0.000371197
0.000459928
0.000474401
0.000486187
0.000566419
0.000661687
0.000753191
0.000845133
0.000895548
0.000939998
0.00124464
0.0011597
0.000839267
0.000820283
0.000763844
0.000692735
0.000628928
0.000567891
0.000521513
0.000515584
0.000462361
0.000529805
0.000696637
0.000628926
0.00068484
0.000766789
0.000835648
0.000899353
0.000953613
0.00101939
0.00136986
0.00132222
0.000974215
0.000913911
0.000853201
0.000810115
0.000771274
0.000726088
0.000700501
0.00075634
0.000532169
0.000589531
0.000953546
0.000942328
0.000984592
0.00102849
0.00106329
0.00108647
0.00112545
0.00123923
0.00154162
0.00152122
0.00121383
0.00112038
0.0011039
0.00110424
0.00109669
0.00107889
0.00104593
0.000996514
0.000591037
0.000649392
0.00098173
0.00137164
0.00157018
0.00175276
0.00185309
0.00185019
0.00178503
0.00180779
0.00199607
0.0019533
0.00175822
0.00178784
0.00188728
0.0019089
0.00183481
0.00168891
0.00151617
0.00106846
0.000648829
0.000714654
0.000795238
0.000861784
0.000925837
0.000992697
0.00105912
0.0011263
0.0011967
0.00127239
0.00134708
0.00131706
0.0012353
0.00116033
0.00109319
0.00103011
0.000968411
0.000906643
0.000846126
0.000780971
0.000702163
0.000170518
0.000195871
0.000213723
0.000227133
0.000239309
0.00025254
0.000268783
0.000288417
0.000305785
0.000320898
0.000305596
0.000291911
0.000280976
0.000263377
0.000246887
0.000232339
0.000218543
0.000203908
0.000186249
0.000160788
0.00018564
0.000490281
0.000632535
0.000751882
0.000859872
0.000952071
0.00101899
0.0010278
0.000936981
0.000987217
0.000931099
0.000900173
0.000978397
0.000968035
0.00092385
0.000855081
0.000769894
0.000666315
0.000519376
0.000181889
0.000197943
0.000552725
0.000739287
0.000888066
0.0010137
0.00110619
0.00112802
0.00103421
0.000969834
0.00135249
0.0012405
0.000840204
0.000918442
0.000990369
0.000980127
0.000909879
0.000810482
0.00068761
0.000514105
0.000193964
0.000217723
0.000443248
0.0006368
0.000802459
0.000950011
0.0010623
0.00107584
0.000983008
0.00113218
0.00177413
0.00162545
0.000925968
0.000812641
0.00090234
0.000888402
0.000809113
0.000710755
0.000591141
0.000424546
0.000233899
0.000327686
0.000379897
0.00051495
0.00067163
0.000818447
0.000943159
0.000985173
0.00095095
0.00134165
0.00219723
0.00202706
0.00109627
0.000774837
0.000839309
0.000795475
0.000694282
0.000578421
0.000461854
0.000377749
0.000352267
0.000442984
0.000435226
0.000468469
0.000591431
0.000736688
0.000870724
0.000930943
0.000939998
0.00154343
0.00256963
0.00238585
0.00127198
0.00078807
0.000819364
0.00074916
0.000645352
0.000548386
0.000478188
0.000466182
0.000449475
0.0005179
0.000602376
0.000570838
0.000665304
0.000791702
0.000902597
0.000972686
0.00101939
0.00171986
0.00283871
0.00264758
0.00144666
0.000923192
0.00091989
0.000857304
0.000782183
0.000702743
0.000648963
0.000685998
0.000522139
0.000580188
0.000929542
0.000871451
0.000931067
0.000994128
0.00104447
0.00109827
0.00123923
0.0019418
0.00299022
0.00282067
0.00167402
0.00117655
0.00111643
0.00110377
0.00108552
0.00104862
0.000994859
0.00096363
0.000582501
0.00064152
0.000932521
0.0012717
0.00147062
0.00163367
0.00170191
0.0017065
0.00180779
0.00226831
0.00284692
0.00272621
0.00206859
0.0017293
0.00172237
0.00176517
0.00173112
0.00160394
0.00143624
0.00102523
0.000641601
0.000713334
0.00079617
0.00086542
0.000935368
0.00101031
0.00108819
0.00117331
0.00127239
0.00138911
0.001499
0.00146426
0.00133823
0.00122424
0.00113164
0.0010535
0.0009826
0.00091447
0.000849614
0.000782191
0.000701318
0.000167896
0.000191114
0.000208235
0.000222231
0.000235926
0.00025106
0.000269117
0.000290679
0.000320898
0.000335689
0.000321172
0.000306562
0.000282413
0.000263292
0.000245656
0.000229575
0.00021426
0.000198764
0.000181353
0.000157712
0.000188164
0.000457156
0.000579973
0.000691579
0.000801102
0.000911115
0.00100184
0.000956893
0.000987217
0.000641872
0.000605231
0.000866904
0.00083638
0.000907239
0.000875816
0.000809862
0.000732169
0.000641116
0.000507624
0.00018082
0.000202545
0.000562482
0.000743341
0.000900107
0.00103256
0.0011176
0.00107344
0.000909247
0.00135249
0.000952151
0.000896212
0.0011391
0.000735956
0.000886205
0.000950228
0.000899891
0.000804795
0.000684521
0.000520865
0.000191222
0.000209692
0.000524308
0.000737387
0.000912725
0.00105495
0.0011196
0.00100526
0.000973421
0.00177413
0.00126076
0.00119714
0.00150457
0.000778674
0.000806079
0.000881264
0.000823067
0.000721429
0.00060807
0.000463082
0.000204597
0.000285076
0.000404336
0.000603054
0.000800884
0.000967811
0.00105705
0.000960968
0.00110814
0.00219723
0.00157885
0.00151955
0.00189023
0.000899924
0.000798761
0.000852462
0.000760628
0.000626606
0.000480055
0.000363893
0.000326747
0.000423508
0.0004157
0.000493765
0.000679178
0.000873699
0.00100067
0.00094319
0.00124464
0.00256963
0.00190032
0.00185549
0.00222468
0.00101106
0.000834576
0.000839494
0.000701444
0.00055511
0.000453454
0.000428901
0.00043277
0.000502412
0.00054586
0.000545389
0.000691164
0.00087239
0.00100811
0.00100422
0.00136986
0.00283871
0.00219812
0.00217381
0.00245844
0.00115035
0.000991179
0.000953051
0.000822512
0.000685146
0.000590841
0.000602427
0.000508662
0.000564905
0.00088428
0.000803286
0.000885942
0.000976331
0.00104992
0.00112778
0.00154162
0.00299022
0.00243448
0.00242693
0.00260175
0.00134852
0.00116835
0.00112817
0.00107584
0.00100066
0.000916616
0.000915166
0.00056923
0.000625305
0.000867497
0.00114457
0.0013352
0.00147649
0.0015215
0.0016011
0.00199607
0.00284692
0.00261553
0.00259958
0.002543
0.00181379
0.00158987
0.00160644
0.00159883
0.00148765
0.0013195
0.000957843
0.000627574
0.000701362
0.000784552
0.00085385
0.000929384
0.00101298
0.00110412
0.00121206
0.00134708
0.001499
0.00150616
0.00150548
0.00143417
0.00128422
0.0011608
0.00106488
0.00098413
0.000909802
0.000841314
0.000773671
0.00069245
0.000165706
0.000187936
0.00020448
0.000218108
0.000230763
0.000244039
0.000259506
0.000278007
0.000305596
0.000321172
0.000312748
0.00029731
0.000275831
0.000258914
0.000243479
0.000229318
0.000215565
0.000201139
0.000183969
0.000159317
0.000188739
0.000411751
0.000501196
0.000584354
0.000677671
0.000786855
0.000900383
0.000911478
0.000931099
0.000605231
0.000573719
0.000807744
0.000801356
0.000857334
0.000816584
0.00074716
0.000670114
0.000584096
0.000464074
0.000177286
0.000201119
0.000526758
0.00068501
0.00082163
0.00094775
0.00104445
0.00103057
0.000857319
0.0012405
0.000896212
0.00084666
0.00101228
0.000691407
0.00084728
0.000882822
0.000825989
0.000736367
0.000629143
0.000481291
0.000187178
0.000207453
0.00049971
0.000684511
0.000836864
0.000968883
0.00104645
0.000952778
0.000879653
0.00162545
0.00119714
0.00114997
0.00133113
0.000709132
0.000787247
0.000826977
0.000759763
0.000662932
0.000558927
0.000430894
0.00019798
0.000249191
0.000399683
0.0005832
0.00075709
0.000909713
0.00100312
0.000913492
0.00100158
0.00202706
0.00151955
0.00149665
0.0016928
0.000836126
0.000816956
0.000839086
0.000747772
0.000628604
0.000495879
0.000362915
0.000300288
0.000405497
0.000397096
0.000487335
0.000669194
0.000859011
0.000989932
0.000939616
0.0011597
0.00238585
0.00185549
0.00187292
0.00202453
0.00101388
0.000913505
0.000892231
0.000746351
0.000575434
0.000447049
0.000405794
0.000418236
0.000492374
0.000511443
0.000526818
0.000685924
0.000879319
0.00102656
0.0010353
0.00132222
0.00264758
0.00217381
0.0022358
0.00226765
0.00123049
0.0011234
0.00104145
0.000865725
0.000677984
0.000549544
0.000546138
0.000501412
0.000557116
0.000843025
0.000774389
0.000872812
0.000982265
0.00107497
0.00116465
0.00152122
0.00282067
0.00242693
0.00252083
0.00242399
0.00143403
0.00128157
0.00119992
0.00109754
0.000975537
0.000864808
0.000875464
0.000565437
0.000617795
0.000843856
0.00112574
0.00133542
0.00149187
0.00154745
0.00161563
0.0019533
0.00272621
0.00259958
0.00267422
0.00243055
0.00183102
0.00165725
0.00164786
0.00161123
0.00148022
0.00130237
0.000932321
0.000625761
0.000692968
0.00077664
0.000846225
0.000920632
0.00100172
0.00108871
0.00119026
0.00131706
0.00146426
0.00150548
0.00153501
0.00141554
0.00126958
0.00115328
0.00106115
0.000982244
0.000909119
0.000841716
0.000774142
0.000692399
0.000162872
0.000185621
0.000202321
0.000215236
0.000226858
0.00023901
0.000254075
0.000273807
0.000291911
0.000306562
0.00029731
0.000281003
0.000267931
0.00025439
0.000242071
0.00023056
0.000218901
0.000205829
0.000189015
0.000163854
0.000184149
0.000389724
0.000481488
0.000568441
0.000670301
0.000791537
0.000918397
0.000985817
0.000900173
0.000866904
0.000807744
0.000761169
0.000833622
0.000825834
0.000777163
0.000714207
0.000644215
0.000562229
0.000445657
0.000175506
0.000194599
0.000489179
0.000637692
0.000760685
0.000879566
0.000988214
0.0010433
0.000960194
0.000840204
0.0011391
0.00101228
0.000666025
0.000777827
0.000834213
0.000803604
0.000739913
0.000663122
0.000571722
0.000445465
0.00018708
0.00021213
0.000437312
0.000596366
0.000721074
0.000829216
0.000923481
0.000953113
0.000840633
0.000925968
0.00150457
0.00133113
0.000721414
0.000715633
0.000784696
0.000750873
0.000683993
0.000608429
0.000520566
0.000400713
0.000216047
0.000260835
0.000371945
0.000511115
0.000640593
0.000754743
0.000852903
0.000886343
0.000802773
0.00109627
0.00189023
0.0016928
0.000876953
0.000735355
0.000800039
0.000754921
0.000675293
0.000584526
0.000480922
0.000368837
0.000300066
0.000413393
0.000395222
0.000453644
0.000580709
0.00071637
0.00083812
0.000892449
0.000839267
0.00127198
0.00222468
0.00202453
0.00106672
0.000837171
0.000877098
0.000805349
0.000691168
0.000564815
0.000452109
0.000407964
0.000423012
0.00049903
0.000516756
0.000514007
0.0006305
0.000773368
0.00089674
0.000974064
0.000974215
0.00144666
0.00245844
0.00226765
0.00130503
0.00108741
0.00106724
0.000962327
0.000821947
0.000667227
0.000550367
0.00055623
0.000507826
0.000564025
0.000855618
0.000792058
0.000877437
0.000971992
0.00104994
0.00111674
0.00121383
0.00167402
0.00260175
0.00242399
0.00155013
0.00133016
0.00127349
0.00120854
0.00111404
0.000994227
0.000884599
0.000891084
0.000572941
0.00062568
0.000878995
0.00121308
0.00144219
0.00163317
0.0017143
0.00171435
0.00175822
0.00206859
0.002543
0.00243055
0.00194795
0.00178541
0.0018016
0.00180952
0.00174001
0.00157736
0.00138482
0.000969415
0.000634138
0.000697627
0.000780582
0.00084987
0.000919167
0.00099228
0.00106651
0.00114565
0.0012353
0.00133823
0.00143417
0.00141554
0.00130399
0.00120366
0.00111878
0.00104426
0.000975199
0.000908113
0.000844329
0.000777559
0.000696842
0.000165595
0.00019201
0.000209208
0.000220885
0.000230481
0.000240197
0.000253336
0.000268655
0.000280976
0.000282413
0.000275831
0.000267931
0.000260073
0.000251707
0.000243591
0.000235298
0.000225842
0.000213825
0.000196752
0.000169668
0.00018169
0.000410958
0.000527012
0.00062717
0.000727288
0.000835709
0.000925172
0.000983571
0.000978397
0.00083638
0.000801356
0.000833622
0.000818805
0.000777749
0.000729569
0.000678868
0.00062239
0.000551958
0.000444283
0.000178653
0.000200481
0.000461604
0.000609618
0.00072108
0.000823892
0.000919725
0.000997357
0.00101701
0.000918442
0.000735957
0.000691407
0.000777827
0.000820378
0.000788643
0.000737297
0.000682778
0.00062161
0.000543261
0.000425963
0.000192116
0.000230943
0.000410686
0.000546557
0.000649525
0.00073126
0.000807773
0.000887249
0.000907684
0.000812641
0.000778674
0.000709132
0.000715633
0.000770499
0.000741291
0.00069512
0.00064684
0.000587933
0.00050729
0.000396608
0.000246556
0.000292316
0.000374909
0.000481067
0.000578649
0.000659535
0.000730014
0.000797626
0.000829281
0.000774837
0.000899924
0.000836126
0.000735355
0.000775306
0.000737991
0.000685732
0.000628244
0.00055948
0.000476732
0.000385045
0.000316003
0.000424544
0.000416805
0.000455268
0.000544146
0.000634764
0.000714778
0.000786592
0.000820283
0.00078807
0.00101106
0.00101388
0.000837171
0.000843591
0.00079046
0.00072358
0.000649097
0.000562749
0.000475241
0.0004321
0.00043215
0.000505633
0.000545751
0.00053096
0.000614272
0.000714887
0.000796978
0.00086347
0.000913911
0.000923192
0.00115035
0.00123049
0.00108741
0.00103129
0.000955563
0.00088114
0.000791027
0.000680439
0.00058676
0.000603132
0.0005141
0.000568784
0.000886056
0.000827644
0.00089942
0.000979192
0.00104469
0.00108718
0.00112038
0.00117655
0.00134852
0.00143403
0.00133016
0.00128046
0.00125281
0.00121177
0.00113738
0.00103448
0.000929789
0.000916515
0.000577689
0.000628957
0.000908536
0.00128872
0.00152133
0.00173995
0.00186293
0.00186999
0.00178784
0.0017293
0.00181379
0.00183102
0.00178541
0.00187043
0.00194959
0.00194617
0.00184778
0.00166366
0.00144869
0.0010029
0.000637588
0.000695767
0.000775971
0.000842542
0.000906202
0.000971968
0.00103557
0.0010978
0.00116033
0.00122424
0.00128422
0.00126958
0.00120366
0.00113902
0.00107739
0.00101747
0.00095781
0.000897092
0.000837448
0.000773052
0.000694736
0.000172527
0.00020201
0.000219206
0.000229285
0.000236607
0.000243411
0.000250989
0.000259149
0.000263377
0.000263292
0.000258914
0.00025439
0.000251707
0.000248867
0.000245295
0.00024047
0.000233551
0.00022319
0.00020643
0.000175739
0.000187269
0.000457959
0.000588327
0.000681517
0.000738482
0.000803206
0.000876291
0.000941321
0.000968035
0.000907239
0.000857334
0.000825834
0.000777749
0.000732381
0.000691862
0.000650374
0.000601571
0.000537389
0.000436515
0.000187678
0.000222425
0.000454327
0.000592103
0.000689031
0.00076812
0.000840832
0.000918435
0.000991441
0.000990369
0.000886205
0.00084728
0.000834213
0.000788643
0.00074033
0.000700701
0.000662186
0.000614512
0.00054372
0.000427635
0.000210643
0.000257614
0.000410385
0.000525804
0.000612485
0.000679782
0.000741422
0.000811519
0.000886096
0.00090234
0.000806079
0.000787247
0.000784696
0.000741291
0.000700379
0.000668257
0.00062971
0.000575131
0.000500856
0.000403816
0.00028124
0.000327225
0.000400317
0.000484872
0.000561039
0.000621127
0.000670615
0.000720724
0.000789369
0.000839309
0.000798761
0.000816956
0.000800039
0.000737991
0.000686499
0.000645945
0.000603384
0.00055233
0.00048878
0.000414928
0.000342933
0.000436422
0.000456222
0.000485864
0.00055262
0.000616365
0.000666438
0.000709989
0.000763844
0.000819364
0.000834576
0.000913505
0.000877098
0.00079046
0.000728931
0.000684323
0.000637946
0.000580107
0.000515188
0.000475213
0.000443008
0.000510611
0.000608226
0.000576922
0.000637209
0.000712121
0.000768664
0.00080884
0.000853201
0.00091989
0.000991179
0.0011234
0.00106724
0.000955563
0.000895102
0.00085123
0.000794552
0.000716688
0.000647972
0.000672644
0.000518691
0.000569722
0.0009028
0.000868287
0.000930035
0.000996959
0.00105334
0.00108956
0.0011039
0.00111643
0.00116835
0.00128157
0.00127349
0.00125281
0.00124512
0.00121904
0.00116294
0.00107769
0.000977564
0.000931293
0.000578464
0.000626545
0.000918574
0.00132076
0.00154584
0.00176668
0.0019178
0.00196409
0.00188728
0.00172237
0.00158987
0.00165725
0.0018016
0.00194959
0.00202372
0.00200052
0.00188909
0.00170483
0.00146243
0.00101481
0.000635375
0.000687772
0.000763534
0.000825859
0.000883817
0.000942839
0.000997968
0.0010483
0.00109319
0.00113164
0.0011608
0.00115328
0.00111878
0.00107739
0.00103193
0.000983385
0.000932035
0.000877669
0.000822525
0.000761493
0.000686898
0.00017922
0.000210957
0.000229347
0.000238495
0.000240549
0.000242382
0.000244609
0.000247603
0.000246887
0.000245656
0.000243479
0.000242071
0.000243591
0.000245295
0.000245497
0.000243561
0.000238866
0.000230208
0.000214298
0.000181085
0.000200228
0.000482058
0.00060943
0.000667991
0.000695123
0.000745452
0.000816921
0.000886735
0.00092385
0.000875816
0.000816584
0.000777163
0.000729569
0.000691862
0.000661056
0.00062698
0.000583855
0.000525399
0.000432999
0.000198286
0.000253169
0.000442771
0.000562
0.000648463
0.000716143
0.00077703
0.00084363
0.000926787
0.000980127
0.000950228
0.000882822
0.000803604
0.000737297
0.000700701
0.000678093
0.000652095
0.00060811
0.000534203
0.000421952
0.000244405
0.000291939
0.000424211
0.000518632
0.000586634
0.000640904
0.000692988
0.000750254
0.000819478
0.000888402
0.000881264
0.000826977
0.000750873
0.00069512
0.000668257
0.000642781
0.000606589
0.000560205
0.000502099
0.000423716
0.000316804
0.000360725
0.000440398
0.00050986
0.000565869
0.000605336
0.00063591
0.000666935
0.000715729
0.000795475
0.000852462
0.000839086
0.000754921
0.000685732
0.000645945
0.000617018
0.000590259
0.000559478
0.000516717
0.00045847
0.000372093
0.000447663
0.000513249
0.000540468
0.000588688
0.000627607
0.000651373
0.000667811
0.000692735
0.00074916
0.000839494
0.000892231
0.000805349
0.00072358
0.000684323
0.000663012
0.000643638
0.000615062
0.000576126
0.000546652
0.000453885
0.000513233
0.000690094
0.000652044
0.000688924
0.000738309
0.000771451
0.000790053
0.000810115
0.000857304
0.000953051
0.00104145
0.000962327
0.00088114
0.00085123
0.000835325
0.000810106
0.000764896
0.000717241
0.000721979
0.000520633
0.000566596
0.000893927
0.000905066
0.000965492
0.00102083
0.00106378
0.00109293
0.00110424
0.00110377
0.00112817
0.00119992
0.00120854
0.00121177
0.00121904
0.00121091
0.00117912
0.00111555
0.00101906
0.000926067
0.000575012
0.000618968
0.000907922
0.00129812
0.00153292
0.00173055
0.00188014
0.00194936
0.0019089
0.00176517
0.00160644
0.00164786
0.00180952
0.00194617
0.00200052
0.00197048
0.00186938
0.00170868
0.00143914
0.00100157
0.000627743
0.000674494
0.000745011
0.000802777
0.000854997
0.000907424
0.000955284
0.000996756
0.00103011
0.0010535
0.00106488
0.00106115
0.00104426
0.00101747
0.000983385
0.000943909
0.000900002
0.000851992
0.00080175
0.0007444
0.000674237
0.000184721
0.000216597
0.000235726
0.000242106
0.000238961
0.000237086
0.000235585
0.000235378
0.000232339
0.000229575
0.000229318
0.00023056
0.000235298
0.00024047
0.000243561
0.000243847
0.000240945
0.000233909
0.00021931
0.000186056
0.000222034
0.000440209
0.000564902
0.000627458
0.000638176
0.000673286
0.000745742
0.000818053
0.000855081
0.000809862
0.00074716
0.000714207
0.000678868
0.000650374
0.00062698
0.000597784
0.000558916
0.000505691
0.000418569
0.000210665
0.000292949
0.000435465
0.000525251
0.000595
0.000656126
0.000713523
0.000771847
0.000844704
0.000909878
0.000899891
0.000825989
0.000739913
0.000682778
0.000662186
0.000652095
0.000626244
0.000572209
0.000498788
0.000412142
0.000287363
0.000335595
0.000460336
0.000533212
0.000573954
0.000605265
0.000641119
0.000686395
0.000744253
0.000809113
0.000823067
0.000759763
0.000683993
0.00064684
0.00062971
0.000606589
0.000579622
0.000554065
0.000522284
0.000464807
0.000351321
0.00039073
0.000505949
0.000563353
0.000593815
0.00060372
0.000608184
0.000616797
0.00063863
0.000694282
0.000760628
0.000747772
0.000675293
0.000628244
0.000603384
0.000590259
0.000585578
0.000582094
0.000564303
0.000516162
0.000399371
0.000457615
0.000600417
0.000628769
0.000652355
0.000657474
0.000647953
0.000635085
0.000628928
0.000645352
0.000701444
0.000746351
0.000691168
0.000649097
0.000637946
0.000643638
0.000656245
0.000661795
0.000648199
0.000611415
0.00046329
0.000512805
0.000732168
0.000736755
0.000760462
0.000779607
0.000781744
0.000775178
0.000771274
0.000782183
0.000822512
0.000865725
0.000821947
0.000791027
0.000794552
0.000810106
0.000821824
0.000813616
0.000787073
0.000747642
0.000519471
0.000559506
0.000855857
0.000934885
0.0010075
0.0010541
0.00107928
0.00109372
0.00109669
0.00108552
0.00107584
0.00109754
0.00111404
0.00113738
0.00116294
0.00117912
0.00117577
0.00113131
0.00102845
0.000892565
0.00056712
0.000606622
0.000879219
0.00123528
0.00151094
0.00166717
0.00178676
0.00185179
0.00183481
0.00173112
0.00159883
0.00161123
0.00174001
0.00184778
0.00188909
0.00186938
0.00180032
0.00168052
0.0013533
0.000956922
0.000614507
0.000656476
0.000721808
0.000775437
0.00082238
0.000867928
0.000908993
0.000943191
0.000968411
0.0009826
0.00098413
0.000982244
0.000975199
0.00095781
0.000932035
0.000900002
0.000862881
0.000821283
0.000775844
0.000722362
0.000656981
0.000187643
0.000215241
0.000233947
0.000240236
0.000232908
0.000228041
0.000224482
0.000222381
0.000218543
0.00021426
0.000215565
0.000218901
0.000225842
0.000233551
0.000238866
0.000240945
0.000239705
0.000234272
0.000221667
0.000192972
0.000254323
0.000379501
0.000484985
0.00056124
0.000571239
0.000588704
0.000658709
0.000733965
0.000769894
0.000732169
0.000670114
0.000644215
0.00062239
0.000601571
0.000583855
0.000558916
0.000524265
0.000471759
0.000387001
0.000238243
0.000338854
0.000464574
0.000516656
0.000550939
0.000589108
0.000635371
0.000689174
0.000750298
0.000810482
0.000804795
0.000736367
0.000663122
0.00062161
0.000614512
0.00060811
0.000572209
0.000519263
0.00047811
0.00043411
0.000331983
0.000376672
0.000526198
0.000579178
0.000583226
0.000577587
0.000584942
0.00060965
0.000653726
0.000710755
0.000721429
0.000662932
0.000608429
0.000587933
0.00057513
0.000560205
0.000554065
0.000560106
0.000558833
0.000515549
0.000383491
0.000418221
0.000581063
0.000640572
0.000640954
0.000611755
0.00058189
0.000562685
0.0005567
0.000578421
0.000626606
0.000628604
0.000584526
0.00055948
0.00055233
0.000559478
0.000582094
0.000611754
0.000616631
0.00056977
0.00042384
0.000465856
0.000656083
0.000714943
0.000722071
0.000691774
0.00064559
0.000602465
0.000567891
0.000548386
0.00055511
0.000575434
0.000564815
0.000562749
0.000580107
0.000615062
0.000661795
0.000701262
0.000705696
0.000651347
0.000470714
0.000509311
0.000733583
0.000801853
0.000822437
0.000816962
0.000787004
0.000753927
0.000726088
0.000702743
0.000685146
0.000677984
0.000667227
0.000680439
0.000716688
0.000764896
0.000813616
0.000834108
0.000822223
0.00074506
0.000515156
0.000548479
0.000799139
0.000921597
0.00102401
0.00107532
0.00109038
0.00108983
0.00107889
0.00104862
0.00100066
0.000975537
0.000994227
0.00103448
0.00107769
0.00111555
0.00113131
0.00108631
0.000985095
0.000836257
0.00055502
0.000589383
0.000832095
0.00112321
0.00143492
0.00159428
0.00166698
0.00170574
0.00168891
0.00160394
0.00148765
0.00148022
0.00157736
0.00166366
0.00170483
0.00170868
0.00168052
0.00152187
0.00120841
0.000889213
0.0005959
0.00063356
0.000694357
0.000744651
0.000787467
0.000826155
0.000860268
0.000887834
0.000906643
0.00091447
0.000909802
0.000909119
0.000908113
0.000897092
0.000877669
0.000851992
0.000821283
0.000785906
0.000744948
0.000695218
0.000634608
0.000191242
0.000214335
0.000226664
0.000232685
0.000223152
0.000215521
0.000210892
0.000207758
0.000203908
0.000198764
0.000201139
0.000205829
0.000213825
0.00022319
0.000230208
0.000233909
0.000234272
0.000230457
0.00022118
0.000202193
0.000304214
0.000366659
0.000409239
0.000471813
0.000490867
0.000496436
0.000554336
0.000630816
0.000666315
0.000641116
0.000584096
0.000562229
0.000551958
0.000537389
0.000525399
0.000505691
0.000471759
0.000417743
0.000355745
0.00027809
0.000377287
0.000521839
0.000543564
0.000528239
0.000525292
0.000543059
0.000581016
0.000637896
0.00068761
0.000684521
0.000629143
0.000571722
0.000543261
0.00054372
0.000534203
0.000498788
0.00047811
0.000485642
0.000474795
0.000368865
0.000409835
0.00057435
0.000619243
0.000597514
0.000550759
0.000522445
0.000517353
0.000537679
0.000591141
0.00060807
0.000558927
0.000520566
0.00050729
0.000500856
0.000502099
0.000522284
0.000558833
0.000580902
0.000550857
0.000411203
0.000440515
0.000620016
0.000678061
0.000667446
0.000608309
0.000548325
0.00050341
0.000472862
0.000461854
0.000480055
0.000495879
0.000480922
0.000476732
0.00048878
0.000516717
0.000564303
0.000616631
0.000638957
0.000599807
0.000443128
0.000471578
0.000668614
0.000739907
0.000747865
0.000706368
0.000639462
0.000576306
0.000521513
0.000478188
0.000453454
0.000447049
0.000452109
0.000475241
0.000515188
0.000576126
0.000648199
0.000705696
0.000717249
0.000661567
0.000475302
0.000502763
0.00071238
0.000802158
0.000841226
0.000835245
0.000792887
0.000746429
0.000700501
0.000648963
0.000590842
0.000549544
0.000550367
0.00058676
0.000647972
0.000717241
0.000787073
0.000822223
0.000803724
0.000722549
0.000507466
0.000533192
0.000749689
0.000872879
0.000969696
0.00104214
0.0010717
0.00106717
0.00104593
0.000994859
0.000916616
0.000864808
0.0008846
0.000929789
0.000977564
0.00101906
0.00102845
0.000985095
0.000900663
0.000777009
0.000538333
0.000566824
0.000775722
0.000971423
0.00117455
0.00133464
0.00145155
0.00150935
0.00151617
0.00143624
0.0013195
0.00130237
0.00138482
0.00144869
0.00146243
0.00143914
0.0013533
0.00120841
0.00101404
0.000808545
0.000571676
0.000604511
0.00066159
0.00070901
0.000748128
0.000781852
0.000810332
0.000832234
0.000846126
0.000849614
0.000841314
0.000841716
0.000844329
0.000837448
0.000822525
0.00080175
0.000775844
0.000744948
0.000707967
0.000661833
0.000605771
0.000210446
0.000221093
0.000219358
0.000217925
0.00020817
0.000198769
0.000193154
0.000189697
0.000186249
0.000181353
0.000183969
0.000189015
0.000196752
0.00020643
0.000214298
0.00021931
0.000221667
0.00022118
0.000220283
0.000212153
0.00034763
0.000400207
0.000378562
0.000377018
0.00038421
0.000384624
0.000423901
0.000489576
0.000519376
0.000507624
0.000464074
0.000445657
0.000444283
0.000436515
0.000432999
0.000418569
0.000387001
0.000355745
0.00034493
0.000314662
0.000404214
0.000530174
0.000532788
0.000490481
0.000450097
0.000432426
0.000436916
0.000483774
0.000514105
0.000520865
0.000481291
0.000445465
0.000425963
0.000427635
0.000421952
0.000412142
0.00043411
0.000474795
0.000487112
0.000395552
0.000431038
0.000562848
0.000585254
0.00055416
0.000493121
0.000441503
0.000411002
0.000399299
0.000424546
0.000463082
0.000430894
0.000400713
0.000396608
0.000403816
0.000423716
0.000464807
0.000515549
0.000550857
0.000542029
0.000430069
0.00045217
0.000596428
0.000633657
0.000618804
0.00056897
0.000501469
0.000448204
0.000406772
0.000377749
0.000363893
0.000362915
0.000368837
0.000385045
0.000414928
0.00045847
0.000516162
0.00056977
0.000599807
0.00058102
0.000453407
0.000471571
0.000631716
0.000685164
0.000698366
0.000682397
0.000640463
0.000577445
0.000515584
0.000466182
0.000428902
0.000405794
0.000407964
0.0004321
0.000475213
0.000546652
0.000611415
0.000651347
0.000661567
0.000625948
0.000474123
0.000491275
0.000665697
0.000734878
0.000783698
0.000816933
0.000822531
0.000801727
0.00075634
0.000685998
0.000602427
0.000546138
0.00055623
0.000603132
0.000672644
0.00072198
0.000747642
0.00074506
0.000722549
0.000668994
0.000494493
0.000512027
0.000697379
0.000780737
0.000859762
0.000935161
0.000983822
0.00100366
0.000996514
0.00096363
0.000915166
0.000875464
0.000891084
0.000916515
0.000931293
0.000926067
0.000892565
0.000836257
0.000777009
0.000706861
0.00051541
0.000537051
0.000704536
0.000803471
0.000894811
0.000976892
0.00104072
0.00107197
0.00106846
0.00102523
0.000957843
0.000932321
0.000969415
0.0010029
0.00101481
0.00100157
0.000956922
0.000889213
0.000808545
0.000713732
0.000539937
0.000565999
0.000620279
0.000665032
0.000700478
0.000729742
0.000753371
0.000770796
0.000780971
0.000782191
0.000773671
0.000774142
0.000777559
0.000773052
0.000761493
0.0007444
0.000722362
0.000695218
0.000661833
0.000618993
0.00056704
0.0002369
0.000221419
0.000206754
0.000195032
0.000182754
0.000173677
0.000167324
0.000163619
0.000160788
0.000157712
0.000159317
0.000163854
0.000169668
0.000175739
0.000181085
0.000186056
0.000192972
0.000202193
0.000212153
0.000217226
0.000372949
0.000351531
0.000315583
0.000265991
0.000220402
0.000196667
0.00018679
0.000182162
0.000181889
0.00018082
0.000177286
0.000175506
0.000178653
0.000187678
0.000198286
0.000210665
0.000238243
0.00027809
0.000314662
0.000338957
0.000417676
0.000406924
0.000384913
0.000354582
0.000313984
0.000271222
0.00021871
0.000194399
0.000193964
0.000191222
0.000187178
0.00018708
0.000192116
0.000210643
0.000244405
0.000287363
0.000331983
0.000368865
0.000395552
0.000410114
0.000437827
0.000434513
0.000418392
0.000392804
0.000362484
0.000328531
0.000297588
0.000266535
0.000233899
0.000204597
0.00019798
0.000216047
0.000246556
0.00028124
0.000316804
0.000351321
0.000383491
0.000411203
0.000430069
0.000436607
0.00045155
0.000457031
0.000450946
0.000437259
0.000420163
0.000402864
0.000387082
0.000371197
0.000352267
0.000326748
0.000300288
0.000300066
0.000316003
0.000342933
0.000372093
0.000399371
0.00042384
0.000443128
0.000453407
0.000451854
0.000463055
0.000477907
0.000483765
0.000484432
0.000482451
0.000478331
0.000471817
0.000462361
0.000449475
0.00043277
0.000418236
0.000423012
0.00043215
0.000443009
0.000453885
0.00046329
0.000470714
0.000475302
0.000474123
0.000463632
0.00047437
0.000498541
0.000515424
0.000526833
0.000534428
0.00053811
0.000537478
0.000532169
0.000522139
0.000508662
0.000501412
0.000507826
0.0005141
0.000518691
0.000520633
0.000519471
0.000515156
0.000507466
0.000494493
0.000474888
0.0004865
0.000519557
0.000545698
0.000565141
0.000579657
0.000589303
0.000593254
0.000591037
0.000582501
0.00056923
0.000565437
0.000572941
0.000577689
0.000578464
0.000575012
0.00056712
0.00055502
0.000538333
0.00051541
0.000486763
0.000500915
0.000543852
0.000578202
0.000604681
0.000625314
0.000640131
0.000648151
0.000648829
0.000641602
0.000627574
0.000625761
0.000634138
0.000637588
0.000635375
0.000627743
0.000614507
0.0005959
0.000571676
0.000539937
0.000500776
0.000519398
0.000571339
0.000611973
0.000642289
0.000665809
0.000683616
0.000695888
0.000702163
0.000701318
0.00069245
0.000692399
0.000696842
0.000694736
0.000686898
0.000674237
0.000656981
0.000634608
0.000605771
0.00056704
0.000518572
)
;

boundaryField
{
    floor
    {
        type            nutkWallFunction;
        Cmu             0.09;
        kappa           0.41;
        E               9.8;
        value           nonuniform List<scalar> 
400
(
3.51917e-05
3.09279e-05
2.53608e-05
2.12525e-05
1.8956e-05
1.72774e-05
1.63746e-05
1.57349e-05
1.52411e-05
1.49024e-05
1.46258e-05
1.42306e-05
1.45719e-05
1.55625e-05
1.65663e-05
1.73383e-05
1.77514e-05
1.81246e-05
2.02159e-05
2.33256e-05
3.09279e-05
2.96812e-05
2.58497e-05
2.36853e-05
2.30659e-05
2.22367e-05
2.12264e-05
2.00091e-05
1.89933e-05
1.83769e-05
1.79766e-05
1.76449e-05
1.84901e-05
1.99028e-05
2.11656e-05
2.18992e-05
2.1664e-05
2.13626e-05
2.20224e-05
2.17956e-05
2.53608e-05
2.58497e-05
2.48692e-05
2.50001e-05
2.51757e-05
2.4611e-05
2.38382e-05
2.2734e-05
2.15985e-05
2.08967e-05
2.04323e-05
2.01016e-05
2.09996e-05
2.23812e-05
2.3762e-05
2.4613e-05
2.43424e-05
2.32676e-05
2.21298e-05
2.02611e-05
2.12525e-05
2.36853e-05
2.50001e-05
2.59718e-05
2.60543e-05
2.57374e-05
2.53163e-05
2.45374e-05
2.35465e-05
2.29359e-05
2.24298e-05
2.19733e-05
2.26892e-05
2.38302e-05
2.50916e-05
2.55602e-05
2.52548e-05
2.41935e-05
2.2101e-05
1.87679e-05
1.8956e-05
2.30659e-05
2.51757e-05
2.60543e-05
2.62579e-05
2.6328e-05
2.62729e-05
2.59577e-05
2.53325e-05
2.49228e-05
2.42633e-05
2.36435e-05
2.40701e-05
2.4899e-05
2.54175e-05
2.51647e-05
2.42789e-05
2.28641e-05
2.07109e-05
1.70381e-05
1.72774e-05
2.22367e-05
2.4611e-05
2.57374e-05
2.6328e-05
2.67334e-05
2.70698e-05
2.73309e-05
2.73017e-05
2.70983e-05
2.61624e-05
2.53805e-05
2.547e-05
2.58938e-05
2.5699e-05
2.49128e-05
2.36094e-05
2.18206e-05
1.9415e-05
1.57496e-05
1.63746e-05
2.12264e-05
2.38382e-05
2.53163e-05
2.62729e-05
2.70698e-05
2.79237e-05
2.88953e-05
2.97151e-05
2.96728e-05
2.8354e-05
2.7534e-05
2.74009e-05
2.70173e-05
2.60572e-05
2.47331e-05
2.31231e-05
2.11655e-05
1.86064e-05
1.48145e-05
1.57349e-05
2.00091e-05
2.2734e-05
2.45374e-05
2.59577e-05
2.73309e-05
2.88953e-05
3.07404e-05
3.25693e-05
3.27507e-05
3.09573e-05
3.03645e-05
2.96427e-05
2.82393e-05
2.654e-05
2.47553e-05
2.28716e-05
2.07583e-05
1.81367e-05
1.42803e-05
1.52411e-05
1.89933e-05
2.15985e-05
2.35465e-05
2.53325e-05
2.73017e-05
2.97151e-05
3.25693e-05
3.50758e-05
3.69692e-05
3.48193e-05
3.29886e-05
3.14684e-05
2.89334e-05
2.65299e-05
2.43985e-05
2.23807e-05
2.02491e-05
1.76724e-05
1.38844e-05
1.49024e-05
1.83769e-05
2.08967e-05
2.29359e-05
2.49228e-05
2.70983e-05
2.96728e-05
3.27507e-05
3.69692e-05
3.02153e-05
2.80812e-05
3.50762e-05
3.17634e-05
2.89857e-05
2.64292e-05
2.40911e-05
2.18572e-05
1.95914e-05
1.70311e-05
1.34645e-05
1.46258e-05
1.79766e-05
2.04323e-05
2.24298e-05
2.42633e-05
2.61624e-05
2.8354e-05
3.09573e-05
3.48193e-05
2.80812e-05
2.69133e-05
3.38543e-05
3.08951e-05
2.83776e-05
2.61171e-05
2.40504e-05
2.20437e-05
1.99365e-05
1.74086e-05
1.36627e-05
1.42306e-05
1.76449e-05
2.01016e-05
2.19733e-05
2.36435e-05
2.53805e-05
2.7534e-05
3.03645e-05
3.29886e-05
3.50762e-05
3.38543e-05
3.16699e-05
2.97222e-05
2.7682e-05
2.58422e-05
2.41436e-05
2.24391e-05
2.05391e-05
1.80774e-05
1.42742e-05
1.45719e-05
1.84901e-05
2.09996e-05
2.26892e-05
2.40701e-05
2.547e-05
2.74009e-05
2.96427e-05
3.14684e-05
3.17634e-05
3.08951e-05
2.97222e-05
2.84859e-05
2.71975e-05
2.59705e-05
2.47401e-05
2.33572e-05
2.16118e-05
1.91208e-05
1.50866e-05
1.55625e-05
1.99028e-05
2.23812e-05
2.38302e-05
2.4899e-05
2.58938e-05
2.70173e-05
2.82393e-05
2.89334e-05
2.89857e-05
2.83776e-05
2.7682e-05
2.71975e-05
2.66923e-05
2.61188e-05
2.5392e-05
2.43813e-05
2.28834e-05
2.04582e-05
1.59534e-05
1.65663e-05
2.11656e-05
2.3762e-05
2.50916e-05
2.54175e-05
2.5699e-05
2.60572e-05
2.654e-05
2.65299e-05
2.64292e-05
2.61171e-05
2.58422e-05
2.59705e-05
2.61188e-05
2.60907e-05
2.57811e-05
2.50916e-05
2.38458e-05
2.15618e-05
1.67164e-05
1.73383e-05
2.18992e-05
2.4613e-05
2.55602e-05
2.51647e-05
2.49128e-05
2.47331e-05
2.47553e-05
2.43985e-05
2.40911e-05
2.40504e-05
2.41436e-05
2.47401e-05
2.5392e-05
2.57811e-05
2.57907e-05
2.53619e-05
2.4361e-05
2.22827e-05
1.73915e-05
1.77514e-05
2.1664e-05
2.43424e-05
2.52548e-05
2.42789e-05
2.36094e-05
2.31231e-05
2.28716e-05
2.23807e-05
2.18572e-05
2.20437e-05
2.24391e-05
2.33572e-05
2.43813e-05
2.50916e-05
2.53619e-05
2.518e-05
2.44145e-05
2.2595e-05
1.82781e-05
1.81246e-05
2.13626e-05
2.32676e-05
2.41935e-05
2.28641e-05
2.18206e-05
2.11655e-05
2.07583e-05
2.02491e-05
1.95914e-05
1.99365e-05
2.05391e-05
2.16118e-05
2.28834e-05
2.38458e-05
2.4361e-05
2.44145e-05
2.38334e-05
2.2373e-05
1.94101e-05
2.02159e-05
2.20224e-05
2.21298e-05
2.2101e-05
2.07109e-05
1.9415e-05
1.86064e-05
1.81367e-05
1.76724e-05
1.70311e-05
1.74086e-05
1.80774e-05
1.91208e-05
2.04582e-05
2.15618e-05
2.22827e-05
2.2595e-05
2.2373e-05
2.19033e-05
2.04982e-05
2.33255e-05
2.17956e-05
2.02611e-05
1.87679e-05
1.70381e-05
1.57496e-05
1.48145e-05
1.42803e-05
1.38844e-05
1.34645e-05
1.36627e-05
1.42742e-05
1.50866e-05
1.59534e-05
1.67164e-05
1.73915e-05
1.82781e-05
1.94101e-05
2.04982e-05
2.09609e-05
)
;
    }
    ceiling
    {
        type            nutkWallFunction;
        Cmu             0.09;
        kappa           0.41;
        E               9.8;
        value           nonuniform List<scalar> 
400
(
6.33551e-05
7.00942e-05
7.53585e-05
7.92295e-05
8.22032e-05
8.44524e-05
8.6001e-05
8.67742e-05
8.66207e-05
8.51473e-05
8.39838e-05
8.45567e-05
8.43153e-05
8.332e-05
8.16652e-05
7.94116e-05
7.65321e-05
7.2862e-05
6.79684e-05
6.20095e-05
7.00942e-05
7.69777e-05
8.25513e-05
8.68786e-05
9.04238e-05
9.33115e-05
9.54762e-05
9.67365e-05
9.68581e-05
9.54435e-05
9.43385e-05
9.47968e-05
9.42125e-05
9.26872e-05
9.04109e-05
8.75487e-05
8.41451e-05
8.00575e-05
7.48721e-05
6.86863e-05
7.53585e-05
8.25513e-05
8.83464e-05
9.29989e-05
9.69753e-05
0.000100392
0.00010312
0.000104876
0.000105326
0.000103932
0.000102872
0.000103274
0.000102356
0.000100329
9.75161e-05
9.41758e-05
9.03968e-05
8.59963e-05
8.05318e-05
7.38858e-05
7.92295e-05
8.68786e-05
9.29989e-05
9.80512e-05
0.000102569
0.000106664
0.000110127
0.000112643
0.000113808
0.000113113
0.000111952
0.000111722
0.000110126
0.000107407
0.000103914
9.99537e-05
9.57007e-05
9.08809e-05
8.50036e-05
7.77598e-05
8.22032e-05
9.04238e-05
9.69753e-05
0.000102569
0.000107956
0.00011294
0.000117271
0.000120682
0.000122806
0.000123162
0.000121732
0.000120548
0.000118084
0.000114573
0.00011031
0.000105545
0.000100485
9.50859e-05
8.86899e-05
8.07646e-05
8.44524e-05
9.33115e-05
0.000100392
0.000106664
0.00011294
0.000118807
0.000124091
0.000128602
0.000132067
0.000133991
0.000132096
0.00012942
0.000125718
0.000121225
0.00011612
0.000110567
0.000104695
9.86346e-05
9.16663e-05
8.3043e-05
8.6001e-05
9.54762e-05
0.00010312
0.000110127
0.000117271
0.000124091
0.000130524
0.000136548
0.000142094
0.000146669
0.000144044
0.000138779
0.000133123
0.000127257
0.000121128
0.000114733
0.000108092
0.000101369
9.38682e-05
8.46229e-05
8.67742e-05
9.67365e-05
0.000104876
0.000112643
0.000120682
0.000128602
0.000136548
0.00014482
0.000153666
0.000162348
0.000158781
0.00014927
0.000140499
0.0001326
0.00012514
0.000117805
0.000110416
0.000103114
9.51691e-05
8.54486e-05
8.66207e-05
9.68581e-05
0.000105326
0.000113808
0.000122806
0.000132067
0.000142094
0.000153666
0.000167185
0.000179781
0.000175682
0.000161194
0.000147981
0.000137155
0.000127954
0.000119546
0.000111406
0.000103588
9.53624e-05
8.53806e-05
8.51473e-05
9.54435e-05
0.000103932
0.000113113
0.000123162
0.000133991
0.000146669
0.000162348
0.000179781
0.000180498
0.00018032
0.000172156
0.000154949
0.000140615
0.00012935
0.000119778
0.000110889
0.000102617
9.43409e-05
8.42899e-05
8.39838e-05
9.43385e-05
0.000102872
0.000111952
0.000121732
0.000132096
0.000144044
0.000158781
0.000175682
0.00018032
0.00018396
0.000170088
0.000153303
0.000139768
0.000128922
0.000119545
0.000110775
0.000102609
9.432e-05
8.41775e-05
8.45567e-05
9.47968e-05
0.000103274
0.000111722
0.000120548
0.00012942
0.000138779
0.00014927
0.000161194
0.000172156
0.000170088
0.000157283
0.000145642
0.000135695
0.000126893
0.000118674
0.000110621
0.000102892
9.4713e-05
8.47168e-05
8.43153e-05
9.42125e-05
0.000102356
0.000110126
0.000118084
0.000125718
0.000133123
0.000140499
0.000147981
0.000154949
0.000153303
0.000145642
0.000138065
0.000130801
0.000123702
0.000116587
0.000109286
0.000102042
9.41466e-05
8.44461e-05
8.332e-05
9.26872e-05
0.000100329
0.000107407
0.000114573
0.000121225
0.000127257
0.0001326
0.000137155
0.000140615
0.000139768
0.000135695
0.000130801
0.000125417
0.000119647
0.000113503
0.000106944
0.000100226
9.2722e-05
8.34653e-05
8.16652e-05
9.04109e-05
9.75161e-05
0.000103914
0.00011031
0.00011612
0.000121128
0.00012514
0.000127954
0.00012935
0.000128922
0.000126893
0.000123702
0.000119647
0.000114932
0.000109652
0.000103833
9.76844e-05
9.06096e-05
8.18797e-05
7.94116e-05
8.75487e-05
9.41758e-05
9.99537e-05
0.000105545
0.000110567
0.000114733
0.000117805
0.000119546
0.000119778
0.000119545
0.000118674
0.000116587
0.000113503
0.000109652
0.000105159
0.000100086
9.44988e-05
8.78751e-05
7.97127e-05
7.65321e-05
8.41451e-05
9.03968e-05
9.57007e-05
0.000100485
0.000104695
0.000108092
0.000110416
0.000111406
0.000110889
0.000110775
0.000110621
0.000109286
0.000106944
0.000103833
0.000100086
9.57419e-05
9.06754e-05
8.44887e-05
7.68917e-05
7.2862e-05
8.00575e-05
8.59963e-05
9.08809e-05
9.50859e-05
9.86346e-05
0.000101369
0.000103114
0.000103588
0.000102617
0.000102609
0.000102892
0.000102042
0.000100226
9.76844e-05
9.44988e-05
9.06754e-05
8.60729e-05
8.03023e-05
7.32399e-05
6.79684e-05
7.48721e-05
8.05318e-05
8.50036e-05
8.86899e-05
9.16662e-05
9.38682e-05
9.51691e-05
9.53624e-05
9.43409e-05
9.432e-05
9.4713e-05
9.41466e-05
9.2722e-05
9.06096e-05
8.78751e-05
8.44887e-05
8.03023e-05
7.49048e-05
6.83126e-05
6.20095e-05
6.86863e-05
7.38858e-05
7.77598e-05
8.07646e-05
8.3043e-05
8.46229e-05
8.54486e-05
8.53806e-05
8.42899e-05
8.41775e-05
8.47168e-05
8.44461e-05
8.34653e-05
8.18797e-05
7.97127e-05
7.68917e-05
7.32399e-05
6.83126e-05
6.21023e-05
)
;
    }
    fixedWalls
    {
        type            nutkWallFunction;
        Cmu             0.09;
        kappa           0.41;
        E               9.8;
        value           nonuniform List<scalar> 
800
(
3.51793e-05
4.6568e-05
5.04073e-05
5.25236e-05
5.41182e-05
5.55767e-05
5.7097e-05
5.87734e-05
6.07884e-05
6.33489e-05
3.0915e-05
4.44147e-05
4.93494e-05
5.24148e-05
5.50515e-05
5.76125e-05
6.02149e-05
6.29803e-05
6.63044e-05
7.00893e-05
2.53473e-05
4.04357e-05
4.654e-05
5.04985e-05
5.44653e-05
5.85058e-05
6.24004e-05
6.62753e-05
7.06348e-05
7.53546e-05
2.12384e-05
3.45666e-05
4.24707e-05
4.71809e-05
5.28816e-05
5.86318e-05
6.37773e-05
6.86217e-05
7.38483e-05
7.92264e-05
1.89414e-05
2.69736e-05
3.74071e-05
4.30129e-05
5.07771e-05
5.82861e-05
6.45758e-05
7.02814e-05
7.6243e-05
8.22007e-05
1.72624e-05
2.05026e-05
3.13438e-05
3.85277e-05
4.83857e-05
5.75177e-05
6.48114e-05
7.12616e-05
7.78611e-05
8.44503e-05
1.63595e-05
1.83657e-05
2.5119e-05
3.34874e-05
4.55866e-05
5.62737e-05
6.44679e-05
7.15448e-05
7.86804e-05
8.59992e-05
1.57197e-05
1.74555e-05
1.96948e-05
2.68407e-05
4.19901e-05
5.45286e-05
6.35306e-05
7.11248e-05
7.86628e-05
8.67726e-05
1.52257e-05
1.76041e-05
1.93813e-05
2.21983e-05
3.68916e-05
5.23026e-05
6.20049e-05
6.99537e-05
7.76925e-05
8.6619e-05
1.48868e-05
1.80226e-05
2.01135e-05
2.11202e-05
3.09746e-05
4.96915e-05
5.99858e-05
6.80068e-05
7.56626e-05
8.51453e-05
1.461e-05
1.81399e-05
1.9944e-05
2.0826e-05
2.59674e-05
4.7109e-05
5.85644e-05
6.68975e-05
7.46016e-05
8.39816e-05
1.42146e-05
1.74864e-05
1.89608e-05
2.14493e-05
2.74518e-05
4.81587e-05
5.94174e-05
6.77752e-05
7.55837e-05
8.45547e-05
1.4556e-05
1.70937e-05
1.97597e-05
2.40591e-05
3.18004e-05
4.96536e-05
6.02686e-05
6.83694e-05
7.5979e-05
8.43132e-05
1.5547e-05
1.78517e-05
2.28063e-05
2.76736e-05
3.65408e-05
5.12292e-05
6.09108e-05
6.84847e-05
7.56641e-05
8.33177e-05
1.65511e-05
1.96029e-05
2.68549e-05
3.21227e-05
4.10956e-05
5.27082e-05
6.12455e-05
6.80776e-05
7.47008e-05
8.16625e-05
1.73234e-05
2.24563e-05
3.20547e-05
3.78807e-05
4.5202e-05
5.40138e-05
6.11842e-05
6.71667e-05
7.31346e-05
7.94085e-05
1.77367e-05
2.64264e-05
3.81121e-05
4.34029e-05
4.886e-05
5.50854e-05
6.07217e-05
6.57452e-05
7.09411e-05
7.65284e-05
1.81101e-05
3.27389e-05
4.33619e-05
4.77363e-05
5.17671e-05
5.58176e-05
5.98581e-05
6.37697e-05
6.80603e-05
7.28576e-05
2.02017e-05
3.87297e-05
4.6924e-05
5.05036e-05
5.32761e-05
5.58019e-05
5.83552e-05
6.10336e-05
6.42469e-05
6.79631e-05
2.33119e-05
4.22295e-05
4.87104e-05
5.14039e-05
5.32008e-05
5.46937e-05
5.61632e-05
5.77399e-05
5.96112e-05
6.20029e-05
2.33118e-05
4.22295e-05
4.87104e-05
5.14039e-05
5.32008e-05
5.46937e-05
5.61632e-05
5.77399e-05
5.96112e-05
6.20029e-05
2.17816e-05
3.9354e-05
4.73224e-05
5.09816e-05
5.39203e-05
5.66321e-05
5.93046e-05
6.20232e-05
6.5153e-05
6.8681e-05
2.02469e-05
3.45245e-05
4.4481e-05
4.8938e-05
5.31891e-05
5.74445e-05
6.15377e-05
6.54321e-05
6.95854e-05
7.38815e-05
1.87532e-05
2.80017e-05
4.04921e-05
4.56732e-05
5.14825e-05
5.76096e-05
6.30819e-05
6.79857e-05
7.30066e-05
7.77564e-05
1.7023e-05
2.20835e-05
3.51295e-05
4.17549e-05
4.93256e-05
5.74419e-05
6.41398e-05
6.99083e-05
7.56799e-05
8.07617e-05
1.57342e-05
1.91846e-05
2.90956e-05
3.73801e-05
4.71334e-05
5.69965e-05
6.46928e-05
7.12081e-05
7.76174e-05
8.30407e-05
1.47989e-05
1.76646e-05
2.18813e-05
3.31951e-05
4.51105e-05
5.62298e-05
6.46849e-05
7.17822e-05
7.87023e-05
8.46209e-05
1.42646e-05
1.70416e-05
1.8825e-05
2.88503e-05
4.30419e-05
5.50513e-05
6.40591e-05
7.15586e-05
7.88491e-05
8.54467e-05
1.38687e-05
1.70223e-05
1.86879e-05
2.42805e-05
4.04959e-05
5.33783e-05
6.27924e-05
7.05035e-05
7.79775e-05
8.53787e-05
1.34488e-05
1.68948e-05
1.83244e-05
2.01987e-05
3.69943e-05
5.11086e-05
6.10108e-05
6.87856e-05
7.61981e-05
8.42878e-05
1.36469e-05
1.63859e-05
1.77744e-05
1.93481e-05
3.32047e-05
4.89905e-05
5.989e-05
6.81449e-05
7.58261e-05
8.41753e-05
1.42585e-05
1.60934e-05
1.77579e-05
2.1927e-05
3.30071e-05
4.95264e-05
6.06758e-05
6.90709e-05
7.68571e-05
8.47148e-05
1.50712e-05
1.65283e-05
1.85025e-05
2.61901e-05
3.51949e-05
5.0713e-05
6.14742e-05
6.96649e-05
7.72824e-05
8.4444e-05
1.59382e-05
1.77895e-05
2.10462e-05
3.08755e-05
3.89476e-05
5.21558e-05
6.20644e-05
6.97578e-05
7.69971e-05
8.3463e-05
1.67014e-05
1.91946e-05
2.54951e-05
3.56137e-05
4.28764e-05
5.35933e-05
6.23083e-05
6.93055e-05
7.60173e-05
8.18771e-05
1.73767e-05
2.06919e-05
3.10337e-05
4.01993e-05
4.64886e-05
5.48259e-05
6.21512e-05
6.82909e-05
7.43292e-05
7.97096e-05
1.82636e-05
2.40169e-05
3.69666e-05
4.43835e-05
4.96819e-05
5.57935e-05
6.15861e-05
6.67347e-05
7.19588e-05
7.6888e-05
1.93958e-05
2.89442e-05
4.18943e-05
4.79467e-05
5.21663e-05
5.63886e-05
6.05855e-05
6.45866e-05
6.88681e-05
7.32356e-05
2.04843e-05
3.34968e-05
4.54203e-05
5.03723e-05
5.34977e-05
5.62377e-05
5.89077e-05
6.1635e-05
6.48084e-05
6.83072e-05
2.0947e-05
3.64339e-05
4.73638e-05
5.12423e-05
5.33217e-05
5.48951e-05
5.63834e-05
5.79461e-05
5.97795e-05
6.20957e-05
3.51793e-05
4.6568e-05
5.04073e-05
5.25236e-05
5.41182e-05
5.55767e-05
5.7097e-05
5.87734e-05
6.07884e-05
6.33489e-05
3.0915e-05
4.44147e-05
4.93494e-05
5.24148e-05
5.50515e-05
5.76125e-05
6.02149e-05
6.29803e-05
6.63044e-05
7.00893e-05
2.53473e-05
4.04357e-05
4.654e-05
5.04985e-05
5.44653e-05
5.85058e-05
6.24004e-05
6.62753e-05
7.06348e-05
7.53546e-05
2.12384e-05
3.45666e-05
4.24707e-05
4.71809e-05
5.28816e-05
5.86318e-05
6.37773e-05
6.86217e-05
7.38483e-05
7.92264e-05
1.89414e-05
2.69736e-05
3.74071e-05
4.30129e-05
5.07771e-05
5.82861e-05
6.45758e-05
7.02814e-05
7.6243e-05
8.22007e-05
1.72624e-05
2.05026e-05
3.13438e-05
3.85277e-05
4.83857e-05
5.75177e-05
6.48114e-05
7.12616e-05
7.78611e-05
8.44503e-05
1.63595e-05
1.83657e-05
2.5119e-05
3.34874e-05
4.55866e-05
5.62737e-05
6.44679e-05
7.15448e-05
7.86804e-05
8.59992e-05
1.57197e-05
1.74555e-05
1.96948e-05
2.68407e-05
4.19901e-05
5.45286e-05
6.35306e-05
7.11248e-05
7.86628e-05
8.67726e-05
1.52257e-05
1.76041e-05
1.93813e-05
2.21983e-05
3.68916e-05
5.23026e-05
6.20049e-05
6.99537e-05
7.76925e-05
8.6619e-05
1.48868e-05
1.80226e-05
2.01135e-05
2.11202e-05
3.09746e-05
4.96915e-05
5.99858e-05
6.80068e-05
7.56626e-05
8.51453e-05
1.461e-05
1.81399e-05
1.9944e-05
2.0826e-05
2.59674e-05
4.7109e-05
5.85644e-05
6.68975e-05
7.46016e-05
8.39816e-05
1.42146e-05
1.74864e-05
1.89608e-05
2.14493e-05
2.74518e-05
4.81587e-05
5.94174e-05
6.77752e-05
7.55837e-05
8.45547e-05
1.4556e-05
1.70937e-05
1.97597e-05
2.40591e-05
3.18004e-05
4.96536e-05
6.02686e-05
6.83694e-05
7.5979e-05
8.43132e-05
1.5547e-05
1.78517e-05
2.28063e-05
2.76736e-05
3.65408e-05
5.12292e-05
6.09108e-05
6.84847e-05
7.56641e-05
8.33177e-05
1.65511e-05
1.96029e-05
2.68549e-05
3.21227e-05
4.10956e-05
5.27082e-05
6.12455e-05
6.80776e-05
7.47008e-05
8.16625e-05
1.73234e-05
2.24563e-05
3.20547e-05
3.78807e-05
4.5202e-05
5.40138e-05
6.11842e-05
6.71667e-05
7.31346e-05
7.94085e-05
1.77367e-05
2.64264e-05
3.81121e-05
4.34029e-05
4.886e-05
5.50854e-05
6.07217e-05
6.57452e-05
7.09411e-05
7.65284e-05
1.81101e-05
3.27389e-05
4.33619e-05
4.77363e-05
5.17671e-05
5.58176e-05
5.98581e-05
6.37697e-05
6.80602e-05
7.28576e-05
2.02017e-05
3.87297e-05
4.6924e-05
5.05036e-05
5.32761e-05
5.58019e-05
5.83552e-05
6.10336e-05
6.42469e-05
6.79631e-05
2.33118e-05
4.22295e-05
4.87104e-05
5.14039e-05
5.32008e-05
5.46937e-05
5.61632e-05
5.77399e-05
5.96112e-05
6.20029e-05
2.33119e-05
4.22295e-05
4.87104e-05
5.14039e-05
5.32008e-05
5.46937e-05
5.61632e-05
5.77399e-05
5.96112e-05
6.20029e-05
2.17816e-05
3.9354e-05
4.73224e-05
5.09816e-05
5.39203e-05
5.66321e-05
5.93046e-05
6.20232e-05
6.5153e-05
6.8681e-05
2.02469e-05
3.45245e-05
4.4481e-05
4.8938e-05
5.31891e-05
5.74445e-05
6.15377e-05
6.54321e-05
6.95854e-05
7.38815e-05
1.87532e-05
2.80017e-05
4.04921e-05
4.56732e-05
5.14825e-05
5.76096e-05
6.30819e-05
6.79857e-05
7.30066e-05
7.77564e-05
1.7023e-05
2.20835e-05
3.51295e-05
4.17549e-05
4.93256e-05
5.74419e-05
6.41398e-05
6.99083e-05
7.56799e-05
8.07617e-05
1.57342e-05
1.91846e-05
2.90956e-05
3.73801e-05
4.71334e-05
5.69965e-05
6.46928e-05
7.12081e-05
7.76174e-05
8.30407e-05
1.47989e-05
1.76646e-05
2.18814e-05
3.31951e-05
4.51105e-05
5.62298e-05
6.46849e-05
7.17822e-05
7.87023e-05
8.46209e-05
1.42646e-05
1.70416e-05
1.8825e-05
2.88503e-05
4.30419e-05
5.50513e-05
6.40591e-05
7.15586e-05
7.88491e-05
8.54467e-05
1.38687e-05
1.70223e-05
1.86879e-05
2.42805e-05
4.0496e-05
5.33783e-05
6.27924e-05
7.05035e-05
7.79775e-05
8.53787e-05
1.34488e-05
1.68948e-05
1.83244e-05
2.01987e-05
3.69943e-05
5.11086e-05
6.10108e-05
6.87856e-05
7.61981e-05
8.42878e-05
1.36469e-05
1.63859e-05
1.77744e-05
1.93481e-05
3.32047e-05
4.89905e-05
5.989e-05
6.81449e-05
7.58261e-05
8.41753e-05
1.42585e-05
1.60934e-05
1.77579e-05
2.1927e-05
3.30071e-05
4.95264e-05
6.06758e-05
6.90709e-05
7.68571e-05
8.47148e-05
1.50712e-05
1.65283e-05
1.85025e-05
2.61901e-05
3.51949e-05
5.0713e-05
6.14742e-05
6.96649e-05
7.72824e-05
8.4444e-05
1.59382e-05
1.77895e-05
2.10462e-05
3.08755e-05
3.89476e-05
5.21558e-05
6.20644e-05
6.97578e-05
7.69971e-05
8.3463e-05
1.67014e-05
1.91946e-05
2.54951e-05
3.56137e-05
4.28764e-05
5.35933e-05
6.23083e-05
6.93055e-05
7.60173e-05
8.18771e-05
1.73767e-05
2.06919e-05
3.10337e-05
4.01993e-05
4.64886e-05
5.48259e-05
6.21512e-05
6.82909e-05
7.43292e-05
7.97096e-05
1.82636e-05
2.40169e-05
3.69666e-05
4.43835e-05
4.96819e-05
5.57935e-05
6.15861e-05
6.67347e-05
7.19588e-05
7.6888e-05
1.93958e-05
2.89442e-05
4.18943e-05
4.79467e-05
5.21663e-05
5.63886e-05
6.05855e-05
6.45866e-05
6.88681e-05
7.32356e-05
2.04843e-05
3.34968e-05
4.54203e-05
5.03723e-05
5.34977e-05
5.62377e-05
5.89077e-05
6.1635e-05
6.48084e-05
6.83072e-05
2.0947e-05
3.64339e-05
4.73638e-05
5.12423e-05
5.33217e-05
5.48951e-05
5.63834e-05
5.79461e-05
5.97795e-05
6.20957e-05
)
;
    }
}


// ************************************************************************* //
