/*--------------------------------*- C++ -*----------------------------------*\
  =========                 |
  \\      /  F ield         | OpenFOAM: The Open Source CFD Toolbox
   \\    /   O peration     | Website:  https://openfoam.org
    \\  /    A nd           | Version:  9
     \\/     M anipulation  |
\*---------------------------------------------------------------------------*/
FoamFile
{
    format      ascii;
    class       volScalarField;
    location    "1200";
    object      T;
}
// * * * * * * * * * * * * * * * * * * * * * * * * * * * * * * * * * * * * * //

dimensions      [0 0 0 1 0 0 0];

internalField   nonuniform List<scalar> 
4000
(
300.543
300.534
300.509
300.48
300.464
300.467
300.467
300.464
300.463
300.463
300.463
300.463
300.464
300.467
300.467
300.457
300.452
300.478
300.52
300.537
300.553
300.554
300.552
300.539
300.527
300.518
300.514
300.514
300.512
300.513
300.514
300.516
300.517
300.515
300.516
300.527
300.539
300.551
300.554
300.553
300.549
300.552
300.554
300.554
300.547
300.539
300.534
300.531
300.532
300.532
300.532
300.532
300.531
300.533
300.537
300.545
300.554
300.554
300.552
300.55
300.545
300.549
300.552
300.553
300.553
300.549
300.546
300.544
300.542
300.54
300.54
300.54
300.542
300.545
300.548
300.552
300.553
300.552
300.549
300.546
300.541
300.545
300.549
300.55
300.551
300.551
300.551
300.551
300.55
300.55
300.55
300.55
300.55
300.551
300.551
300.551
300.55
300.548
300.545
300.541
300.536
300.54
300.544
300.547
300.548
300.549
300.55
300.55
300.55
300.55
300.549
300.55
300.55
300.549
300.549
300.548
300.546
300.544
300.54
300.536
300.531
300.535
300.539
300.542
300.544
300.545
300.546
300.547
300.547
300.546
300.546
300.547
300.546
300.546
300.545
300.544
300.542
300.539
300.535
300.531
300.526
300.53
300.534
300.537
300.539
300.541
300.542
300.542
300.543
300.542
300.542
300.542
300.542
300.541
300.54
300.538
300.536
300.533
300.53
300.526
300.519
300.524
300.528
300.531
300.533
300.535
300.536
300.537
300.538
300.537
300.537
300.537
300.537
300.536
300.534
300.532
300.53
300.527
300.523
300.519
300.511
300.515
300.518
300.521
300.524
300.526
300.528
300.53
300.53
300.53
300.529
300.529
300.529
300.527
300.525
300.523
300.52
300.517
300.514
300.511
300.534
300.521
300.495
300.473
300.465
300.468
300.467
300.464
300.463
300.464
300.465
300.465
300.465
300.468
300.469
300.458
300.451
300.462
300.491
300.515
300.554
300.553
300.548
300.536
300.526
300.517
300.513
300.514
300.513
300.514
300.515
300.516
300.517
300.515
300.516
300.525
300.535
300.546
300.552
300.554
300.552
300.553
300.554
300.552
300.545
300.538
300.534
300.531
300.531
300.531
300.531
300.532
300.531
300.533
300.536
300.543
300.551
300.554
300.554
300.553
300.549
300.55
300.552
300.553
300.551
300.547
300.543
300.54
300.538
300.537
300.537
300.537
300.539
300.542
300.546
300.55
300.553
300.552
300.551
300.55
300.545
300.546
300.549
300.55
300.55
300.549
300.547
300.546
300.545
300.544
300.543
300.544
300.545
300.547
300.549
300.55
300.55
300.549
300.547
300.546
300.54
300.542
300.545
300.547
300.548
300.547
300.547
300.546
300.546
300.545
300.545
300.545
300.546
300.547
300.548
300.548
300.547
300.545
300.543
300.541
300.535
300.538
300.542
300.544
300.545
300.545
300.545
300.545
300.545
300.544
300.544
300.544
300.545
300.545
300.545
300.544
300.544
300.541
300.538
300.536
300.53
300.534
300.538
300.54
300.542
300.542
300.543
300.543
300.543
300.542
300.542
300.543
300.543
300.543
300.542
300.541
300.54
300.537
300.534
300.53
300.524
300.528
300.532
300.535
300.538
300.539
300.541
300.542
300.542
300.542
300.541
300.542
300.541
300.54
300.539
300.537
300.535
300.532
300.528
300.524
300.515
300.518
300.522
300.525
300.528
300.531
300.534
300.535
300.536
300.536
300.535
300.535
300.534
300.532
300.53
300.527
300.524
300.521
300.517
300.514
300.509
300.495
300.478
300.467
300.466
300.47
300.469
300.465
300.464
300.465
300.467
300.467
300.467
300.469
300.471
300.462
300.452
300.451
300.462
300.475
300.552
300.548
300.54
300.53
300.522
300.515
300.513
300.514
300.514
300.514
300.515
300.517
300.517
300.515
300.514
300.52
300.528
300.536
300.542
300.545
300.554
300.554
300.553
300.55
300.543
300.537
300.533
300.531
300.531
300.531
300.532
300.532
300.531
300.532
300.535
300.54
300.547
300.553
300.554
300.555
300.552
300.552
300.552
300.552
300.55
300.545
300.541
300.539
300.537
300.537
300.537
300.537
300.538
300.54
300.544
300.548
300.552
300.553
300.553
300.553
300.549
300.549
300.549
300.55
300.549
300.547
300.544
300.542
300.541
300.54
300.539
300.54
300.542
300.544
300.547
300.549
300.55
300.55
300.549
300.549
300.544
300.545
300.546
300.547
300.547
300.546
300.544
300.543
300.542
300.541
300.541
300.541
300.543
300.544
300.546
300.547
300.547
300.547
300.546
300.545
300.539
300.542
300.543
300.544
300.544
300.543
300.542
300.542
300.541
300.541
300.541
300.541
300.542
300.543
300.544
300.544
300.544
300.543
300.542
300.54
300.534
300.538
300.54
300.54
300.54
300.54
300.539
300.539
300.538
300.538
300.538
300.538
300.539
300.54
300.54
300.54
300.54
300.54
300.538
300.534
300.528
300.532
300.536
300.538
300.539
300.54
300.541
300.542
300.542
300.541
300.541
300.542
300.541
300.541
300.54
300.539
300.538
300.535
300.532
300.527
300.518
300.522
300.525
300.529
300.533
300.536
300.539
300.541
300.542
300.542
300.541
300.541
300.539
300.537
300.534
300.531
300.528
300.524
300.521
300.517
300.48
300.473
300.467
300.466
300.469
300.472
300.469
300.465
300.464
300.465
300.468
300.467
300.467
300.47
300.472
300.468
300.458
300.452
300.45
300.45
300.539
300.536
300.53
300.524
300.518
300.513
300.513
300.514
300.514
300.514
300.515
300.517
300.518
300.516
300.512
300.516
300.521
300.527
300.53
300.531
300.554
300.552
300.55
300.545
300.539
300.535
300.532
300.531
300.531
300.531
300.532
300.532
300.531
300.531
300.533
300.535
300.541
300.546
300.549
300.552
300.553
300.553
300.552
300.551
300.547
300.543
300.54
300.538
300.537
300.538
300.538
300.537
300.538
300.539
300.542
300.545
300.549
300.551
300.553
300.553
300.55
300.55
300.55
300.55
300.548
300.546
300.543
300.541
300.54
300.539
300.539
300.539
300.54
300.542
300.545
300.548
300.55
300.55
300.551
300.551
300.547
300.547
300.547
300.547
300.546
300.544
300.542
300.541
300.54
300.539
300.539
300.539
300.541
300.542
300.544
300.546
300.547
300.547
300.548
300.547
300.542
300.544
300.544
300.543
300.543
300.542
300.541
300.54
300.539
300.538
300.538
300.539
300.54
300.541
300.542
300.543
300.544
300.544
300.544
300.542
300.537
300.54
300.54
300.539
300.539
300.539
300.538
300.537
300.537
300.536
300.536
300.537
300.537
300.538
300.539
300.54
300.54
300.54
300.54
300.537
300.531
300.535
300.538
300.539
300.539
300.54
300.541
300.541
300.541
300.54
300.54
300.541
300.541
300.54
300.54
300.539
300.539
300.538
300.535
300.53
300.521
300.525
300.529
300.533
300.537
300.541
300.544
300.547
300.549
300.549
300.547
300.547
300.545
300.542
300.539
300.535
300.531
300.528
300.524
300.52
300.464
300.465
300.466
300.469
300.473
300.473
300.469
300.466
300.464
300.465
300.468
300.468
300.467
300.47
300.472
300.472
300.467
300.46
300.457
300.457
300.527
300.526
300.522
300.518
300.513
300.513
300.514
300.514
300.514
300.514
300.515
300.517
300.518
300.517
300.513
300.512
300.515
300.519
300.521
300.522
300.547
300.545
300.543
300.539
300.536
300.533
300.531
300.531
300.531
300.532
300.532
300.532
300.531
300.53
300.531
300.532
300.535
300.538
300.541
300.542
300.553
300.551
300.55
300.547
300.544
300.541
300.539
300.538
300.538
300.538
300.538
300.537
300.537
300.538
300.539
300.542
300.545
300.547
300.549
300.551
300.551
300.55
300.549
300.548
300.546
300.544
300.541
300.54
300.539
300.539
300.539
300.539
300.539
300.541
300.543
300.545
300.547
300.549
300.55
300.552
300.548
300.548
300.547
300.546
300.545
300.543
300.541
300.54
300.539
300.538
300.538
300.538
300.539
300.541
300.543
300.545
300.546
300.547
300.548
300.548
300.544
300.545
300.544
300.543
300.542
300.541
300.54
300.539
300.538
300.538
300.537
300.538
300.539
300.54
300.541
300.542
300.543
300.544
300.545
300.544
300.539
300.542
300.54
300.539
300.539
300.538
300.537
300.537
300.536
300.535
300.535
300.536
300.537
300.538
300.538
300.539
300.54
300.54
300.542
300.539
300.533
300.538
300.539
300.539
300.54
300.54
300.541
300.542
300.542
300.541
300.541
300.542
300.542
300.541
300.54
300.539
300.539
300.539
300.537
300.532
300.524
300.528
300.533
300.537
300.541
300.546
300.55
300.554
300.556
300.557
300.555
300.554
300.551
300.548
300.543
300.539
300.535
300.531
300.527
300.523
300.467
300.468
300.47
300.472
300.473
300.472
300.469
300.467
300.465
300.466
300.468
300.467
300.467
300.469
300.471
300.472
300.472
300.469
300.467
300.465
300.518
300.517
300.515
300.513
300.513
300.514
300.515
300.513
300.513
300.513
300.515
300.517
300.518
300.517
300.516
300.513
300.512
300.513
300.515
300.514
300.539
300.538
300.537
300.535
300.533
300.532
300.531
300.531
300.532
300.532
300.532
300.532
300.532
300.531
300.53
300.531
300.532
300.533
300.534
300.534
300.549
300.547
300.545
300.543
300.541
300.539
300.538
300.537
300.538
300.538
300.538
300.538
300.537
300.537
300.538
300.539
300.541
300.542
300.544
300.545
300.551
300.549
300.547
300.546
300.544
300.542
300.54
300.539
300.539
300.54
300.54
300.539
300.539
300.54
300.541
300.543
300.544
300.546
300.548
300.551
300.549
300.547
300.546
300.544
300.543
300.542
300.54
300.539
300.539
300.539
300.538
300.538
300.539
300.54
300.541
300.543
300.544
300.546
300.548
300.549
300.545
300.545
300.543
300.542
300.541
300.54
300.539
300.538
300.538
300.537
300.537
300.537
300.538
300.539
300.54
300.541
300.542
300.544
300.545
300.545
300.541
300.542
300.54
300.539
300.538
300.538
300.537
300.536
300.536
300.535
300.535
300.536
300.537
300.537
300.538
300.538
300.539
300.54
300.542
300.54
300.535
300.539
300.54
300.54
300.54
300.541
300.543
300.544
300.544
300.543
300.543
300.544
300.544
300.542
300.541
300.54
300.54
300.54
300.539
300.534
300.526
300.531
300.536
300.541
300.546
300.551
300.556
300.561
300.565
300.566
300.564
300.562
300.559
300.554
300.548
300.543
300.538
300.534
300.529
300.525
300.467
300.467
300.469
300.469
300.469
300.469
300.469
300.468
300.466
300.466
300.468
300.467
300.466
300.467
300.468
300.469
300.469
300.469
300.467
300.465
300.514
300.513
300.513
300.513
300.514
300.515
300.513
300.511
300.511
300.513
300.515
300.516
300.517
300.517
300.517
300.516
300.514
300.513
300.513
300.515
300.534
300.534
300.533
300.532
300.531
300.531
300.531
300.531
300.531
300.531
300.532
300.532
300.532
300.531
300.53
300.53
300.53
300.531
300.531
300.531
300.546
300.543
300.541
300.54
300.539
300.538
300.537
300.538
300.538
300.539
300.539
300.538
300.537
300.537
300.537
300.537
300.538
300.539
300.54
300.541
300.551
300.547
300.544
300.543
300.541
300.54
300.54
300.539
300.54
300.54
300.54
300.539
300.539
300.539
300.54
300.541
300.542
300.543
300.546
300.551
300.55
300.547
300.544
300.542
300.541
300.54
300.539
300.539
300.538
300.539
300.538
300.538
300.538
300.539
300.54
300.541
300.542
300.544
300.547
300.55
300.546
300.545
300.542
300.541
300.54
300.539
300.538
300.538
300.537
300.537
300.537
300.537
300.538
300.538
300.539
300.54
300.541
300.543
300.545
300.546
300.542
300.543
300.539
300.538
300.537
300.537
300.537
300.536
300.536
300.535
300.535
300.536
300.536
300.537
300.537
300.538
300.538
300.54
300.543
300.541
300.536
300.541
300.541
300.541
300.541
300.543
300.545
300.546
300.547
300.547
300.547
300.547
300.546
300.544
300.542
300.541
300.54
300.541
300.54
300.536
300.528
300.534
300.539
300.544
300.55
300.556
300.563
300.569
300.575
300.579
300.576
300.572
300.566
300.56
300.554
300.547
300.542
300.537
300.532
300.527
300.464
300.464
300.465
300.465
300.466
300.467
300.468
300.468
300.468
300.468
300.47
300.468
300.466
300.466
300.466
300.465
300.465
300.464
300.463
300.462
300.514
300.514
300.514
300.514
300.514
300.513
300.511
300.51
300.511
300.514
300.516
300.516
300.516
300.516
300.516
300.516
300.516
300.516
300.516
300.516
300.531
300.531
300.531
300.531
300.531
300.531
300.531
300.531
300.531
300.531
300.532
300.532
300.532
300.532
300.531
300.531
300.53
300.53
300.53
300.53
300.544
300.54
300.539
300.538
300.538
300.537
300.538
300.538
300.538
300.538
300.538
300.538
300.538
300.537
300.537
300.537
300.537
300.537
300.538
300.539
300.551
300.546
300.542
300.541
300.54
300.539
300.539
300.539
300.54
300.541
300.54
300.539
300.539
300.539
300.539
300.539
300.54
300.541
300.544
300.55
300.55
300.546
300.543
300.541
300.54
300.539
300.539
300.538
300.538
300.539
300.539
300.538
300.538
300.539
300.539
300.54
300.54
300.542
300.546
300.55
300.547
300.545
300.542
300.54
300.539
300.538
300.538
300.537
300.537
300.538
300.538
300.537
300.537
300.538
300.538
300.539
300.54
300.542
300.545
300.546
300.542
300.543
300.539
300.537
300.537
300.536
300.536
300.536
300.536
300.537
300.537
300.536
300.536
300.536
300.537
300.537
300.538
300.539
300.543
300.542
300.537
300.542
300.542
300.541
300.542
300.544
300.546
300.549
300.552
300.559
300.558
300.551
300.548
300.545
300.543
300.542
300.541
300.541
300.541
300.536
300.53
300.535
300.541
300.547
300.554
300.561
300.569
300.578
300.587
300.596
300.592
300.584
300.575
300.566
300.558
300.551
300.545
300.539
300.534
300.528
300.463
300.463
300.464
300.464
300.464
300.465
300.466
300.468
300.468
300.473
300.474
300.468
300.467
300.466
300.465
300.464
300.464
300.463
300.463
300.463
300.512
300.513
300.514
300.514
300.514
300.513
300.511
300.511
300.511
300.521
300.525
300.517
300.516
300.516
300.516
300.516
300.516
300.516
300.516
300.516
300.532
300.531
300.531
300.531
300.531
300.532
300.531
300.531
300.53
300.537
300.539
300.532
300.532
300.532
300.532
300.532
300.531
300.531
300.531
300.532
300.542
300.538
300.537
300.537
300.538
300.538
300.538
300.538
300.539
300.546
300.547
300.538
300.538
300.538
300.538
300.537
300.537
300.537
300.537
300.537
300.55
300.545
300.541
300.54
300.539
300.539
300.54
300.54
300.541
300.551
300.552
300.54
300.539
300.539
300.539
300.539
300.539
300.54
300.543
300.549
300.55
300.546
300.542
300.54
300.539
300.539
300.538
300.538
300.54
300.553
300.553
300.54
300.538
300.538
300.538
300.539
300.539
300.541
300.545
300.55
300.547
300.545
300.541
300.539
300.538
300.538
300.537
300.537
300.539
300.553
300.553
300.538
300.537
300.537
300.538
300.538
300.539
300.541
300.544
300.547
300.543
300.543
300.538
300.537
300.536
300.536
300.536
300.536
300.539
300.559
300.56
300.539
300.536
300.536
300.536
300.536
300.537
300.538
300.542
300.542
300.538
300.542
300.542
300.541
300.542
300.544
300.547
300.552
300.563
300.589
300.587
300.561
300.551
300.546
300.544
300.542
300.541
300.541
300.541
300.537
300.53
300.536
300.542
300.549
300.556
300.565
300.575
300.587
300.602
300.622
300.617
300.598
300.584
300.572
300.562
300.554
300.547
300.54
300.534
300.529
300.463
300.464
300.465
300.465
300.465
300.466
300.466
300.468
300.473
300.955
300.958
300.475
300.47
300.468
300.467
300.467
300.466
300.466
300.465
300.464
300.513
300.514
300.514
300.514
300.514
300.513
300.513
300.514
300.521
300.839
300.838
300.526
300.517
300.516
300.516
300.516
300.516
300.516
300.516
300.516
300.532
300.531
300.531
300.531
300.532
300.532
300.531
300.531
300.537
300.784
300.781
300.54
300.532
300.532
300.532
300.532
300.532
300.532
300.531
300.532
300.54
300.537
300.537
300.538
300.538
300.538
300.539
300.538
300.546
300.751
300.746
300.547
300.539
300.538
300.538
300.538
300.538
300.537
300.537
300.537
300.55
300.544
300.54
300.539
300.539
300.54
300.54
300.541
300.551
300.727
300.721
300.551
300.54
300.54
300.54
300.539
300.539
300.539
300.542
300.549
300.55
300.545
300.541
300.539
300.538
300.539
300.539
300.539
300.553
300.709
300.702
300.552
300.539
300.538
300.538
300.538
300.539
300.54
300.545
300.55
300.546
300.544
300.541
300.538
300.538
300.537
300.537
300.538
300.553
300.694
300.687
300.552
300.537
300.537
300.537
300.538
300.538
300.54
300.544
300.546
300.542
300.542
300.538
300.536
300.535
300.535
300.535
300.537
300.559
300.685
300.677
300.557
300.537
300.535
300.535
300.535
300.536
300.538
300.542
300.542
300.537
300.542
300.541
300.54
300.541
300.543
300.547
300.559
300.589
300.678
300.67
300.586
300.557
300.546
300.542
300.541
300.54
300.54
300.541
300.536
300.53
300.536
300.542
300.549
300.557
300.566
300.579
300.596
300.622
300.668
300.659
300.617
300.592
300.576
300.564
300.554
300.547
300.54
300.534
300.528
300.463
300.465
300.467
300.468
300.468
300.468
300.468
300.47
300.474
300.958
300.964
300.478
300.473
300.471
300.47
300.469
300.469
300.468
300.467
300.466
300.514
300.515
300.515
300.515
300.515
300.515
300.515
300.516
300.525
300.838
300.839
300.529
300.519
300.518
300.517
300.517
300.517
300.517
300.517
300.517
300.532
300.531
300.532
300.532
300.532
300.532
300.532
300.532
300.539
300.781
300.778
300.541
300.533
300.533
300.533
300.532
300.532
300.532
300.532
300.532
300.54
300.537
300.537
300.538
300.538
300.538
300.539
300.538
300.547
300.746
300.741
300.548
300.539
300.539
300.539
300.538
300.538
300.537
300.537
300.537
300.55
300.543
300.539
300.539
300.539
300.54
300.54
300.54
300.552
300.721
300.715
300.551
300.54
300.54
300.54
300.539
300.539
300.539
300.542
300.548
300.549
300.545
300.541
300.539
300.538
300.538
300.538
300.539
300.553
300.702
300.694
300.552
300.539
300.538
300.538
300.538
300.538
300.54
300.544
300.549
300.546
300.544
300.541
300.538
300.537
300.537
300.537
300.538
300.553
300.687
300.679
300.552
300.537
300.536
300.537
300.537
300.538
300.54
300.544
300.546
300.542
300.542
300.538
300.536
300.535
300.535
300.535
300.537
300.56
300.677
300.669
300.558
300.537
300.534
300.535
300.535
300.536
300.538
300.542
300.541
300.537
300.541
300.541
300.54
300.541
300.543
300.547
300.558
300.587
300.67
300.661
300.584
300.557
300.546
300.542
300.541
300.54
300.54
300.541
300.536
300.529
300.535
300.541
300.547
300.555
300.564
300.576
300.592
300.617
300.659
300.651
300.612
300.589
300.573
300.562
300.553
300.545
300.539
300.533
300.527
300.463
300.465
300.467
300.467
300.468
300.467
300.467
300.468
300.468
300.475
300.478
300.473
300.472
300.471
300.47
300.47
300.47
300.469
300.468
300.467
300.516
300.516
300.517
300.517
300.517
300.517
300.516
300.516
300.517
300.526
300.529
300.52
300.52
300.519
300.519
300.519
300.519
300.518
300.518
300.517
300.532
300.532
300.532
300.532
300.532
300.532
300.532
300.532
300.532
300.54
300.541
300.534
300.534
300.534
300.533
300.533
300.533
300.532
300.532
300.532
300.54
300.537
300.537
300.537
300.537
300.538
300.538
300.538
300.538
300.547
300.548
300.539
300.539
300.539
300.538
300.538
300.537
300.537
300.536
300.537
300.55
300.544
300.54
300.539
300.539
300.539
300.539
300.539
300.54
300.551
300.551
300.54
300.539
300.539
300.539
300.539
300.539
300.54
300.543
300.549
300.55
300.545
300.541
300.539
300.538
300.538
300.538
300.538
300.54
300.552
300.552
300.539
300.537
300.538
300.538
300.538
300.539
300.541
300.545
300.55
300.547
300.544
300.541
300.539
300.538
300.537
300.537
300.537
300.538
300.552
300.552
300.538
300.536
300.536
300.537
300.538
300.539
300.541
300.544
300.546
300.542
300.543
300.538
300.537
300.536
300.536
300.536
300.536
300.539
300.557
300.558
300.538
300.535
300.535
300.535
300.536
300.536
300.538
300.542
300.542
300.537
300.542
300.542
300.541
300.542
300.544
300.547
300.551
300.561
300.586
300.584
300.56
300.55
300.546
300.544
300.542
300.541
300.541
300.541
300.536
300.529
300.535
300.541
300.547
300.554
300.562
300.572
300.584
300.598
300.617
300.612
300.594
300.58
300.569
300.56
300.552
300.545
300.539
300.533
300.528
300.464
300.465
300.467
300.467
300.467
300.467
300.466
300.466
300.467
300.47
300.473
300.472
300.471
300.471
300.471
300.471
300.471
300.47
300.469
300.467
300.517
300.517
300.517
300.518
300.518
300.518
300.517
300.516
300.516
300.517
300.519
300.52
300.52
300.52
300.52
300.52
300.519
300.519
300.518
300.518
300.531
300.531
300.531
300.531
300.531
300.532
300.532
300.532
300.532
300.532
300.533
300.534
300.534
300.534
300.533
300.532
300.531
300.531
300.531
300.531
300.542
300.539
300.538
300.538
300.537
300.537
300.537
300.538
300.538
300.539
300.539
300.539
300.538
300.538
300.537
300.537
300.537
300.537
300.538
300.539
300.55
300.545
300.542
300.54
300.539
300.539
300.539
300.539
300.539
300.54
300.54
300.539
300.539
300.539
300.539
300.539
300.54
300.541
300.544
300.55
300.55
300.546
300.543
300.541
300.539
300.539
300.538
300.538
300.538
300.539
300.539
300.537
300.537
300.538
300.538
300.539
300.54
300.542
300.546
300.55
300.546
300.545
300.542
300.54
300.539
300.538
300.538
300.537
300.537
300.537
300.537
300.536
300.536
300.537
300.538
300.538
300.54
300.542
300.545
300.546
300.542
300.543
300.539
300.537
300.537
300.537
300.536
300.536
300.536
300.537
300.537
300.535
300.535
300.536
300.536
300.536
300.537
300.539
300.542
300.541
300.537
300.541
300.541
300.541
300.542
300.544
300.546
300.548
300.551
300.557
300.557
300.55
300.547
300.545
300.544
300.542
300.541
300.541
300.541
300.536
300.529
300.534
300.539
300.545
300.551
300.559
300.566
300.575
300.584
300.592
300.589
300.58
300.572
300.564
300.556
300.549
300.543
300.538
300.532
300.527
300.467
300.468
300.469
300.47
300.47
300.469
300.467
300.466
300.466
300.468
300.471
300.471
300.471
300.472
300.473
300.473
300.472
300.471
300.47
300.468
300.515
300.515
300.515
300.516
300.517
300.517
300.517
300.516
300.516
300.516
300.518
300.519
300.52
300.52
300.52
300.519
300.518
300.516
300.516
300.517
300.533
300.533
300.532
300.531
300.53
300.531
300.531
300.532
300.532
300.532
300.533
300.534
300.534
300.533
300.532
300.531
300.53
300.53
300.531
300.531
300.545
300.542
300.54
300.539
300.538
300.537
300.537
300.537
300.538
300.538
300.539
300.539
300.538
300.537
300.537
300.537
300.538
300.539
300.54
300.542
300.551
300.547
300.544
300.542
300.541
300.54
300.539
300.539
300.539
300.54
300.54
300.539
300.539
300.539
300.54
300.54
300.542
300.543
300.546
300.55
300.549
300.547
300.544
300.542
300.541
300.54
300.539
300.539
300.538
300.538
300.538
300.538
300.538
300.539
300.539
300.54
300.542
300.544
300.547
300.549
300.546
300.545
300.543
300.541
300.54
300.539
300.538
300.538
300.537
300.537
300.536
300.536
300.537
300.538
300.538
300.539
300.541
300.542
300.545
300.546
300.541
300.543
300.54
300.538
300.538
300.537
300.537
300.536
300.536
300.535
300.534
300.535
300.536
300.536
300.537
300.537
300.538
300.539
300.542
300.541
300.536
300.54
300.541
300.54
300.541
300.542
300.544
300.545
300.546
300.546
300.546
300.546
300.545
300.544
300.542
300.541
300.54
300.541
300.54
300.535
300.527
300.532
300.537
300.542
300.548
300.554
300.56
300.566
300.572
300.576
300.573
300.569
300.564
300.558
300.552
300.546
300.541
300.536
300.531
300.526
300.467
300.469
300.471
300.472
300.472
300.471
300.468
300.466
300.465
300.467
300.47
300.47
300.471
300.473
300.474
300.474
300.473
300.471
300.47
300.469
300.516
300.516
300.514
300.512
300.513
300.516
300.517
300.516
300.516
300.516
300.517
300.519
300.52
300.52
300.518
300.516
300.514
300.512
300.512
300.513
300.537
300.536
300.535
300.533
300.531
300.53
300.53
300.531
300.532
300.532
300.533
300.533
300.533
300.532
300.53
300.53
300.532
300.533
300.535
300.536
300.548
300.546
300.544
300.542
300.539
300.538
300.537
300.537
300.538
300.538
300.539
300.538
300.537
300.537
300.538
300.539
300.541
300.542
300.544
300.546
300.551
300.549
300.547
300.545
300.543
300.541
300.54
300.539
300.539
300.54
300.54
300.539
300.539
300.54
300.541
300.542
300.544
300.546
300.548
300.551
300.549
300.548
300.546
300.544
300.543
300.541
300.54
300.539
300.538
300.538
300.538
300.538
300.538
300.539
300.541
300.542
300.544
300.545
300.547
300.549
300.545
300.545
300.544
300.542
300.541
300.54
300.539
300.538
300.538
300.537
300.537
300.537
300.538
300.538
300.54
300.541
300.542
300.543
300.545
300.545
300.54
300.542
300.54
300.539
300.538
300.538
300.537
300.537
300.536
300.535
300.535
300.535
300.536
300.537
300.537
300.538
300.539
300.54
300.542
300.54
300.534
300.539
300.54
300.54
300.54
300.541
300.542
300.543
300.544
300.542
300.542
300.544
300.544
300.542
300.541
300.54
300.539
300.54
300.538
300.534
300.525
300.53
300.534
300.539
300.543
300.548
300.554
300.558
300.562
300.564
300.562
300.56
300.556
300.552
300.547
300.542
300.537
300.533
300.529
300.524
300.457
300.458
300.462
300.468
300.472
300.472
300.469
300.465
300.464
300.467
300.469
300.47
300.471
300.473
300.474
300.473
300.471
300.467
300.462
300.46
300.527
300.525
300.52
300.516
300.512
300.513
300.516
300.516
300.516
300.516
300.517
300.519
300.52
300.519
300.516
300.513
300.511
300.514
300.518
300.52
300.545
300.543
300.54
300.535
300.532
300.531
300.53
300.531
300.532
300.532
300.532
300.533
300.532
300.531
300.53
300.532
300.535
300.537
300.54
300.542
300.552
300.55
300.548
300.545
300.542
300.539
300.537
300.537
300.537
300.538
300.538
300.538
300.537
300.537
300.539
300.541
300.544
300.547
300.549
300.551
300.551
300.55
300.549
300.548
300.545
300.543
300.541
300.539
300.539
300.539
300.539
300.539
300.539
300.54
300.542
300.545
300.547
300.549
300.55
300.551
300.548
300.548
300.547
300.546
300.545
300.543
300.541
300.54
300.539
300.538
300.538
300.538
300.539
300.54
300.542
300.544
300.546
300.547
300.548
300.548
300.544
300.544
300.544
300.543
300.542
300.541
300.54
300.539
300.538
300.538
300.537
300.538
300.538
300.539
300.541
300.542
300.543
300.544
300.544
300.544
300.538
300.541
300.54
300.54
300.539
300.538
300.538
300.537
300.536
300.535
300.535
300.536
300.536
300.537
300.538
300.539
300.539
300.54
300.541
300.538
300.532
300.537
300.539
300.539
300.539
300.54
300.541
300.542
300.542
300.541
300.541
300.542
300.542
300.541
300.54
300.539
300.539
300.539
300.537
300.532
300.523
300.527
300.531
300.535
300.539
300.543
300.547
300.551
300.554
300.554
300.553
300.552
300.549
300.546
300.542
300.538
300.534
300.53
300.526
300.522
300.452
300.451
300.452
300.458
300.467
300.472
300.469
300.465
300.464
300.466
300.469
300.47
300.471
300.472
300.473
300.471
300.464
300.456
300.45
300.449
300.539
300.535
300.528
300.521
300.515
300.512
300.514
300.516
300.516
300.516
300.517
300.519
300.519
300.518
300.514
300.511
300.516
300.523
300.529
300.531
300.554
300.551
300.547
300.541
300.535
300.532
300.53
300.53
300.531
300.532
300.532
300.533
300.531
300.53
300.532
300.535
300.539
300.544
300.548
300.551
300.553
300.553
300.552
300.549
300.545
300.541
300.538
300.537
300.537
300.538
300.538
300.537
300.537
300.538
300.541
300.544
300.548
300.551
300.552
300.553
300.55
300.55
300.55
300.55
300.547
300.544
300.542
300.54
300.539
300.539
300.539
300.539
300.54
300.542
300.544
300.547
300.549
300.55
300.55
300.551
300.546
300.547
300.547
300.547
300.546
300.544
300.542
300.54
300.539
300.539
300.538
300.539
300.54
300.542
300.544
300.546
300.547
300.547
300.547
300.547
300.542
300.544
300.544
300.544
300.543
300.542
300.541
300.54
300.539
300.538
300.538
300.539
300.54
300.541
300.542
300.543
300.544
300.544
300.544
300.542
300.536
300.54
300.54
300.54
300.54
300.539
300.538
300.538
300.537
300.536
300.536
300.536
300.537
300.538
300.539
300.539
300.539
300.54
300.54
300.536
300.53
300.535
300.538
300.539
300.539
300.54
300.54
300.541
300.541
300.54
300.54
300.541
300.541
300.54
300.539
300.539
300.539
300.537
300.534
300.53
300.52
300.524
300.528
300.531
300.535
300.538
300.542
300.545
300.547
300.547
300.545
300.545
300.543
300.541
300.537
300.534
300.53
300.527
300.523
300.52
300.478
300.462
300.451
300.452
300.46
300.469
300.469
300.464
300.463
300.466
300.468
300.469
300.47
300.471
300.471
300.467
300.456
300.449
300.447
300.453
300.551
300.546
300.536
300.527
300.519
300.513
300.513
300.516
300.516
300.516
300.517
300.518
300.519
300.516
300.512
300.514
300.523
300.532
300.541
300.545
300.554
300.554
300.553
300.546
300.538
300.533
300.531
300.53
300.531
300.532
300.532
300.532
300.531
300.53
300.533
300.537
300.544
300.551
300.553
300.554
300.552
300.552
300.553
300.551
300.547
300.542
300.539
300.537
300.537
300.537
300.537
300.537
300.537
300.539
300.542
300.547
300.551
300.552
300.552
300.552
300.548
300.549
300.55
300.55
300.549
300.546
300.543
300.541
300.54
300.539
300.539
300.54
300.541
300.543
300.546
300.549
300.55
300.55
300.549
300.549
300.544
300.545
300.547
300.547
300.547
300.546
300.544
300.542
300.541
300.54
300.54
300.541
300.542
300.544
300.545
300.547
300.547
300.546
300.545
300.544
300.539
300.541
300.543
300.544
300.544
300.544
300.543
300.542
300.541
300.54
300.54
300.541
300.542
300.542
300.543
300.544
300.544
300.543
300.541
300.539
300.533
300.537
300.54
300.54
300.54
300.54
300.54
300.539
300.538
300.538
300.538
300.538
300.539
300.539
300.54
300.54
300.54
300.539
300.537
300.534
300.527
300.532
300.535
300.538
300.539
300.54
300.541
300.541
300.541
300.54
300.54
300.541
300.541
300.541
300.54
300.539
300.537
300.535
300.531
300.527
300.517
300.521
300.524
300.528
300.531
300.534
300.537
300.539
300.54
300.54
300.539
300.539
300.538
300.536
300.533
300.53
300.527
300.523
300.52
300.517
300.52
300.491
300.462
300.45
300.457
300.467
300.467
300.463
300.463
300.465
300.467
300.468
300.469
300.47
300.47
300.462
300.45
300.447
300.461
300.488
300.554
300.552
300.542
300.53
300.521
300.515
300.513
300.516
300.516
300.516
300.517
300.518
300.518
300.516
300.512
300.518
300.529
300.541
300.551
300.553
300.552
300.554
300.554
300.549
300.541
300.534
300.531
300.53
300.531
300.531
300.532
300.532
300.531
300.531
300.535
300.54
300.548
300.553
300.553
300.553
300.549
300.551
300.553
300.553
300.549
300.544
300.54
300.538
300.537
300.537
300.537
300.536
300.538
300.54
300.544
300.549
300.552
300.552
300.551
300.549
300.545
300.547
300.549
300.551
300.55
300.548
300.546
300.544
300.543
300.542
300.542
300.543
300.544
300.546
300.548
300.55
300.55
300.549
300.547
300.545
300.54
300.543
300.546
300.548
300.548
300.548
300.547
300.546
300.545
300.545
300.544
300.545
300.546
300.547
300.547
300.548
300.547
300.545
300.543
300.541
300.535
300.538
300.542
300.544
300.545
300.545
300.545
300.545
300.544
300.544
300.544
300.544
300.545
300.545
300.545
300.544
300.544
300.541
300.538
300.536
300.53
300.534
300.538
300.54
300.542
300.542
300.543
300.543
300.542
300.542
300.542
300.542
300.542
300.542
300.542
300.541
300.54
300.537
300.533
300.53
300.523
300.528
300.532
300.535
300.537
300.539
300.54
300.541
300.541
300.541
300.541
300.541
300.541
300.54
300.538
300.537
300.534
300.531
300.527
300.523
300.514
300.517
300.521
300.524
300.527
300.529
300.532
300.534
300.534
300.534
300.533
300.533
300.532
300.531
300.529
300.526
300.523
300.52
300.517
300.514
300.537
300.515
300.475
300.45
300.457
300.465
300.465
300.462
300.463
300.464
300.466
300.467
300.467
300.468
300.469
300.46
300.449
300.453
300.488
300.519
300.553
300.554
300.545
300.531
300.522
300.514
300.515
300.516
300.516
300.516
300.517
300.517
300.518
300.517
300.513
300.52
300.531
300.545
300.553
300.553
300.55
300.553
300.555
300.552
300.542
300.534
300.531
300.53
300.532
300.532
300.532
300.532
300.531
300.531
300.536
300.542
300.551
300.554
300.553
300.55
300.546
300.55
300.553
300.553
300.551
300.545
300.541
300.539
300.537
300.537
300.537
300.537
300.539
300.542
300.546
300.551
300.553
300.552
300.549
300.546
300.541
300.546
300.549
300.551
300.552
300.551
300.551
300.55
300.549
300.549
300.548
300.549
300.55
300.55
300.551
300.551
300.551
300.549
300.545
300.541
300.536
300.541
300.545
300.547
300.548
300.549
300.55
300.55
300.55
300.55
300.549
300.55
300.55
300.549
300.549
300.548
300.547
300.544
300.541
300.537
300.531
300.536
300.54
300.542
300.544
300.545
300.546
300.546
300.547
300.546
300.546
300.546
300.546
300.546
300.545
300.544
300.542
300.539
300.536
300.531
300.526
300.53
300.534
300.537
300.539
300.54
300.541
300.542
300.542
300.542
300.541
300.542
300.541
300.541
300.54
300.538
300.536
300.534
300.53
300.526
300.519
300.524
300.527
300.53
300.532
300.534
300.536
300.536
300.537
300.536
300.536
300.536
300.536
300.535
300.534
300.532
300.53
300.527
300.523
300.52
300.511
300.514
300.517
300.52
300.523
300.525
300.527
300.528
300.529
300.528
300.527
300.528
300.527
300.526
300.524
300.522
300.52
300.517
300.514
300.511
)
;

boundaryField
{
    floor
    {
        type            fixedValue;
        value           nonuniform List<scalar> 
400
(
300
300
300
300
300
300
300
300
300
300
300
300
300
300
300
300
300
300
300
300
300
300
300
300
300
300
300
300
300
300
300
300
300
300
300
300
300
300
300
300
300
300
300
300
300
300
300
300
300
300
300
300
300
300
300
300
300
300
300
300
300
300
300
300
300
300
300
300
300
300
300
300
300
300
300
300
300
300
300
300
300
300
300
300
300
300
300
300
300
300
300
300
300
300
300
300
300
300
300
300
300
300
300
300
300
300
300
300
300
300
300
300
300
300
300
300
300
300
300
300
300
300
300
300
300
300
300
300
300
300
300
300
300
300
300
300
300
300
300
300
300
300
300
300
300
300
300
300
300
300
300
300
300
300
300
300
300
300
300
300
300
300
300
300
300
300
300
300
300
300
300
300
300
300
300
300
300
300
300
300
300
300
300
300
300
300
300
300
300
600
600
300
300
300
300
300
300
300
300
300
300
300
300
300
300
300
300
300
300
600
600
300
300
300
300
300
300
300
300
300
300
300
300
300
300
300
300
300
300
300
300
300
300
300
300
300
300
300
300
300
300
300
300
300
300
300
300
300
300
300
300
300
300
300
300
300
300
300
300
300
300
300
300
300
300
300
300
300
300
300
300
300
300
300
300
300
300
300
300
300
300
300
300
300
300
300
300
300
300
300
300
300
300
300
300
300
300
300
300
300
300
300
300
300
300
300
300
300
300
300
300
300
300
300
300
300
300
300
300
300
300
300
300
300
300
300
300
300
300
300
300
300
300
300
300
300
300
300
300
300
300
300
300
300
300
300
300
300
300
300
300
300
300
300
300
300
300
300
300
300
300
300
300
300
300
300
300
300
300
300
300
300
300
300
300
300
300
300
300
300
300
300
300
300
300
300
300
300
300
300
300
300
300
300
300
300
300
300
300
300
)
;
    }
    ceiling
    {
        type            fixedValue;
        value           uniform 300;
    }
    fixedWalls
    {
        type            zeroGradient;
    }
}


// ************************************************************************* //
