/*--------------------------------*- C++ -*----------------------------------*\
  =========                 |
  \\      /  F ield         | OpenFOAM: The Open Source CFD Toolbox
   \\    /   O peration     | Website:  https://openfoam.org
    \\  /    A nd           | Version:  9
     \\/     M anipulation  |
\*---------------------------------------------------------------------------*/
FoamFile
{
    format      ascii;
    class       volScalarField;
    location    "1050";
    object      T;
}
// * * * * * * * * * * * * * * * * * * * * * * * * * * * * * * * * * * * * * //

dimensions      [0 0 0 1 0 0 0];

internalField   nonuniform List<scalar> 
4000
(
300.469
300.458
300.455
300.458
300.463
300.467
300.47
300.472
300.474
300.474
300.472
300.469
300.467
300.467
300.469
300.462
300.455
300.448
300.448
300.459
300.501
300.497
300.494
300.498
300.507
300.512
300.516
300.519
300.519
300.519
300.518
300.517
300.517
300.514
300.51
300.503
300.505
300.514
300.527
300.532
300.551
300.551
300.548
300.539
300.531
300.527
300.527
300.531
300.532
300.533
300.532
300.532
300.531
300.528
300.529
300.534
300.546
300.555
300.555
300.552
300.547
300.55
300.553
300.553
300.549
300.544
300.54
300.538
300.537
300.538
300.538
300.538
300.538
300.54
300.544
300.551
300.555
300.554
300.551
300.548
300.542
300.546
300.549
300.551
300.552
300.551
300.551
300.55
300.55
300.548
300.548
300.548
300.549
300.551
300.553
300.553
300.552
300.55
300.547
300.543
300.536
300.54
300.544
300.546
300.548
300.549
300.549
300.55
300.55
300.55
300.55
300.551
300.551
300.55
300.55
300.549
300.547
300.545
300.541
300.537
300.53
300.534
300.538
300.54
300.542
300.543
300.544
300.545
300.545
300.545
300.546
300.546
300.546
300.545
300.544
300.543
300.541
300.539
300.535
300.531
300.524
300.527
300.531
300.534
300.536
300.537
300.539
300.54
300.54
300.54
300.54
300.541
300.541
300.54
300.539
300.537
300.535
300.532
300.529
300.525
300.517
300.52
300.524
300.526
300.529
300.531
300.533
300.534
300.534
300.534
300.535
300.535
300.535
300.534
300.532
300.53
300.528
300.525
300.522
300.518
300.508
300.51
300.513
300.516
300.519
300.522
300.524
300.525
300.526
300.526
300.526
300.527
300.526
300.525
300.523
300.52
300.518
300.515
300.512
300.509
300.458
300.454
300.455
300.46
300.465
300.469
300.472
300.473
300.473
300.472
300.47
300.468
300.467
300.468
300.469
300.462
300.455
300.449
300.447
300.448
300.497
300.497
300.497
300.5
300.505
300.51
300.516
300.519
300.519
300.518
300.516
300.516
300.517
300.514
300.509
300.505
300.505
300.511
300.523
300.529
300.551
300.549
300.545
300.536
300.53
300.527
300.527
300.53
300.533
300.534
300.533
300.532
300.53
300.528
300.529
300.533
300.543
300.553
300.555
300.555
300.55
300.552
300.553
300.552
300.547
300.542
300.539
300.537
300.537
300.539
300.539
300.538
300.538
300.539
300.543
300.548
300.554
300.555
300.553
300.551
300.546
300.548
300.55
300.552
300.552
300.549
300.547
300.546
300.545
300.545
300.545
300.544
300.545
300.547
300.55
300.553
300.553
300.551
300.549
300.547
300.54
300.542
300.546
300.548
300.549
300.549
300.549
300.548
300.548
300.548
300.548
300.548
300.548
300.549
300.55
300.55
300.549
300.547
300.544
300.541
300.534
300.537
300.541
300.543
300.545
300.546
300.546
300.546
300.547
300.547
300.547
300.547
300.547
300.547
300.547
300.546
300.545
300.542
300.538
300.535
300.527
300.531
300.535
300.538
300.54
300.542
300.542
300.543
300.543
300.543
300.543
300.544
300.544
300.543
300.543
300.542
300.54
300.537
300.533
300.529
300.52
300.524
300.528
300.532
300.535
300.537
300.539
300.54
300.541
300.541
300.541
300.541
300.541
300.54
300.538
300.536
300.533
300.53
300.526
300.522
300.51
300.513
300.517
300.52
300.524
300.527
300.53
300.532
300.533
300.533
300.534
300.534
300.533
300.531
300.528
300.525
300.522
300.518
300.515
300.512
300.455
300.455
300.458
300.462
300.466
300.47
300.473
300.474
300.473
300.471
300.469
300.468
300.467
300.468
300.47
300.464
300.457
300.451
300.448
300.447
300.494
300.497
300.499
300.501
300.505
300.511
300.516
300.519
300.52
300.518
300.516
300.516
300.517
300.515
300.509
300.505
300.505
300.507
300.512
300.518
300.548
300.545
300.539
300.533
300.528
300.526
300.527
300.53
300.533
300.534
300.534
300.533
300.53
300.528
300.528
300.531
300.538
300.547
300.553
300.555
300.553
300.553
300.553
300.55
300.545
300.541
300.538
300.537
300.538
300.54
300.54
300.538
300.538
300.538
300.541
300.546
300.552
300.555
300.554
300.554
300.549
300.55
300.551
300.552
300.55
300.547
300.545
300.544
300.543
300.543
300.543
300.543
300.543
300.545
300.548
300.551
300.553
300.552
300.551
300.55
300.544
300.546
300.547
300.549
300.549
300.548
300.546
300.545
300.545
300.545
300.545
300.545
300.545
300.547
300.549
300.55
300.55
300.549
300.547
300.545
300.538
300.541
300.543
300.545
300.546
300.546
300.545
300.545
300.545
300.545
300.545
300.545
300.545
300.546
300.547
300.547
300.546
300.544
300.542
300.539
300.531
300.535
300.538
300.54
300.541
300.542
300.542
300.541
300.541
300.541
300.541
300.542
300.542
300.543
300.543
300.542
300.542
300.54
300.537
300.533
300.524
300.528
300.533
300.536
300.538
300.54
300.541
300.542
300.543
300.542
300.542
300.543
300.543
300.542
300.541
300.539
300.537
300.534
300.53
300.525
300.513
300.517
300.521
300.525
300.528
300.532
300.535
300.538
300.54
300.54
300.541
300.541
300.539
300.536
300.533
300.53
300.526
300.522
300.518
300.515
300.458
300.46
300.462
300.465
300.468
300.472
300.474
300.475
300.474
300.472
300.47
300.468
300.468
300.469
300.47
300.467
300.462
300.456
300.452
300.451
300.498
300.5
300.501
300.503
300.507
300.512
300.516
300.52
300.521
300.519
300.517
300.516
300.518
300.516
300.511
300.506
300.504
300.505
300.506
300.508
300.539
300.536
300.533
300.529
300.527
300.526
300.527
300.531
300.534
300.536
300.535
300.534
300.531
300.528
300.527
300.529
300.532
300.539
300.545
300.548
300.553
300.552
300.55
300.546
300.542
300.539
300.537
300.537
300.539
300.541
300.541
300.539
300.538
300.538
300.54
300.543
300.548
300.552
300.554
300.555
300.551
300.552
300.552
300.551
300.548
300.546
300.543
300.542
300.542
300.543
300.543
300.542
300.542
300.544
300.547
300.55
300.552
300.553
300.553
300.552
300.546
300.548
300.549
300.549
300.548
300.547
300.545
300.544
300.543
300.543
300.543
300.543
300.544
300.545
300.548
300.549
300.55
300.55
300.549
300.548
300.54
300.543
300.545
300.546
300.546
300.545
300.544
300.543
300.543
300.543
300.543
300.543
300.543
300.545
300.546
300.547
300.547
300.546
300.545
300.542
300.534
300.538
300.54
300.541
300.541
300.541
300.541
300.54
300.54
300.539
300.54
300.54
300.541
300.542
300.542
300.542
300.542
300.542
300.54
300.535
300.526
300.532
300.536
300.538
300.54
300.541
300.542
300.542
300.543
300.542
300.542
300.543
300.543
300.542
300.542
300.541
300.54
300.538
300.534
300.528
300.516
300.52
300.525
300.529
300.533
300.537
300.541
300.545
300.547
300.548
300.548
300.548
300.546
300.542
300.539
300.534
300.53
300.526
300.522
300.518
300.463
300.465
300.466
300.468
300.471
300.474
300.476
300.477
300.476
300.473
300.47
300.469
300.469
300.47
300.47
300.469
300.466
300.463
300.46
300.459
300.507
300.505
300.505
300.507
300.51
300.514
300.518
300.52
300.522
300.521
300.519
300.518
300.519
300.517
300.514
300.509
300.505
300.504
300.504
300.504
300.531
300.53
300.528
300.527
300.526
300.526
300.529
300.532
300.535
300.536
300.536
300.535
300.532
300.529
300.527
300.527
300.529
300.532
300.536
300.538
300.549
300.547
300.545
300.542
300.539
300.538
300.537
300.537
300.539
300.541
300.542
300.54
300.538
300.538
300.538
300.541
300.544
300.547
300.549
300.551
300.552
300.552
300.55
300.548
300.546
300.544
300.542
300.542
300.542
300.542
300.543
300.542
300.542
300.543
300.545
300.547
300.55
300.551
300.553
300.553
300.548
300.549
300.549
300.548
300.547
300.545
300.544
300.542
300.542
300.542
300.542
300.542
300.543
300.544
300.546
300.548
300.549
300.55
300.55
300.549
300.542
300.545
300.546
300.546
300.545
300.544
300.543
300.542
300.542
300.542
300.542
300.542
300.542
300.544
300.545
300.546
300.546
300.547
300.546
300.543
300.536
300.54
300.541
300.541
300.541
300.541
300.54
300.539
300.539
300.538
300.538
300.539
300.54
300.541
300.542
300.542
300.542
300.543
300.542
300.537
300.529
300.535
300.538
300.54
300.54
300.541
300.542
300.544
300.544
300.543
300.543
300.544
300.544
300.543
300.542
300.541
300.541
300.54
300.537
300.531
300.519
300.524
300.528
300.533
300.538
300.543
300.548
300.552
300.556
300.557
300.557
300.556
300.553
300.549
300.544
300.539
300.535
300.53
300.525
300.521
300.467
300.469
300.47
300.472
300.474
300.476
300.479
300.48
300.479
300.475
300.471
300.47
300.471
300.472
300.471
300.47
300.469
300.467
300.466
300.464
300.512
300.51
300.511
300.512
300.514
300.517
300.519
300.522
300.523
300.523
300.521
300.52
300.52
300.518
300.516
300.513
300.51
300.507
300.506
300.508
300.527
300.527
300.526
300.526
300.526
300.528
300.531
300.533
300.536
300.537
300.537
300.536
300.534
300.531
300.528
300.527
300.527
300.529
300.531
300.532
300.544
300.542
300.541
300.539
300.538
300.537
300.537
300.538
300.54
300.542
300.542
300.54
300.539
300.538
300.538
300.539
300.54
300.542
300.544
300.546
300.551
300.549
300.547
300.546
300.544
300.542
300.541
300.541
300.541
300.542
300.543
300.542
300.542
300.542
300.544
300.545
300.547
300.549
300.55
300.552
300.549
300.549
300.548
300.547
300.545
300.544
300.543
300.542
300.541
300.541
300.542
300.542
300.542
300.543
300.545
300.546
300.548
300.549
300.55
300.55
300.543
300.546
300.546
300.545
300.544
300.543
300.542
300.541
300.541
300.54
300.541
300.541
300.542
300.543
300.544
300.545
300.546
300.546
300.547
300.545
300.537
300.542
300.542
300.541
300.541
300.54
300.539
300.539
300.538
300.537
300.538
300.539
300.54
300.54
300.541
300.542
300.542
300.543
300.543
300.539
300.531
300.537
300.54
300.541
300.541
300.542
300.544
300.546
300.546
300.545
300.545
300.546
300.546
300.545
300.544
300.542
300.542
300.542
300.539
300.533
300.522
300.527
300.532
300.537
300.543
300.549
300.555
300.561
300.565
300.568
300.568
300.566
300.562
300.556
300.55
300.544
300.539
300.534
300.528
300.523
300.47
300.472
300.473
300.474
300.476
300.479
300.481
300.482
300.481
300.479
300.474
300.473
300.474
300.474
300.473
300.471
300.47
300.469
300.467
300.464
300.516
300.516
300.516
300.516
300.518
300.519
300.521
300.523
300.524
300.524
300.523
300.522
300.521
300.52
300.518
300.516
300.515
300.513
300.513
300.514
300.527
300.527
300.527
300.527
300.529
300.531
300.532
300.534
300.536
300.538
300.537
300.536
300.535
300.533
300.531
300.529
300.528
300.527
300.528
300.528
300.54
300.539
300.538
300.537
300.537
300.537
300.537
300.539
300.54
300.542
300.542
300.541
300.539
300.538
300.538
300.538
300.539
300.54
300.541
300.543
300.551
300.547
300.545
300.543
300.542
300.541
300.541
300.541
300.541
300.542
300.543
300.542
300.542
300.542
300.543
300.544
300.545
300.546
300.548
300.552
300.549
300.549
300.546
300.545
300.544
300.543
300.542
300.541
300.541
300.541
300.541
300.541
300.542
300.543
300.544
300.545
300.546
300.547
300.549
300.55
300.544
300.546
300.545
300.544
300.543
300.542
300.541
300.54
300.54
300.539
300.54
300.54
300.541
300.542
300.543
300.543
300.544
300.546
300.547
300.546
300.539
300.542
300.542
300.541
300.54
300.539
300.539
300.538
300.538
300.537
300.537
300.538
300.539
300.54
300.54
300.541
300.541
300.542
300.544
300.54
300.533
300.539
300.541
300.542
300.542
300.544
300.546
300.548
300.549
300.55
300.551
300.55
300.549
300.547
300.545
300.544
300.543
300.543
300.54
300.534
300.524
300.53
300.535
300.541
300.548
300.555
300.563
300.57
300.577
300.582
300.582
300.577
300.571
300.564
300.556
300.549
300.543
300.537
300.531
300.525
300.472
300.473
300.474
300.475
300.477
300.48
300.482
300.484
300.484
300.482
300.477
300.476
300.476
300.475
300.474
300.472
300.471
300.469
300.468
300.465
300.519
300.519
300.519
300.52
300.52
300.522
300.523
300.524
300.525
300.525
300.524
300.523
300.522
300.521
300.52
300.518
300.517
300.516
300.516
300.516
300.531
300.53
300.53
300.531
300.532
300.533
300.534
300.536
300.537
300.538
300.538
300.537
300.536
300.534
300.533
300.531
300.53
300.529
300.529
300.529
300.538
300.537
300.537
300.537
300.537
300.538
300.539
300.54
300.541
300.543
300.543
300.541
300.54
300.539
300.538
300.538
300.538
300.538
300.539
300.54
300.55
300.546
300.544
300.542
300.542
300.541
300.541
300.541
300.542
300.544
300.544
300.542
300.542
300.542
300.542
300.543
300.543
300.545
300.547
300.551
300.55
300.548
300.545
300.544
300.542
300.542
300.541
300.54
300.54
300.542
300.543
300.541
300.541
300.542
300.543
300.543
300.544
300.546
300.549
300.551
300.545
300.546
300.545
300.543
300.542
300.541
300.54
300.539
300.539
300.54
300.541
300.54
300.54
300.541
300.542
300.543
300.544
300.545
300.547
300.546
300.54
300.543
300.541
300.54
300.539
300.539
300.538
300.538
300.538
300.54
300.54
300.538
300.539
300.539
300.54
300.54
300.541
300.542
300.544
300.541
300.534
300.54
300.542
300.542
300.544
300.546
300.548
300.551
300.555
300.563
300.564
300.556
300.552
300.549
300.546
300.545
300.543
300.544
300.541
300.535
300.525
300.532
300.538
300.545
300.552
300.561
300.57
300.58
300.59
300.6
300.6
300.591
300.581
300.571
300.562
300.554
300.546
300.54
300.533
300.527
300.474
300.473
300.473
300.474
300.476
300.479
300.481
300.484
300.485
300.49
300.484
300.479
300.478
300.476
300.474
300.472
300.47
300.469
300.467
300.466
300.519
300.519
300.52
300.521
300.522
300.523
300.524
300.525
300.526
300.537
300.535
300.524
300.523
300.522
300.52
300.519
300.518
300.517
300.517
300.517
300.532
300.533
300.533
300.534
300.535
300.536
300.536
300.537
300.538
300.551
300.549
300.537
300.536
300.535
300.535
300.534
300.532
300.531
300.531
300.531
300.537
300.537
300.538
300.539
300.539
300.54
300.54
300.541
300.543
300.558
300.557
300.543
300.541
300.541
300.54
300.539
300.538
300.538
300.537
300.538
300.55
300.545
300.543
300.542
300.542
300.541
300.541
300.542
300.544
300.561
300.561
300.545
300.542
300.542
300.542
300.542
300.543
300.544
300.546
300.551
300.55
300.548
300.545
300.543
300.542
300.541
300.541
300.54
300.543
300.562
300.562
300.544
300.541
300.542
300.542
300.543
300.543
300.545
300.548
300.551
300.545
300.547
300.545
300.543
300.542
300.541
300.54
300.539
300.542
300.561
300.562
300.542
300.54
300.54
300.541
300.542
300.543
300.545
300.547
300.547
300.54
300.543
300.541
300.54
300.539
300.538
300.538
300.538
300.542
300.567
300.566
300.543
300.539
300.539
300.539
300.539
300.54
300.542
300.544
300.542
300.534
300.541
300.543
300.543
300.544
300.546
300.549
300.555
300.568
300.596
300.596
300.568
300.556
300.55
300.547
300.545
300.544
300.544
300.542
300.536
300.526
300.533
300.54
300.547
300.556
300.565
300.577
300.59
300.607
300.628
300.628
300.607
300.591
300.578
300.567
300.557
300.549
300.542
300.535
300.528
300.474
300.472
300.471
300.472
300.473
300.475
300.479
300.482
300.49
301.038
301.013
300.484
300.479
300.476
300.473
300.47
300.468
300.467
300.466
300.465
300.519
300.518
300.518
300.519
300.521
300.523
300.524
300.525
300.537
300.901
300.879
300.535
300.523
300.521
300.52
300.519
300.518
300.517
300.516
300.516
300.533
300.534
300.534
300.536
300.536
300.537
300.538
300.538
300.551
300.831
300.814
300.548
300.537
300.536
300.535
300.534
300.533
300.532
300.532
300.531
300.538
300.539
300.54
300.541
300.541
300.542
300.542
300.543
300.558
300.788
300.775
300.556
300.543
300.542
300.541
300.54
300.54
300.538
300.537
300.536
300.548
300.545
300.543
300.543
300.542
300.542
300.542
300.544
300.561
300.756
300.747
300.56
300.544
300.543
300.543
300.543
300.542
300.543
300.545
300.55
300.55
300.548
300.545
300.543
300.542
300.541
300.541
300.542
300.562
300.731
300.724
300.561
300.543
300.542
300.542
300.542
300.543
300.544
300.548
300.551
300.545
300.547
300.545
300.543
300.542
300.54
300.539
300.54
300.561
300.711
300.707
300.561
300.541
300.54
300.541
300.541
300.543
300.544
300.547
300.547
300.54
300.543
300.541
300.539
300.538
300.537
300.537
300.54
300.567
300.699
300.696
300.57
300.541
300.538
300.538
300.539
300.54
300.542
300.544
300.542
300.534
300.541
300.542
300.542
300.543
300.545
300.55
300.563
300.596
300.688
300.686
300.598
300.565
300.551
300.546
300.544
300.543
300.543
300.542
300.536
300.526
300.533
300.54
300.548
300.557
300.568
300.582
300.6
300.628
300.675
300.674
300.628
300.601
300.582
300.569
300.558
300.55
300.542
300.535
300.528
300.472
300.47
300.469
300.47
300.47
300.471
300.474
300.477
300.484
301.013
301.002
300.482
300.477
300.473
300.471
300.468
300.466
300.465
300.464
300.465
300.518
300.516
300.516
300.517
300.519
300.521
300.523
300.524
300.535
300.879
300.866
300.534
300.521
300.52
300.519
300.518
300.516
300.515
300.515
300.515
300.532
300.533
300.534
300.535
300.536
300.537
300.537
300.538
300.549
300.814
300.803
300.548
300.536
300.536
300.535
300.534
300.533
300.532
300.531
300.531
300.538
300.539
300.54
300.541
300.542
300.542
300.542
300.543
300.557
300.775
300.765
300.556
300.543
300.542
300.541
300.541
300.54
300.539
300.538
300.537
300.548
300.545
300.543
300.543
300.543
300.543
300.543
300.544
300.561
300.747
300.74
300.561
300.544
300.543
300.543
300.542
300.542
300.542
300.544
300.548
300.55
300.548
300.545
300.543
300.542
300.542
300.541
300.543
300.562
300.724
300.72
300.562
300.543
300.541
300.541
300.541
300.542
300.544
300.547
300.551
300.546
300.547
300.545
300.543
300.542
300.541
300.54
300.541
300.562
300.707
300.705
300.563
300.541
300.539
300.54
300.541
300.542
300.544
300.547
300.547
300.54
300.543
300.541
300.54
300.538
300.538
300.537
300.54
300.566
300.696
300.695
300.571
300.541
300.538
300.538
300.539
300.54
300.542
300.544
300.542
300.535
300.541
300.542
300.542
300.543
300.545
300.551
300.564
300.596
300.686
300.686
300.598
300.565
300.552
300.546
300.544
300.543
300.543
300.543
300.536
300.526
300.534
300.541
300.548
300.557
300.568
300.582
300.6
300.628
300.674
300.675
300.629
300.601
300.583
300.569
300.559
300.55
300.542
300.535
300.528
300.469
300.468
300.468
300.468
300.469
300.47
300.473
300.476
300.479
300.484
300.482
300.477
300.475
300.472
300.469
300.467
300.465
300.463
300.463
300.463
300.517
300.516
300.516
300.516
300.518
300.52
300.522
300.523
300.524
300.535
300.534
300.521
300.52
300.519
300.518
300.516
300.515
300.514
300.514
300.514
300.532
300.532
300.533
300.534
300.535
300.536
300.536
300.537
300.537
300.548
300.548
300.536
300.535
300.534
300.534
300.533
300.532
300.531
300.531
300.531
300.538
300.538
300.538
300.539
300.54
300.54
300.541
300.541
300.543
300.556
300.556
300.543
300.541
300.54
300.54
300.539
300.538
300.538
300.537
300.536
300.548
300.544
300.543
300.542
300.542
300.542
300.542
300.542
300.545
300.56
300.561
300.545
300.542
300.541
300.541
300.541
300.54
300.541
300.543
300.547
300.551
300.548
300.545
300.543
300.542
300.542
300.541
300.541
300.544
300.561
300.562
300.544
300.54
300.54
300.54
300.541
300.542
300.543
300.547
300.551
300.546
300.547
300.545
300.543
300.542
300.541
300.54
300.54
300.542
300.561
300.563
300.543
300.539
300.539
300.54
300.541
300.542
300.544
300.547
300.547
300.541
300.544
300.542
300.54
300.539
300.539
300.538
300.538
300.543
300.57
300.571
300.544
300.539
300.538
300.539
300.539
300.54
300.542
300.544
300.542
300.535
300.541
300.543
300.543
300.544
300.546
300.55
300.556
300.568
300.598
300.598
300.569
300.556
300.55
300.547
300.545
300.543
300.543
300.542
300.537
300.527
300.534
300.541
300.548
300.556
300.566
300.577
300.591
300.607
300.628
300.629
300.607
300.591
300.578
300.567
300.558
300.549
300.542
300.535
300.529
300.467
300.467
300.467
300.468
300.469
300.471
300.474
300.476
300.478
300.479
300.477
300.475
300.473
300.471
300.468
300.466
300.464
300.462
300.461
300.462
300.517
300.517
300.517
300.518
300.519
300.52
300.521
300.522
300.523
300.523
300.521
300.52
300.519
300.518
300.517
300.516
300.515
300.514
300.513
300.513
300.531
300.53
300.53
300.531
300.532
300.534
300.535
300.536
300.536
300.537
300.536
300.535
300.534
300.533
300.532
300.531
300.53
300.529
300.529
300.53
300.538
300.538
300.538
300.538
300.538
300.539
300.539
300.54
300.541
300.543
300.543
300.541
300.54
300.538
300.537
300.537
300.536
300.536
300.536
300.536
300.549
300.545
300.543
300.542
300.542
300.542
300.542
300.542
300.542
300.544
300.544
300.542
300.541
300.54
300.54
300.539
300.54
300.54
300.543
300.546
300.551
300.548
300.545
300.544
300.543
300.542
300.542
300.541
300.541
300.543
300.543
300.54
300.54
300.54
300.54
300.541
300.542
300.543
300.547
300.551
300.546
300.547
300.545
300.543
300.542
300.542
300.541
300.54
300.54
300.541
300.541
300.539
300.539
300.54
300.54
300.541
300.542
300.544
300.547
300.547
300.541
300.544
300.542
300.541
300.54
300.54
300.539
300.539
300.539
300.541
300.541
300.539
300.539
300.539
300.539
300.54
300.54
300.542
300.544
300.542
300.535
300.541
300.543
300.543
300.544
300.546
300.549
300.552
300.556
300.565
300.565
300.556
300.552
300.549
300.546
300.544
300.543
300.543
300.541
300.536
300.526
300.533
300.539
300.546
300.553
300.562
300.571
300.581
300.591
300.601
300.601
300.591
300.581
300.572
300.563
300.554
300.547
300.54
300.534
300.528
300.467
300.468
300.468
300.469
300.47
300.472
300.474
300.475
300.476
300.476
300.473
300.472
300.471
300.469
300.467
300.465
300.463
300.462
300.461
300.46
300.514
300.514
300.515
300.516
300.517
300.518
300.52
300.521
300.522
300.521
300.52
300.519
300.518
300.517
300.516
300.515
300.513
300.512
300.512
300.513
300.528
300.528
300.528
300.528
300.529
300.531
300.533
300.534
300.535
300.536
300.536
300.534
300.533
300.531
300.53
300.528
300.527
300.527
300.527
300.527
300.54
300.539
300.538
300.538
300.538
300.538
300.538
300.539
300.541
300.542
300.542
300.54
300.538
300.537
300.536
300.535
300.535
300.535
300.536
300.536
300.551
300.547
300.545
300.544
300.543
300.542
300.542
300.542
300.542
300.543
300.543
300.541
300.54
300.539
300.539
300.54
300.54
300.542
300.544
300.548
300.55
300.549
300.547
300.545
300.544
300.543
300.543
300.542
300.542
300.542
300.541
300.54
300.54
300.54
300.541
300.542
300.543
300.545
300.547
300.55
300.545
300.547
300.546
300.545
300.544
300.543
300.542
300.541
300.54
300.54
300.539
300.539
300.54
300.54
300.541
300.542
300.543
300.545
300.547
300.546
300.54
300.543
300.543
300.542
300.541
300.54
300.54
300.539
300.539
300.538
300.538
300.538
300.539
300.539
300.54
300.54
300.541
300.542
300.544
300.541
300.534
300.54
300.542
300.542
300.543
300.545
300.547
300.549
300.55
300.551
300.552
300.55
300.549
300.547
300.545
300.543
300.542
300.542
300.54
300.535
300.525
300.531
300.536
300.542
300.549
300.556
300.564
300.571
300.578
300.582
300.583
300.578
300.572
300.564
300.557
300.55
300.543
300.537
300.532
300.526
300.469
300.469
300.47
300.47
300.47
300.471
300.473
300.474
300.474
300.473
300.471
300.469
300.468
300.467
300.465
300.464
300.464
300.463
300.462
300.46
300.51
300.509
300.509
300.511
300.514
300.516
300.518
300.52
300.52
300.52
300.519
300.518
300.517
300.516
300.514
300.512
300.51
300.509
300.509
300.511
300.529
300.529
300.528
300.527
300.527
300.528
300.531
300.533
300.535
300.535
300.535
300.534
300.532
300.53
300.527
300.526
300.525
300.525
300.526
300.527
300.544
300.543
300.541
300.54
300.538
300.538
300.538
300.538
300.54
300.541
300.541
300.54
300.537
300.536
300.535
300.535
300.536
300.537
300.539
300.539
300.553
300.55
300.548
300.547
300.545
300.544
300.543
300.542
300.542
300.543
300.543
300.541
300.54
300.539
300.54
300.541
300.543
300.544
300.547
300.55
300.55
300.55
300.549
300.548
300.546
300.545
300.544
300.543
300.542
300.542
300.541
300.54
300.54
300.541
300.542
300.543
300.545
300.547
300.549
300.55
300.544
300.547
300.547
300.546
300.545
300.544
300.543
300.542
300.541
300.541
300.54
300.54
300.54
300.541
300.542
300.543
300.544
300.546
300.547
300.545
300.539
300.543
300.543
300.542
300.542
300.541
300.54
300.54
300.539
300.538
300.538
300.539
300.539
300.54
300.54
300.541
300.542
300.543
300.543
300.539
300.532
300.538
300.541
300.542
300.542
300.544
300.545
300.546
300.547
300.546
300.546
300.547
300.546
300.545
300.543
300.542
300.542
300.542
300.539
300.533
300.523
300.528
300.533
300.539
300.544
300.55
300.556
300.562
300.567
300.569
300.569
300.567
300.563
300.557
300.551
300.545
300.539
300.534
300.529
300.524
300.462
300.462
300.464
300.467
300.469
300.47
300.471
300.472
300.472
300.47
300.468
300.467
300.466
300.465
300.464
300.464
300.463
300.461
300.46
300.459
300.503
300.505
300.505
300.506
300.509
300.513
300.516
300.518
300.519
300.519
300.518
300.516
300.516
300.515
300.512
300.509
300.507
300.506
300.505
300.505
300.534
300.533
300.531
300.529
300.527
300.527
300.529
300.531
300.534
300.534
300.534
300.533
300.531
300.528
300.526
300.525
300.525
300.527
300.53
300.532
300.551
300.548
300.546
300.543
300.541
300.539
300.538
300.538
300.539
300.54
300.541
300.539
300.537
300.535
300.535
300.536
300.539
300.542
300.544
300.546
300.553
300.553
300.551
300.55
300.547
300.545
300.544
300.543
300.542
300.543
300.542
300.541
300.539
300.54
300.541
300.543
300.546
300.548
300.55
300.552
300.549
300.55
300.55
300.549
300.548
300.546
300.545
300.543
300.543
300.542
300.541
300.541
300.541
300.542
300.543
300.546
300.547
300.549
300.55
300.549
300.543
300.546
300.547
300.547
300.546
300.545
300.543
300.543
300.542
300.541
300.541
300.541
300.541
300.542
300.543
300.545
300.546
300.546
300.546
300.544
300.537
300.542
300.542
300.542
300.542
300.542
300.541
300.54
300.539
300.539
300.539
300.539
300.54
300.54
300.541
300.542
300.542
300.543
300.542
300.538
300.53
300.536
300.539
300.541
300.541
300.542
300.544
300.545
300.545
300.544
300.544
300.545
300.544
300.543
300.542
300.541
300.541
300.54
300.537
300.531
300.52
300.525
300.53
300.534
300.539
300.544
300.549
300.554
300.557
300.558
300.559
300.558
300.554
300.55
300.545
300.54
300.535
300.53
300.526
300.521
300.455
300.455
300.457
300.462
300.466
300.469
300.47
300.471
300.47
300.468
300.466
300.465
300.464
300.463
300.464
300.463
300.46
300.458
300.456
300.456
300.505
300.505
300.505
300.504
300.505
300.51
300.515
300.517
300.518
300.518
300.516
300.515
300.515
300.513
300.51
300.507
300.505
300.505
300.505
300.505
300.546
300.543
300.538
300.532
300.529
300.527
300.528
300.53
300.532
300.533
300.533
300.532
300.53
300.527
300.525
300.525
300.528
300.533
300.539
300.542
300.555
300.554
300.552
300.548
300.544
300.54
300.539
300.538
300.538
300.54
300.54
300.538
300.536
300.535
300.536
300.539
300.543
300.548
300.551
300.553
300.552
300.553
300.553
300.552
300.55
300.547
300.545
300.543
300.543
300.542
300.542
300.54
300.54
300.54
300.543
300.546
300.55
300.552
300.552
300.552
300.547
300.549
300.55
300.55
300.549
300.548
300.546
300.544
300.543
300.543
300.542
300.542
300.542
300.543
300.545
300.547
300.549
300.549
300.549
300.548
300.541
300.545
300.546
300.547
300.546
300.546
300.544
300.544
300.543
300.543
300.542
300.542
300.542
300.543
300.544
300.546
300.546
300.546
300.545
300.542
300.535
300.54
300.542
300.542
300.542
300.542
300.541
300.541
300.54
300.54
300.54
300.54
300.54
300.541
300.542
300.542
300.542
300.542
300.54
300.536
300.528
300.533
300.537
300.54
300.541
300.542
300.543
300.543
300.544
300.543
300.543
300.543
300.543
300.542
300.542
300.541
300.54
300.538
300.534
300.529
300.518
300.522
300.526
300.53
300.535
300.539
300.543
300.546
300.549
300.55
300.55
300.549
300.547
300.543
300.539
300.535
300.531
300.527
300.523
300.519
300.448
300.449
300.451
300.456
300.463
300.467
300.469
300.469
300.469
300.467
300.465
300.463
300.462
300.462
300.463
300.461
300.458
300.455
300.452
300.451
300.514
300.511
300.507
300.505
300.504
300.507
300.513
300.516
300.517
300.517
300.515
300.514
300.514
300.512
300.509
300.506
300.505
300.506
300.51
300.513
300.555
300.553
300.547
300.539
300.532
300.529
300.527
300.529
300.531
300.532
300.532
300.531
300.529
300.527
300.525
300.527
300.533
300.542
300.549
300.554
300.554
300.555
300.555
300.552
300.547
300.542
300.54
300.538
300.538
300.538
300.539
300.538
300.536
300.535
300.537
300.542
300.548
300.553
300.554
300.554
300.55
300.551
300.552
300.553
300.551
300.549
300.546
300.545
300.544
300.543
300.542
300.541
300.54
300.542
300.544
300.548
300.552
300.552
300.551
300.55
300.545
300.547
300.549
300.55
300.55
300.549
300.547
300.546
300.545
300.544
300.544
300.543
300.543
300.545
300.547
300.549
300.549
300.548
300.547
300.545
300.539
300.542
300.544
300.546
300.547
300.546
300.546
300.545
300.545
300.544
300.544
300.544
300.544
300.545
300.546
300.546
300.546
300.544
300.542
300.539
300.532
300.537
300.54
300.542
300.543
300.543
300.542
300.542
300.542
300.542
300.542
300.542
300.542
300.542
300.543
300.543
300.542
300.54
300.537
300.533
300.525
300.53
300.534
300.538
300.54
300.542
300.543
300.544
300.544
300.543
300.543
300.543
300.543
300.542
300.542
300.54
300.538
300.535
300.531
300.526
300.515
300.518
300.522
300.526
300.53
300.534
300.537
300.54
300.542
300.542
300.542
300.542
300.54
300.537
300.534
300.53
300.527
300.523
300.519
300.516
300.448
300.447
300.448
300.452
300.46
300.466
300.467
300.468
300.467
300.466
300.464
300.463
300.461
300.461
300.462
300.46
300.456
300.452
300.451
300.452
300.527
300.523
300.512
300.506
300.504
300.506
300.513
300.516
300.517
300.516
300.515
300.514
300.513
300.512
300.509
300.505
300.505
300.51
300.52
300.526
300.555
300.555
300.553
300.545
300.536
300.531
300.528
300.529
300.531
300.532
300.531
300.531
300.529
300.527
300.526
300.53
300.539
300.549
300.554
300.554
300.551
300.553
300.554
300.554
300.549
300.544
300.541
300.539
300.537
300.537
300.538
300.537
300.536
300.536
300.539
300.544
300.551
300.554
300.553
300.551
300.547
300.549
300.551
300.553
300.553
300.55
300.548
300.547
300.546
300.545
300.544
300.543
300.543
300.544
300.547
300.55
300.552
300.551
300.548
300.546
300.541
300.544
300.547
300.549
300.55
300.55
300.549
300.549
300.548
300.548
300.547
300.547
300.547
300.547
300.549
300.55
300.549
300.547
300.544
300.541
300.535
300.538
300.542
300.545
300.546
300.547
300.547
300.547
300.547
300.547
300.547
300.547
300.547
300.547
300.547
300.546
300.545
300.542
300.538
300.535
300.529
300.533
300.537
300.54
300.542
300.543
300.544
300.544
300.544
300.544
300.544
300.544
300.544
300.544
300.543
300.542
300.54
300.537
300.533
300.529
300.522
300.526
300.53
300.534
300.537
300.539
300.54
300.541
300.542
300.542
300.543
300.542
300.541
300.54
300.539
300.537
300.534
300.531
300.527
300.522
300.512
300.515
300.518
300.522
300.525
300.528
300.531
300.533
300.535
300.535
300.535
300.535
300.534
300.532
300.529
300.526
300.523
300.519
300.515
300.512
300.459
300.448
300.447
300.451
300.459
300.464
300.464
300.465
300.466
300.465
300.465
300.463
300.462
300.46
300.46
300.459
300.456
300.451
300.452
300.464
300.532
300.529
300.518
300.508
300.504
300.508
300.514
300.516
300.517
300.516
300.515
300.514
300.513
300.513
300.511
300.505
300.505
300.513
300.526
300.531
300.552
300.555
300.555
300.548
300.538
300.532
300.528
300.529
300.531
300.531
300.531
300.531
300.53
300.527
300.527
300.532
300.542
300.554
300.554
300.552
300.548
300.551
300.554
300.555
300.551
300.546
300.543
300.54
300.538
300.536
300.537
300.536
300.536
300.536
300.539
300.546
300.553
300.554
300.551
300.548
300.543
300.547
300.55
300.552
300.553
300.552
300.552
300.551
300.551
300.55
300.548
300.547
300.546
300.548
300.55
300.552
300.552
300.55
300.546
300.542
300.537
300.541
300.545
300.548
300.549
300.55
300.55
300.551
300.551
300.551
300.551
300.551
300.551
300.55
300.55
300.549
300.548
300.545
300.541
300.537
300.531
300.535
300.539
300.542
300.543
300.545
300.546
300.546
300.547
300.547
300.547
300.547
300.547
300.546
300.545
300.544
300.542
300.539
300.535
300.531
300.525
300.529
300.533
300.535
300.537
300.539
300.54
300.541
300.542
300.542
300.542
300.542
300.542
300.541
300.539
300.538
300.536
300.533
300.529
300.525
300.518
300.522
300.525
300.528
300.531
300.533
300.534
300.535
300.536
300.536
300.536
300.537
300.536
300.535
300.533
300.531
300.529
300.526
300.522
300.518
300.509
300.512
300.515
300.518
300.521
300.523
300.525
300.527
300.528
300.528
300.528
300.529
300.528
300.526
300.524
300.521
300.519
300.516
300.512
300.51
)
;

boundaryField
{
    floor
    {
        type            fixedValue;
        value           nonuniform List<scalar> 
400
(
300
300
300
300
300
300
300
300
300
300
300
300
300
300
300
300
300
300
300
300
300
300
300
300
300
300
300
300
300
300
300
300
300
300
300
300
300
300
300
300
300
300
300
300
300
300
300
300
300
300
300
300
300
300
300
300
300
300
300
300
300
300
300
300
300
300
300
300
300
300
300
300
300
300
300
300
300
300
300
300
300
300
300
300
300
300
300
300
300
300
300
300
300
300
300
300
300
300
300
300
300
300
300
300
300
300
300
300
300
300
300
300
300
300
300
300
300
300
300
300
300
300
300
300
300
300
300
300
300
300
300
300
300
300
300
300
300
300
300
300
300
300
300
300
300
300
300
300
300
300
300
300
300
300
300
300
300
300
300
300
300
300
300
300
300
300
300
300
300
300
300
300
300
300
300
300
300
300
300
300
300
300
300
300
300
300
300
300
300
600
600
300
300
300
300
300
300
300
300
300
300
300
300
300
300
300
300
300
300
600
600
300
300
300
300
300
300
300
300
300
300
300
300
300
300
300
300
300
300
300
300
300
300
300
300
300
300
300
300
300
300
300
300
300
300
300
300
300
300
300
300
300
300
300
300
300
300
300
300
300
300
300
300
300
300
300
300
300
300
300
300
300
300
300
300
300
300
300
300
300
300
300
300
300
300
300
300
300
300
300
300
300
300
300
300
300
300
300
300
300
300
300
300
300
300
300
300
300
300
300
300
300
300
300
300
300
300
300
300
300
300
300
300
300
300
300
300
300
300
300
300
300
300
300
300
300
300
300
300
300
300
300
300
300
300
300
300
300
300
300
300
300
300
300
300
300
300
300
300
300
300
300
300
300
300
300
300
300
300
300
300
300
300
300
300
300
300
300
300
300
300
300
300
300
300
300
300
300
300
300
300
300
300
300
300
300
300
300
300
300
)
;
    }
    ceiling
    {
        type            fixedValue;
        value           uniform 300;
    }
    fixedWalls
    {
        type            zeroGradient;
    }
}


// ************************************************************************* //
