/*--------------------------------*- C++ -*----------------------------------*\
  =========                 |
  \\      /  F ield         | OpenFOAM: The Open Source CFD Toolbox
   \\    /   O peration     | Website:  https://openfoam.org
    \\  /    A nd           | Version:  9
     \\/     M anipulation  |
\*---------------------------------------------------------------------------*/
FoamFile
{
    format      ascii;
    class       volScalarField;
    location    "200";
    object      nuTilda;
}
// * * * * * * * * * * * * * * * * * * * * * * * * * * * * * * * * * * * * * //

dimensions      [0 2 -1 0 0 0 0];

internalField   nonuniform List<scalar> 
10720
(
0.0656608
0.0673484
0.0682051
0.0679711
0.066681
0.0634401
0.0574471
0.0478979
0.0340413
0.0173693
0.0107649
0.0145006
0.0166868
0.0178555
0.0179908
0.0174798
0.015743
0.0139336
0.0152804
0.0156705
0.0150644
0.0135799
0.011995
0.0112214
0.0140125
0.0215757
0.0270556
0.0312599
0.0349158
0.0385811
0.0425111
0.0464718
0.0499943
0.0526232
0.0537233
0.0521933
0.0454365
0.0289725
0.0249241
0.06369
0.0613699
0.0589107
0.0560532
0.0529318
0.0494837
0.0456793
0.0415363
0.0371299
0.0325176
0.0276574
0.022507
0.0171822
0.0129942
0.0117073
0.0108601
0.0126154
0.0152044
0.0173827
0.019227
0.0209548
0.0226962
0.0245073
0.0263906
0.0282951
0.030161
0.0319584
0.0336744
0.035299
0.036836
0.0382991
0.039699
0.0410704
0.0424383
0.0439578
0.0455725
0.0483827
0.0496467
0.062934
0.0629904
0.062113
0.0618269
0.0622266
0.0649701
0.0688743
0.0728606
0.0755739
0.0752785
0.0705014
0.0645957
0.0679371
0.0692652
0.0615547
0.0553889
0.0547956
0.0542928
0.0571732
0.0645688
0.0703804
0.0710897
0.0680299
0.0637755
0.0617485
0.0610972
0.0618926
0.0611784
0.0592248
0.0567726
0.0548379
0.0539345
0.0536615
0.0541943
0.0563113
0.0617253
0.0728271
0.0929358
0.125777
0.124365
0.0638016
0.0644598
0.0652194
0.0654736
0.0654042
0.0649514
0.0639597
0.0623773
0.060304
0.0579292
0.0552741
0.0524933
0.0497459
0.0470279
0.0441428
0.0413189
0.038674
0.0362751
0.0341596
0.0322646
0.0305589
0.0290268
0.0276562
0.0263911
0.0252023
0.024163
0.0232916
0.0225837
0.0220347
0.021633
0.0213755
0.0212623
0.0212896
0.0214376
0.0218605
0.022784
0.0242348
0.0256452
0.0227895
0.0911087
0.0897399
0.0875442
0.085363
0.0830569
0.0809788
0.0779331
0.0778326
0.0804225
0.0841947
0.0873017
0.0940706
0.105194
0.115674
0.122039
0.117079
0.107679
0.103538
0.113945
0.115807
0.110123
0.101602
0.0943617
0.0906369
0.0893259
0.0880963
0.0855241
0.0805899
0.0743506
0.0693135
0.0679399
0.0711653
0.0801306
0.0939824
0.109851
0.130489
0.166549
0.226909
0.265398
0.0922481
0.0929579
0.0937565
0.0940907
0.0941
0.093745
0.0929016
0.0914904
0.0895664
0.0872441
0.08453
0.0815374
0.0783894
0.0751482
0.0718507
0.0685306
0.0653031
0.0622811
0.0594793
0.0568431
0.0543565
0.0520091
0.0497835
0.0475897
0.0453759
0.0431865
0.0410424
0.038961
0.0369594
0.0350321
0.0331963
0.0315198
0.0300164
0.0286998
0.0275641
0.0268177
0.0258779
0.028631
0.0209385
0.107169
0.106059
0.104396
0.102205
0.0993566
0.0969256
0.0936696
0.0899338
0.0865163
0.0860258
0.0895025
0.0978976
0.114183
0.13856
0.163218
0.177227
0.174326
0.151325
0.144896
0.142511
0.134257
0.124325
0.11851
0.117509
0.119136
0.118467
0.118868
0.114966
0.10813
0.102268
0.101085
0.106138
0.117601
0.134045
0.15572
0.18871
0.244595
0.340499
0.431903
0.108038
0.108625
0.109216
0.109515
0.109557
0.109329
0.108746
0.107762
0.106397
0.10469
0.102638
0.100296
0.0977315
0.0949879
0.0921084
0.0891033
0.0860489
0.083049
0.08015
0.0773387
0.0746191
0.0719891
0.0694348
0.0668712
0.0642409
0.0615924
0.0589517
0.0563432
0.0537902
0.0512937
0.048883
0.046584
0.0444185
0.0424294
0.0406228
0.0392416
0.0377931
0.0395124
0.0369497
0.1169
0.116129
0.114971
0.113403
0.111369
0.108701
0.105942
0.102823
0.0986773
0.0942603
0.0913311
0.0942457
0.107035
0.134587
0.175028
0.211821
0.226974
0.210022
0.17305
0.163768
0.154613
0.148061
0.147764
0.152641
0.164263
0.173758
0.177077
0.172943
0.164082
0.155184
0.151287
0.154626
0.165544
0.183569
0.210473
0.252742
0.326456
0.458108
0.600002
0.117489
0.117892
0.118283
0.118492
0.118525
0.118371
0.117973
0.1173
0.116361
0.115171
0.113725
0.112048
0.110174
0.108122
0.105918
0.103543
0.101043
0.0984869
0.0959233
0.0933593
0.0908101
0.0882793
0.0857603
0.0831791
0.0804833
0.0777162
0.0749061
0.0720811
0.0692681
0.0664772
0.0637431
0.0610988
0.0585726
0.0562212
0.0540638
0.0523743
0.0507331
0.0520695
0.051595
0.122836
0.122279
0.121441
0.120318
0.118937
0.11707
0.114674
0.111962
0.108905
0.104953
0.100059
0.0951616
0.0986127
0.117944
0.160473
0.217608
0.259589
0.260328
0.221557
0.187526
0.178724
0.178576
0.188054
0.209144
0.231302
0.245679
0.24957
0.244563
0.233372
0.221424
0.213658
0.213495
0.222149
0.239739
0.268757
0.317682
0.408045
0.575457
0.746247
0.12325
0.123536
0.123807
0.123957
0.123982
0.123875
0.123601
0.123137
0.122488
0.12166
0.120641
0.119445
0.118106
0.116638
0.115044
0.113291
0.111399
0.109406
0.107345
0.105226
0.103063
0.10086
0.0986131
0.096262
0.0937588
0.0911374
0.0884233
0.0856432
0.0828234
0.0799795
0.0771474
0.0743664
0.0716714
0.0691299
0.0667712
0.0648908
0.0631261
0.0642069
0.0650244
0.126753
0.12636
0.125765
0.124964
0.123971
0.122664
0.120956
0.118744
0.116063
0.11317
0.109455
0.103792
0.0982972
0.104162
0.134288
0.195775
0.265298
0.297327
0.272117
0.222501
0.209503
0.221607
0.249663
0.281237
0.307735
0.324809
0.331069
0.326444
0.313041
0.298733
0.287741
0.283614
0.287877
0.301813
0.329196
0.381406
0.486133
0.686969
0.866443
0.127038
0.127234
0.127418
0.12752
0.127531
0.127448
0.127246
0.126912
0.126448
0.125858
0.125131
0.124273
0.123299
0.122239
0.121096
0.119826
0.118439
0.116951
0.115379
0.113727
0.112003
0.110208
0.108336
0.106338
0.104172
0.101859
0.0994196
0.0968722
0.0942397
0.0915383
0.0888014
0.0860689
0.08338
0.0808078
0.0783901
0.0764283
0.0746224
0.0754713
0.0770793
0.129449
0.129163
0.128724
0.128134
0.127414
0.126553
0.125531
0.124177
0.122075
0.119445
0.116562
0.112614
0.106274
0.101514
0.113063
0.160127
0.241633
0.311127
0.317491
0.278868
0.260835
0.279107
0.312972
0.348166
0.3776
0.398074
0.408587
0.409142
0.400847
0.386764
0.373287
0.365429
0.364431
0.371122
0.392045
0.442645
0.556168
0.780633
0.962329
0.129647
0.129783
0.129908
0.129976
0.129975
0.129905
0.129748
0.129496
0.12915
0.128714
0.12818
0.127552
0.126836
0.126051
0.125215
0.124288
0.123272
0.122173
0.120996
0.119741
0.118411
0.117002
0.115507
0.113884
0.112098
0.110159
0.108077
0.105866
0.10354
0.101112
0.0986087
0.0960678
0.0935278
0.0910608
0.0887107
0.0867692
0.0850041
0.0856328
0.0876565
0.131401
0.131199
0.130881
0.130464
0.129993
0.129427
0.128744
0.127895
0.126643
0.124702
0.122162
0.119187
0.114819
0.107943
0.105157
0.128458
0.199004
0.294186
0.346186
0.328773
0.311598
0.331485
0.369225
0.408238
0.441421
0.466009
0.481361
0.487945
0.48707
0.480564
0.470519
0.459683
0.452732
0.449878
0.458886
0.500977
0.614381
0.848116
1.03839
0.131536
0.131626
0.131709
0.13175
0.131739
0.131677
0.13155
0.131352
0.131084
0.130751
0.130346
0.129873
0.129339
0.128753
0.128125
0.127434
0.126678
0.125857
0.124973
0.124022
0.123005
0.121916
0.120745
0.119459
0.118026
0.116452
0.114738
0.112891
0.110917
0.108825
0.106634
0.104374
0.10208
0.0998181
0.0976342
0.0957977
0.0941424
0.0945704
0.0967379
0.132864
0.132742
0.132538
0.132267
0.131963
0.131601
0.131144
0.130558
0.129768
0.128587
0.126735
0.124241
0.121153
0.116162
0.108715
0.111606
0.155447
0.251491
0.345638
0.369343
0.357422
0.377124
0.418593
0.462282
0.500148
0.529557
0.550196
0.563054
0.569898
0.572445
0.571648
0.566596
0.554758
0.540327
0.53243
0.557256
0.659518
0.889817
1.09679
0.132952
0.133008
0.133059
0.133079
0.13306
0.133003
0.132897
0.132737
0.132524
0.132261
0.131945
0.131581
0.131177
0.130738
0.130259
0.129732
0.129157
0.128531
0.127856
0.127128
0.126345
0.125501
0.124587
0.123575
0.12244
0.121182
0.119799
0.118292
0.116662
0.114913
0.113056
0.111114
0.109115
0.107118
0.105165
0.103496
0.101998
0.102253
0.104378
0.134
0.133968
0.13388
0.133733
0.133554
0.133317
0.132995
0.13257
0.132002
0.131241
0.130088
0.128268
0.125811
0.12251
0.116487
0.109437
0.125378
0.198728
0.313512
0.389174
0.398146
0.417118
0.461716
0.51075
0.554199
0.58917
0.615612
0.635031
0.649727
0.661614
0.671159
0.675793
0.669182
0.64612
0.615969
0.614339
0.692325
0.9092
1.13865
0.134051
0.134076
0.134102
0.134106
0.134081
0.134028
0.133938
0.133806
0.133632
0.13342
0.133168
0.132881
0.13257
0.132235
0.131867
0.131462
0.131016
0.13053
0.130004
0.129437
0.128825
0.128164
0.127444
0.126645
0.125745
0.124743
0.123636
0.12242
0.121095
0.119659
0.11812
0.116492
0.114798
0.113086
0.111395
0.109934
0.108613
0.108725
0.110689
0.134915
0.134949
0.134945
0.134882
0.134787
0.134634
0.134411
0.134106
0.133686
0.133134
0.132388
0.131233
0.129419
0.126975
0.12319
0.115615
0.113108
0.153213
0.259808
0.377319
0.42959
0.452428
0.499168
0.55382
0.603657
0.644962
0.677807
0.704199
0.727026
0.748514
0.768759
0.783699
0.78408
0.760354
0.71502
0.677234
0.716725
0.910227
1.16468
0.134933
0.134921
0.134928
0.134919
0.134889
0.134841
0.134764
0.134653
0.13451
0.134335
0.134129
0.1339
0.133655
0.133392
0.133103
0.132786
0.132439
0.13206
0.131647
0.131198
0.130713
0.130188
0.129614
0.128975
0.128257
0.127455
0.126567
0.125588
0.124515
0.123348
0.122088
0.120745
0.119337
0.1179
0.116469
0.115219
0.114088
0.11409
0.11583
0.135672
0.13574
0.135789
0.135785
0.135747
0.135655
0.135506
0.135291
0.134985
0.134571
0.13403
0.133283
0.132101
0.130278
0.127774
0.122841
0.114347
0.125503
0.20171
0.334617
0.438746
0.483503
0.531568
0.591588
0.648428
0.696838
0.736751
0.770632
0.802013
0.83352
0.864919
0.890674
0.898702
0.875528
0.819081
0.751761
0.738636
0.897067
1.17542
0.135656
0.135603
0.135595
0.135574
0.135542
0.135498
0.135432
0.135341
0.135221
0.135075
0.134903
0.134718
0.134521
0.134308
0.134076
0.133823
0.133547
0.133247
0.132921
0.132565
0.132179
0.131758
0.131296
0.130781
0.130202
0.129555
0.128837
0.128045
0.127176
0.126227
0.125199
0.124099
0.122938
0.121747
0.120554
0.119501
0.118555
0.118481
0.119975
0.136295
0.13638
0.136458
0.136493
0.136493
0.136447
0.136355
0.136211
0.135995
0.135692
0.135284
0.134746
0.133983
0.132747
0.13092
0.128076
0.121069
0.115821
0.155002
0.273008
0.416116
0.503957
0.5597
0.624191
0.688341
0.744571
0.792255
0.834214
0.874669
0.916741
0.959951
0.997413
1.01443
0.993535
0.927113
0.831869
0.765892
0.874188
1.17122
0.136252
0.136165
0.136147
0.136112
0.136077
0.136038
0.135984
0.135909
0.135808
0.135684
0.135541
0.135388
0.135225
0.135049
0.134859
0.134654
0.134431
0.134189
0.133927
0.133642
0.133331
0.132992
0.132618
0.1322
0.131728
0.131202
0.130618
0.129973
0.129265
0.12849
0.12765
0.126748
0.125794
0.124812
0.123824
0.122945
0.122163
0.122044
0.123296
0.136807
0.136901
0.136993
0.137053
0.137079
0.137066
0.137015
0.136923
0.136777
0.136563
0.136265
0.13586
0.135321
0.134519
0.133218
0.131388
0.127369
0.118352
0.127892
0.209979
0.363423
0.501171
0.58257
0.65198
0.723251
0.787858
0.844012
0.894672
0.944771
0.998029
1.05386
1.10427
1.13229
1.11647
1.04264
0.920288
0.805529
0.847699
1.15243
0.136742
0.136642
0.136618
0.136564
0.136524
0.13649
0.136446
0.136384
0.1363
0.136194
0.136073
0.135945
0.135808
0.13566
0.135502
0.135332
0.135149
0.134952
0.134738
0.134506
0.134253
0.133976
0.133671
0.133329
0.132942
0.132511
0.132032
0.131503
0.130922
0.130286
0.129595
0.128854
0.128069
0.127259
0.126443
0.125712
0.125067
0.124927
0.125951
0.137229
0.137326
0.137426
0.1375
0.137543
0.137555
0.137532
0.137476
0.13738
0.137234
0.137024
0.136728
0.136327
0.135779
0.134909
0.133592
0.131481
0.124913
0.118935
0.160601
0.293269
0.466316
0.592334
0.675386
0.753129
0.826377
0.891632
0.951616
1.01193
1.07701
1.14636
1.21115
1.25253
1.2453
1.16819
1.02121
0.854506
0.823795
1.11966
0.13715
0.137051
0.137026
0.136956
0.136906
0.136875
0.136839
0.136788
0.136717
0.136626
0.136523
0.136415
0.136298
0.136173
0.136039
0.135897
0.135744
0.13558
0.135403
0.135212
0.135003
0.134775
0.134523
0.13424
0.133921
0.133565
0.133169
0.132732
0.132252
0.131726
0.131156
0.130543
0.129894
0.129224
0.128549
0.127941
0.127408
0.127264
0.128079
0.137578
0.137677
0.137779
0.13786
0.137914
0.137943
0.13794
0.137912
0.137852
0.137755
0.137611
0.137403
0.137109
0.136708
0.136127
0.13519
0.133895
0.130478
0.121522
0.132008
0.223428
0.401525
0.576648
0.691548
0.778263
0.859849
0.93467
1.00455
1.07561
1.15311
1.23684
1.31749
1.37468
1.37971
1.30429
1.13795
0.921199
0.811827
1.07413
0.137495
0.137404
0.13738
0.137305
0.137242
0.137212
0.137181
0.13714
0.137074
0.136995
0.136908
0.136814
0.136714
0.136607
0.136493
0.136373
0.136244
0.136107
0.135959
0.135799
0.135625
0.135434
0.135224
0.134988
0.134722
0.134425
0.134096
0.133732
0.133333
0.132896
0.132421
0.131912
0.131372
0.130815
0.130254
0.129747
0.129303
0.129171
0.129788
0.13787
0.137968
0.138069
0.138153
0.138214
0.138254
0.138266
0.138258
0.138226
0.138166
0.13807
0.137927
0.137719
0.137424
0.137015
0.136376
0.135436
0.133847
0.127621
0.122129
0.169033
0.32003
0.527224
0.69108
0.798198
0.888208
0.972683
1.05292
1.13518
1.22558
1.32446
1.42231
1.49755
1.51836
1.44995
1.27163
1.01185
0.824696
1.0182
0.137789
0.13771
0.137689
0.137614
0.137547
0.137518
0.137491
0.137461
0.137392
0.137316
0.137241
0.13716
0.137073
0.13698
0.136883
0.13678
0.13667
0.136554
0.136429
0.136294
0.136147
0.135987
0.13581
0.135611
0.135387
0.135138
0.134862
0.134557
0.134222
0.133857
0.13346
0.133033
0.132582
0.132116
0.131648
0.131223
0.130849
0.130753
0.131169
0.138118
0.138212
0.13831
0.138395
0.138459
0.138505
0.138528
0.138534
0.138521
0.138487
0.138427
0.138333
0.138192
0.137984
0.137686
0.137251
0.136558
0.135661
0.132642
0.123974
0.13707
0.240468
0.447
0.661237
0.808021
0.911611
1.00532
1.09613
1.18988
1.29353
1.40813
1.52426
1.61948
1.65924
1.60313
1.42113
1.12743
0.85785
0.95582
0.138042
0.137976
0.137958
0.137889
0.137825
0.137802
0.137783
0.137773
0.1377
0.137617
0.137551
0.137483
0.137407
0.137325
0.137236
0.137143
0.137045
0.136943
0.136834
0.136718
0.136593
0.136457
0.136306
0.136138
0.135948
0.135737
0.135503
0.135246
0.134964
0.134656
0.134322
0.133963
0.133583
0.133191
0.132798
0.13244
0.13212
0.132104
0.132296
0.138329
0.138418
0.138512
0.138595
0.13866
0.138709
0.13874
0.138754
0.138754
0.138737
0.138702
0.138644
0.138552
0.138413
0.138203
0.137899
0.137415
0.136748
0.135531
0.129538
0.125141
0.178766
0.350565
0.59421
0.796431
0.928268
1.03261
1.13361
1.23894
1.35595
1.48657
1.62173
1.73844
1.79994
1.76115
1.58378
1.26717
0.918565
0.893778
0.138262
0.138207
0.138194
0.13813
0.138075
0.138063
0.138061
0.138072
0.13801
0.137927
0.137874
0.137821
0.137758
0.137685
0.137599
0.137505
0.137405
0.137304
0.137201
0.137095
0.136984
0.136865
0.136734
0.136589
0.136427
0.136247
0.136048
0.13583
0.135591
0.13533
0.135047
0.134743
0.134422
0.13409
0.133757
0.133454
0.133173
0.13327
0.133233
0.13851
0.138593
0.138681
0.13876
0.138824
0.138874
0.13891
0.13893
0.138939
0.138936
0.138919
0.138884
0.138827
0.138738
0.138598
0.138386
0.138059
0.137541
0.136945
0.134177
0.125938
0.142204
0.25836
0.494384
0.749662
0.930921
1.05423
1.16504
1.28157
1.41177
1.55838
1.7129
1.85212
1.93777
1.92102
1.75609
1.42782
1.01131
0.842597
0.138451
0.138407
0.138397
0.138341
0.138295
0.138298
0.138321
0.138346
0.1383
0.138243
0.138205
0.138168
0.138122
0.138064
0.137988
0.137895
0.137787
0.137675
0.137563
0.137453
0.137343
0.137231
0.137113
0.136985
0.136843
0.136688
0.136517
0.13633
0.136126
0.135904
0.135663
0.135405
0.135132
0.13485
0.134567
0.134309
0.134056
0.134251
0.134057
0.138664
0.138739
0.138821
0.138896
0.138957
0.139007
0.139044
0.139069
0.139085
0.139092
0.139089
0.139072
0.139039
0.138985
0.138895
0.138753
0.138533
0.138164
0.13771
0.136755
0.130979
0.127945
0.187808
0.379068
0.660433
0.905699
1.06669
1.19047
1.31712
1.45991
1.62209
1.79583
1.95811
2.06984
2.07949
1.93416
1.60452
1.13595
0.816639
0.138612
0.138577
0.138571
0.138522
0.138486
0.138505
0.138556
0.138594
0.138556
0.138527
0.138502
0.138477
0.138445
0.138406
0.138352
0.13828
0.138184
0.138069
0.137943
0.137818
0.137697
0.13758
0.137464
0.137343
0.137214
0.137076
0.136927
0.136765
0.13659
0.136399
0.136193
0.135972
0.135739
0.135498
0.135257
0.135037
0.134804
0.135057
0.134841
0.138793
0.138861
0.138936
0.139005
0.139062
0.139111
0.139149
0.139177
0.139198
0.139212
0.139219
0.139216
0.139201
0.13917
0.139118
0.139028
0.138882
0.138639
0.138258
0.137892
0.135316
0.127671
0.146415
0.271985
0.535967
0.837355
1.05974
1.20879
1.34537
1.4994
1.67625
1.86859
2.05391
2.19309
2.23298
2.11394
1.79187
1.288
0.827432
0.138748
0.13872
0.138717
0.138677
0.138649
0.138682
0.138755
0.138807
0.13878
0.138764
0.138746
0.138727
0.138704
0.138678
0.138643
0.138597
0.138532
0.138444
0.138331
0.138201
0.138067
0.137937
0.13781
0.137685
0.137559
0.137429
0.137294
0.13715
0.136996
0.136831
0.136653
0.136464
0.136264
0.136057
0.13585
0.135665
0.135454
0.135728
0.135539
0.138899
0.13896
0.139027
0.13909
0.139143
0.139189
0.139226
0.139257
0.139281
0.139299
0.139312
0.139319
0.139318
0.139306
0.139279
0.139229
0.139138
0.138984
0.138705
0.138419
0.137658
0.132224
0.130244
0.192605
0.398337
0.719886
1.01599
1.21412
1.36626
1.52956
1.71951
1.92933
2.13707
2.30434
2.37753
2.29085
1.98468
1.46076
0.886726
0.138861
0.138839
0.13884
0.138807
0.138789
0.138831
0.138916
0.138979
0.138967
0.138956
0.138941
0.138927
0.13891
0.138892
0.138868
0.138838
0.138798
0.138743
0.138666
0.138564
0.138441
0.138308
0.138173
0.138039
0.137906
0.137774
0.137642
0.137507
0.137367
0.137219
0.137063
0.136898
0.136726
0.13655
0.136376
0.136238
0.136072
0.136331
0.136156
0.138986
0.139039
0.139099
0.139155
0.139203
0.139246
0.139282
0.139313
0.139338
0.139359
0.139378
0.139392
0.1394
0.139401
0.139393
0.13937
0.13932
0.139227
0.13905
0.138782
0.138585
0.136247
0.129348
0.147926
0.276056
0.565474
0.918589
1.19178
1.3773
1.55036
1.7507
1.9763
2.20527
2.40043
2.50893
2.46017
2.17836
1.6467
0.996124
0.138954
0.138937
0.138942
0.138918
0.138909
0.138958
0.139047
0.139112
0.139116
0.139111
0.139101
0.139091
0.139078
0.139064
0.139047
0.139026
0.139
0.138966
0.138919
0.138854
0.138766
0.13866
0.138539
0.138409
0.138275
0.138139
0.138005
0.137872
0.137738
0.137602
0.137461
0.137317
0.13717
0.137025
0.136894
0.136817
0.136709
0.136912
0.136724
0.139057
0.139103
0.139155
0.139205
0.139248
0.139287
0.13932
0.13935
0.139376
0.1394
0.139422
0.139441
0.139457
0.139467
0.139471
0.139465
0.139444
0.139394
0.139293
0.139089
0.138933
0.138337
0.133519
0.131585
0.190449
0.403757
0.764742
1.11975
1.3685
1.56128
1.7693
2.0078
2.25634
2.47828
2.62279
2.6168
2.36854
1.83951
1.14364
0.13903
0.139019
0.139027
0.139012
0.139014
0.13907
0.139159
0.13922
0.139236
0.139239
0.139235
0.139228
0.139219
0.139208
0.139195
0.139179
0.139161
0.139138
0.139108
0.139069
0.139014
0.138943
0.138854
0.138752
0.138636
0.138513
0.138388
0.138263
0.138138
0.138014
0.137889
0.137765
0.137644
0.137531
0.137433
0.137381
0.137311
0.137461
0.13725
0.139117
0.139158
0.139204
0.139248
0.139286
0.139321
0.139351
0.139377
0.139402
0.139426
0.139449
0.139471
0.139492
0.139509
0.139522
0.139529
0.139526
0.139506
0.139453
0.139329
0.139152
0.139071
0.13713
0.131016
0.145984
0.268974
0.575455
0.980732
1.31839
1.55672
1.77555
2.02258
2.28792
2.53501
2.71474
2.75497
2.55019
2.03414
1.31256
0.139096
0.139089
0.139101
0.139094
0.139107
0.139172
0.139261
0.139317
0.139339
0.139349
0.139349
0.139346
0.13934
0.139332
0.139321
0.139309
0.139294
0.139277
0.139257
0.139232
0.139198
0.139153
0.139096
0.139024
0.138938
0.13884
0.138735
0.138629
0.138522
0.138415
0.138309
0.138204
0.138104
0.138012
0.137931
0.137887
0.137835
0.137948
0.137726
0.139172
0.139209
0.139252
0.139292
0.139326
0.139357
0.139383
0.139406
0.139427
0.139448
0.139469
0.139489
0.139511
0.139532
0.139551
0.139567
0.139577
0.139577
0.139555
0.139493
0.13935
0.139281
0.138869
0.134982
0.131947
0.182208
0.391009
0.779914
1.2
1.51899
1.76685
2.02085
2.29793
2.56737
2.7805
2.86827
2.71685
2.22493
1.49057
0.139156
0.139153
0.139168
0.139167
0.13919
0.139264
0.139355
0.139407
0.139434
0.139448
0.139452
0.139451
0.139447
0.139441
0.139432
0.139422
0.13941
0.139396
0.13938
0.139362
0.13934
0.139312
0.139275
0.139228
0.139169
0.139097
0.139016
0.138931
0.138843
0.138755
0.138667
0.138581
0.138498
0.138422
0.138354
0.138314
0.138271
0.138361
0.138146
0.139228
0.139262
0.139305
0.139343
0.139375
0.139404
0.139426
0.139445
0.139462
0.139478
0.139492
0.139507
0.139523
0.139542
0.139562
0.139583
0.139602
0.139615
0.139616
0.139592
0.139509
0.139399
0.139387
0.138041
0.132628
0.142171
0.250441
0.553597
1.00079
1.4173
1.72981
2.00156
2.28603
2.57233
2.8153
2.94951
2.86
2.40417
1.66892
0.139215
0.139216
0.139232
0.139234
0.139263
0.139346
0.139439
0.139493
0.139525
0.139543
0.139551
0.139551
0.139548
0.139542
0.139534
0.139525
0.139514
0.139501
0.139488
0.139473
0.139456
0.139437
0.139413
0.139383
0.139344
0.139293
0.139233
0.139167
0.139098
0.139026
0.138955
0.138885
0.138817
0.138754
0.138699
0.138663
0.138627
0.138704
0.138504
0.139287
0.139321
0.139364
0.139403
0.139436
0.139464
0.139484
0.1395
0.139513
0.139523
0.13953
0.139536
0.139543
0.139554
0.139569
0.139587
0.139609
0.13963
0.139645
0.139645
0.13961
0.139516
0.139486
0.139306
0.136433
0.132243
0.169845
0.354633
0.744355
1.22418
1.63375
1.95438
2.25145
2.54871
2.81504
2.99039
2.9682
2.56128
1.83813
0.139278
0.139281
0.139296
0.139297
0.139329
0.139416
0.139512
0.139575
0.139615
0.139639
0.13965
0.139652
0.139648
0.139641
0.139632
0.139622
0.13961
0.139597
0.139584
0.13957
0.139556
0.139541
0.139524
0.139504
0.139478
0.139444
0.1394
0.139351
0.139296
0.13924
0.139183
0.139126
0.139071
0.13902
0.138976
0.138947
0.138917
0.138984
0.138806
0.139352
0.139385
0.13943
0.139471
0.139505
0.139534
0.139555
0.139569
0.139579
0.139585
0.139587
0.139585
0.139582
0.139581
0.139584
0.139593
0.139609
0.13963
0.139651
0.139665
0.13966
0.139609
0.139538
0.139577
0.138822
0.134293
0.138285
0.221043
0.48945
0.94644
1.44111
1.84982
2.18503
2.49491
2.77741
2.98505
3.02505
2.68223
1.9873
0.139346
0.139348
0.139359
0.139357
0.139389
0.139476
0.139573
0.13965
0.139702
0.139735
0.13975
0.139753
0.139749
0.139739
0.139728
0.139715
0.139701
0.139687
0.139673
0.139658
0.139644
0.139631
0.139617
0.139603
0.139586
0.139562
0.139531
0.139494
0.139453
0.139409
0.139363
0.139318
0.139274
0.139233
0.139198
0.139176
0.139153
0.139216
0.139066
0.139421
0.139455
0.1395
0.139543
0.139579
0.139609
0.139631
0.139647
0.139656
0.13966
0.13966
0.139653
0.139641
0.139628
0.139616
0.139611
0.139615
0.139628
0.139647
0.139666
0.139676
0.139659
0.139599
0.139582
0.139588
0.137668
0.133157
0.155737
0.296025
0.641287
1.14295
1.64422
2.05724
2.40063
2.69893
2.9296
3.019
2.74823
2.10044
0.139415
0.139415
0.139422
0.139415
0.139444
0.13953
0.139629
0.139717
0.139782
0.139823
0.139844
0.139848
0.139843
0.139832
0.139818
0.139803
0.139786
0.13977
0.139754
0.139738
0.139723
0.13971
0.139698
0.139686
0.139673
0.139657
0.139635
0.139608
0.139577
0.139543
0.139508
0.139472
0.139437
0.139405
0.139379
0.139364
0.139348
0.139407
0.13931
0.139493
0.139526
0.139573
0.139617
0.139654
0.139685
0.139709
0.139725
0.139735
0.139739
0.13974
0.139731
0.139715
0.139693
0.139669
0.139648
0.139635
0.139633
0.139642
0.139658
0.139672
0.139673
0.139641
0.139588
0.139649
0.139318
0.136012
0.135656
0.186887
0.38714
0.79147
1.31744
1.82053
2.23406
2.56591
2.8175
2.94376
2.74478
2.15547
0.139485
0.139482
0.139483
0.139471
0.139496
0.139581
0.139685
0.139777
0.139848
0.139896
0.139921
0.139928
0.139924
0.139912
0.139897
0.139879
0.139861
0.139843
0.139825
0.139808
0.139793
0.139778
0.139766
0.139756
0.139746
0.139735
0.13972
0.139701
0.139678
0.139652
0.139625
0.139597
0.13957
0.139547
0.139528
0.13952
0.139511
0.139566
0.139519
0.139564
0.139599
0.139646
0.139691
0.139728
0.13976
0.139785
0.139802
0.139813
0.139818
0.139819
0.139811
0.139795
0.139771
0.139739
0.139706
0.139675
0.139655
0.139647
0.13965
0.139659
0.139665
0.139653
0.139608
0.139593
0.139675
0.138599
0.134753
0.143978
0.229116
0.479923
0.91915
1.45029
1.94526
2.34227
2.63009
2.78874
2.65967
2.14043
0.139555
0.139548
0.139542
0.139526
0.139546
0.139631
0.139747
0.139832
0.139902
0.139949
0.139976
0.139985
0.139982
0.139972
0.139957
0.139939
0.139921
0.139902
0.139884
0.139866
0.13985
0.139836
0.139824
0.139815
0.139808
0.1398
0.13979
0.139777
0.139761
0.139742
0.139722
0.139701
0.139681
0.139665
0.139653
0.139652
0.139651
0.139703
0.139689
0.139636
0.139673
0.139721
0.139766
0.139803
0.139836
0.13986
0.139878
0.139889
0.139895
0.139896
0.13989
0.139876
0.139853
0.13982
0.139781
0.139738
0.139699
0.13967
0.139654
0.139649
0.139648
0.139641
0.139613
0.139569
0.139615
0.139536
0.137552
0.135108
0.158195
0.274373
0.556179
1.00187
1.51469
1.97932
2.32759
2.53024
2.47532
2.03938
0.139624
0.139613
0.139602
0.139578
0.139592
0.139676
0.139808
0.139884
0.139944
0.139986
0.14001
0.140019
0.140018
0.140009
0.139996
0.13998
0.139963
0.139945
0.139927
0.139911
0.139895
0.139882
0.139871
0.139864
0.139859
0.139855
0.139849
0.139841
0.139831
0.139818
0.139804
0.139789
0.139776
0.139766
0.139762
0.139767
0.139774
0.139825
0.13983
0.13971
0.139749
0.139799
0.139844
0.139882
0.139914
0.139938
0.139955
0.139966
0.139971
0.139972
0.139967
0.139955
0.139934
0.139904
0.139864
0.139816
0.139766
0.139719
0.139681
0.139654
0.139636
0.139621
0.139598
0.139557
0.139535
0.139613
0.139159
0.136616
0.137801
0.175153
0.31117
0.597355
1.01626
1.47732
1.87321
2.13101
2.16268
1.83217
0.139696
0.139681
0.139662
0.139628
0.139634
0.139714
0.139859
0.139929
0.139977
0.14001
0.140029
0.140037
0.140036
0.140029
0.140018
0.140004
0.139989
0.139973
0.139958
0.139943
0.139929
0.139918
0.139909
0.139905
0.139902
0.139902
0.1399
0.139897
0.139892
0.139884
0.139875
0.139867
0.13986
0.139856
0.139859
0.139871
0.139886
0.139937
0.139954
0.139789
0.13983
0.139882
0.139928
0.139965
0.139997
0.14002
0.140036
0.140046
0.14005
0.14005
0.140045
0.140033
0.140013
0.139985
0.139947
0.139901
0.139846
0.139788
0.139732
0.139683
0.139642
0.139608
0.139575
0.139536
0.139492
0.139505
0.13953
0.138618
0.136296
0.142215
0.189512
0.328181
0.58855
0.943255
1.30897
1.58928
1.69409
1.49858
0.139773
0.139753
0.139722
0.139677
0.139672
0.139744
0.139892
0.139961
0.140001
0.140026
0.14004
0.140045
0.140044
0.140038
0.140028
0.140017
0.140004
0.13999
0.139977
0.139965
0.139954
0.139945
0.13994
0.139939
0.13994
0.139943
0.139946
0.139947
0.139946
0.139943
0.13994
0.139937
0.139936
0.13994
0.139949
0.139968
0.139989
0.140042
0.140065
0.139874
0.139918
0.13997
0.140015
0.14005
0.14008
0.140101
0.140116
0.140125
0.140128
0.140128
0.140124
0.140112
0.140092
0.140064
0.140028
0.139983
0.13993
0.139869
0.139803
0.139735
0.139671
0.139614
0.13956
0.139508
0.139457
0.139422
0.139462
0.139345
0.13812
0.136751
0.146627
0.195987
0.318439
0.52492
0.780815
1.01228
1.13278
1.06623
0.139855
0.139826
0.139783
0.139725
0.139709
0.139767
0.139908
0.139979
0.140017
0.140037
0.140047
0.14005
0.140048
0.140042
0.140033
0.140023
0.140012
0.140001
0.13999
0.139981
0.139973
0.139968
0.139967
0.139969
0.139975
0.139982
0.139989
0.139994
0.139997
0.139999
0.140001
0.140003
0.140009
0.140019
0.140035
0.14006
0.140086
0.140141
0.140167
0.139963
0.140006
0.140055
0.140096
0.140127
0.140153
0.140172
0.140185
0.140194
0.140198
0.140199
0.140197
0.140187
0.140169
0.140142
0.140106
0.140063
0.140013
0.139953
0.139884
0.139805
0.139723
0.139641
0.13956
0.139485
0.139421
0.139369
0.139355
0.139389
0.139109
0.137854
0.137662
0.149099
0.191987
0.283481
0.419057
0.561368
0.650009
0.650915
0.139938
0.139899
0.139843
0.139775
0.139743
0.139787
0.139917
0.139989
0.140026
0.140046
0.140053
0.140054
0.140051
0.140044
0.140036
0.140027
0.140017
0.140008
0.14
0.139993
0.139989
0.139988
0.139991
0.139998
0.140009
0.14002
0.140031
0.14004
0.140047
0.140053
0.14006
0.140069
0.140081
0.140098
0.14012
0.140149
0.14018
0.140236
0.140262
0.140042
0.140082
0.140124
0.140159
0.140185
0.140207
0.140223
0.140236
0.140245
0.140251
0.140255
0.140255
0.14025
0.140238
0.140216
0.140184
0.140142
0.140094
0.140037
0.139969
0.139885
0.13979
0.139685
0.139577
0.139475
0.139395
0.139334
0.139292
0.139294
0.139298
0.138913
0.137864
0.138512
0.148691
0.179314
0.23489
0.302668
0.352825
0.366474
0.140011
0.139965
0.139901
0.139823
0.139775
0.139805
0.139925
0.139996
0.140034
0.140052
0.140058
0.140058
0.140053
0.140045
0.140037
0.140028
0.14002
0.140013
0.140007
0.140004
0.140004
0.140007
0.140015
0.140027
0.140042
0.140058
0.140073
0.140086
0.140097
0.140109
0.140121
0.140136
0.140154
0.140177
0.140205
0.140237
0.140271
0.140327
0.140353
0.140101
0.140136
0.14017
0.140198
0.14022
0.140238
0.140253
0.140266
0.140276
0.140284
0.140291
0.140295
0.140296
0.14029
0.140277
0.140252
0.140217
0.140174
0.14012
0.140054
0.139969
0.139864
0.139738
0.139607
0.139489
0.1394
0.139329
0.139275
0.139244
0.139256
0.139227
0.138825
0.138076
0.138952
0.146069
0.163647
0.189589
0.213201
0.225848
0.140068
0.140021
0.139955
0.13987
0.139805
0.139822
0.139935
0.140003
0.14004
0.140057
0.140062
0.140059
0.140053
0.140045
0.140036
0.140028
0.140022
0.140017
0.140015
0.140016
0.14002
0.140028
0.140041
0.140059
0.140078
0.140098
0.140117
0.140134
0.14015
0.140167
0.140185
0.140206
0.14023
0.140257
0.140289
0.140324
0.140359
0.140415
0.140438
0.140139
0.140168
0.140196
0.140219
0.140238
0.140255
0.14027
0.140284
0.140295
0.140305
0.140313
0.140319
0.140324
0.140325
0.140319
0.140305
0.14028
0.140246
0.140199
0.140136
0.140048
0.139934
0.139795
0.139667
0.139563
0.139469
0.139383
0.139317
0.139268
0.139249
0.139266
0.139218
0.138876
0.138395
0.13908
0.143031
0.150944
0.160275
0.167918
0.140108
0.140065
0.140001
0.13991
0.139833
0.139838
0.139947
0.140012
0.140046
0.140061
0.140063
0.140059
0.140051
0.140043
0.140035
0.140028
0.140024
0.140023
0.140024
0.14003
0.14004
0.140053
0.140072
0.140094
0.140119
0.140143
0.140166
0.140187
0.140208
0.14023
0.140254
0.140279
0.140308
0.140339
0.140372
0.140408
0.140445
0.140501
0.140519
0.140161
0.140186
0.14021
0.140232
0.140251
0.140269
0.140285
0.1403
0.140312
0.140322
0.140331
0.140339
0.140345
0.140348
0.140347
0.140339
0.140325
0.140303
0.140267
0.140208
0.140119
0.139998
0.139877
0.139773
0.139676
0.139586
0.139503
0.139432
0.139378
0.139343
0.13934
0.139361
0.139313
0.139074
0.138816
0.139221
0.140989
0.144
0.147478
0.140134
0.140098
0.140037
0.139946
0.139862
0.139853
0.139956
0.140019
0.140051
0.140063
0.140063
0.140057
0.140049
0.14004
0.140034
0.14003
0.14003
0.140033
0.14004
0.140051
0.140067
0.140086
0.14011
0.140137
0.140166
0.140195
0.140222
0.140247
0.140273
0.140299
0.140327
0.140356
0.140387
0.14042
0.140455
0.140491
0.140527
0.140582
0.140594
0.140176
0.140199
0.140223
0.140246
0.140266
0.140286
0.140303
0.140318
0.140332
0.140343
0.140352
0.14036
0.140366
0.140369
0.140369
0.140364
0.140356
0.140344
0.140319
0.140266
0.140175
0.140073
0.139981
0.13989
0.139803
0.139718
0.139638
0.139567
0.13951
0.13947
0.139454
0.139469
0.1395
0.139484
0.139373
0.139289
0.139517
0.140301
0.141564
0.140153
0.140121
0.140065
0.13998
0.139894
0.139867
0.139964
0.140025
0.140054
0.140063
0.140061
0.140054
0.140046
0.14004
0.140037
0.140037
0.140043
0.140052
0.140065
0.140083
0.140104
0.140129
0.140157
0.14019
0.140224
0.140256
0.140286
0.140314
0.140343
0.140373
0.140403
0.140435
0.140467
0.140501
0.140536
0.140571
0.140607
0.14066
0.140664
0.14019
0.140212
0.140237
0.140261
0.140283
0.140304
0.140323
0.140339
0.140354
0.140365
0.140375
0.140383
0.140389
0.140393
0.140393
0.140388
0.140381
0.140374
0.140355
0.140307
0.140232
0.140154
0.140083
0.140008
0.139932
0.139855
0.13978
0.13971
0.139651
0.139608
0.139585
0.139588
0.139622
0.139672
0.139705
0.139714
0.139753
0.139977
0.140397
0.140168
0.140139
0.140089
0.140013
0.139928
0.13988
0.139971
0.140029
0.140056
0.140063
0.14006
0.140053
0.140047
0.140044
0.140046
0.140053
0.140066
0.140083
0.140103
0.140126
0.140153
0.140182
0.140216
0.140253
0.14029
0.140325
0.140357
0.140387
0.140418
0.14045
0.140482
0.140514
0.140547
0.14058
0.140614
0.140648
0.140684
0.140734
0.140728
0.140202
0.140224
0.14025
0.140276
0.140299
0.140322
0.140342
0.14036
0.140375
0.140388
0.140399
0.140407
0.140414
0.140419
0.140419
0.140415
0.140407
0.1404
0.140382
0.140337
0.140281
0.140231
0.140177
0.140118
0.140055
0.139989
0.139921
0.139854
0.139795
0.139749
0.139721
0.139716
0.139739
0.139793
0.139869
0.139957
0.14005
0.140217
0.140421
0.14018
0.140153
0.140109
0.140042
0.139958
0.139892
0.139978
0.140033
0.140057
0.140062
0.140058
0.140053
0.14005
0.140054
0.140064
0.14008
0.140102
0.140127
0.140155
0.140184
0.140215
0.140249
0.140286
0.140326
0.140365
0.1404
0.140432
0.140464
0.140496
0.140528
0.14056
0.140593
0.140626
0.140658
0.140691
0.140723
0.140759
0.140805
0.140789
0.140212
0.140236
0.140263
0.14029
0.140315
0.140339
0.14036
0.140379
0.140396
0.14041
0.140421
0.140431
0.140438
0.140444
0.140446
0.140443
0.140436
0.140429
0.140409
0.140366
0.140323
0.140291
0.140256
0.140214
0.140166
0.140113
0.140054
0.139994
0.139937
0.139889
0.139856
0.139844
0.139857
0.139901
0.139976
0.140085
0.140215
0.140406
0.140593
0.14019
0.140165
0.140127
0.140066
0.139983
0.139903
0.139984
0.140036
0.140057
0.140061
0.140057
0.140055
0.140059
0.140072
0.140093
0.140121
0.140153
0.140188
0.140222
0.140256
0.140291
0.140328
0.140367
0.140407
0.140444
0.140478
0.140511
0.140543
0.140575
0.140608
0.14064
0.140672
0.140704
0.140736
0.140767
0.140799
0.140835
0.140874
0.140859
0.140222
0.140247
0.140275
0.140304
0.14033
0.140355
0.140378
0.140398
0.140416
0.14043
0.140443
0.140453
0.140462
0.140468
0.140472
0.140471
0.140465
0.140459
0.140439
0.140398
0.140363
0.14034
0.140317
0.140291
0.14026
0.140221
0.140175
0.140124
0.140072
0.140025
0.139989
0.13997
0.139973
0.140005
0.140069
0.140171
0.140306
0.140507
0.140706
0.140199
0.140175
0.140139
0.140083
0.140001
0.139914
0.13999
0.140039
0.140057
0.140059
0.140057
0.14006
0.140075
0.140103
0.140139
0.140179
0.140224
0.140268
0.14031
0.140349
0.140386
0.140422
0.140459
0.140495
0.140531
0.140565
0.140599
0.140633
0.140666
0.140698
0.140729
0.140759
0.140788
0.140817
0.140845
0.140877
0.140909
0.140942
0.140939
0.140232
0.140258
0.140288
0.140318
0.140346
0.140372
0.140396
0.140417
0.140435
0.140451
0.140464
0.140475
0.140485
0.140492
0.140496
0.140497
0.140493
0.140488
0.140471
0.140433
0.140402
0.140382
0.140366
0.14035
0.140332
0.140309
0.140277
0.140238
0.140195
0.140152
0.140116
0.140092
0.140087
0.140107
0.140157
0.140245
0.140369
0.140561
0.140762
0.140208
0.140184
0.140149
0.140096
0.140015
0.139923
0.139995
0.140041
0.140056
0.140058
0.14006
0.140073
0.140105
0.140153
0.140211
0.140268
0.140322
0.140371
0.140414
0.140452
0.140488
0.140523
0.140557
0.14059
0.140624
0.140659
0.140694
0.140727
0.14076
0.140792
0.140822
0.140851
0.140879
0.140907
0.140933
0.140959
0.140984
0.141012
0.141027
0.140242
0.140269
0.140301
0.140333
0.140361
0.140389
0.140414
0.140436
0.140455
0.140471
0.140485
0.140497
0.140507
0.140515
0.14052
0.140522
0.14052
0.140517
0.140503
0.14047
0.140442
0.140422
0.140408
0.140397
0.140388
0.140376
0.140358
0.140333
0.140302
0.140268
0.140234
0.140208
0.140196
0.140206
0.140242
0.140314
0.140422
0.140597
0.140787
0.140216
0.140191
0.140156
0.140105
0.140027
0.139931
0.14
0.140041
0.140054
0.140058
0.14007
0.1401
0.140159
0.140234
0.140305
0.140367
0.140424
0.140471
0.140512
0.140549
0.140583
0.140616
0.140647
0.140679
0.140714
0.14075
0.140785
0.140819
0.140851
0.140882
0.140912
0.14094
0.140967
0.140994
0.141021
0.141047
0.14107
0.141093
0.141126
0.140251
0.140281
0.140314
0.140347
0.140377
0.140406
0.140432
0.140454
0.140474
0.140491
0.140506
0.140518
0.140529
0.140538
0.140544
0.140547
0.140546
0.140544
0.140536
0.140507
0.140481
0.140462
0.140448
0.140438
0.140432
0.140427
0.140419
0.140407
0.140388
0.140365
0.140339
0.140316
0.140301
0.140301
0.140325
0.140381
0.14047
0.140625
0.140799
0.140225
0.140198
0.140163
0.140113
0.140038
0.139939
0.140004
0.140041
0.140053
0.140061
0.140088
0.140149
0.140236
0.140325
0.1404
0.14046
0.140509
0.14055
0.140588
0.140623
0.140656
0.140689
0.140723
0.140758
0.140794
0.140828
0.140862
0.140895
0.140927
0.140958
0.140989
0.141019
0.141048
0.141078
0.141106
0.141134
0.141156
0.141182
0.141217
0.140261
0.140293
0.140328
0.140362
0.140393
0.140423
0.140449
0.140473
0.140493
0.140511
0.140526
0.140539
0.140551
0.14056
0.140567
0.140572
0.140572
0.14057
0.140566
0.140544
0.140519
0.140501
0.140487
0.140477
0.140471
0.140468
0.140465
0.140461
0.140454
0.140442
0.140426
0.140409
0.140396
0.140392
0.140405
0.140446
0.140517
0.14065
0.140805
0.140232
0.140204
0.140168
0.14012
0.140047
0.139946
0.140007
0.140041
0.140053
0.14007
0.140123
0.140217
0.140321
0.140408
0.140476
0.140532
0.140579
0.140621
0.140658
0.140693
0.140727
0.14076
0.140793
0.140828
0.140863
0.140898
0.140931
0.140963
0.140995
0.141026
0.141057
0.141087
0.141117
0.141147
0.141177
0.141207
0.141237
0.141268
0.141298
0.140271
0.140304
0.140341
0.140377
0.140409
0.140439
0.140467
0.140491
0.140512
0.140531
0.140547
0.14056
0.140572
0.140582
0.14059
0.140596
0.140598
0.140597
0.140594
0.140579
0.140554
0.140537
0.140525
0.140515
0.140509
0.140505
0.140503
0.140503
0.140502
0.140499
0.140493
0.140485
0.140477
0.140473
0.140481
0.14051
0.140564
0.140674
0.140808
0.14024
0.14021
0.140173
0.140125
0.140055
0.139952
0.140009
0.14004
0.140054
0.140087
0.140177
0.140294
0.140395
0.140477
0.140544
0.1406
0.140648
0.14069
0.140727
0.140762
0.140795
0.140827
0.14086
0.140895
0.14093
0.140964
0.140997
0.141029
0.141061
0.141092
0.141123
0.141153
0.141184
0.141214
0.141244
0.141275
0.141306
0.141338
0.141368
0.140281
0.140316
0.140354
0.140391
0.140424
0.140455
0.140484
0.140508
0.14053
0.14055
0.140566
0.140581
0.140594
0.140604
0.140613
0.14062
0.140623
0.140623
0.140621
0.140614
0.140592
0.140575
0.140563
0.140553
0.140545
0.140541
0.140538
0.140537
0.140539
0.14054
0.140542
0.140542
0.140541
0.140542
0.140548
0.14057
0.14061
0.1407
0.140812
0.140247
0.140215
0.140177
0.140129
0.140061
0.139958
0.140011
0.140039
0.140059
0.140118
0.14024
0.14036
0.140461
0.140544
0.140611
0.140668
0.140715
0.140757
0.140793
0.140827
0.14086
0.140892
0.140925
0.140959
0.140994
0.141028
0.141061
0.141094
0.141125
0.141157
0.141188
0.141218
0.141249
0.141279
0.141309
0.14134
0.141371
0.141404
0.141434
0.14029
0.140327
0.140366
0.140405
0.140438
0.14047
0.1405
0.140525
0.140548
0.140568
0.140586
0.140601
0.140615
0.140627
0.140636
0.140644
0.140648
0.14065
0.140648
0.140645
0.140628
0.140611
0.140599
0.140589
0.140581
0.140575
0.140571
0.140569
0.140569
0.140572
0.140576
0.140582
0.140587
0.140594
0.140603
0.140622
0.140654
0.140726
0.140818
0.140254
0.14022
0.14018
0.140132
0.140066
0.139964
0.140013
0.140038
0.140069
0.140163
0.140299
0.140422
0.140525
0.140609
0.140677
0.140733
0.14078
0.140821
0.140857
0.140891
0.140923
0.140955
0.140987
0.141021
0.141056
0.141091
0.141124
0.141157
0.141189
0.14122
0.141251
0.141281
0.141312
0.141342
0.141372
0.141402
0.141433
0.141465
0.141495
0.140299
0.140337
0.140378
0.140417
0.140452
0.140484
0.140514
0.140541
0.140565
0.140586
0.140605
0.140621
0.140636
0.140648
0.140659
0.140668
0.140673
0.140676
0.140676
0.140674
0.140667
0.140647
0.140634
0.140624
0.140616
0.14061
0.140604
0.1406
0.140598
0.140599
0.140603
0.14061
0.140619
0.14063
0.140644
0.140663
0.140691
0.140752
0.140825
0.140261
0.140224
0.140183
0.140134
0.140071
0.13997
0.140013
0.140038
0.140086
0.140215
0.140358
0.140484
0.140588
0.140672
0.14074
0.140796
0.140843
0.140883
0.140919
0.140953
0.140984
0.141016
0.141049
0.141083
0.141118
0.141152
0.141186
0.141218
0.14125
0.141281
0.141312
0.141342
0.141371
0.141401
0.14143
0.141459
0.141489
0.14152
0.141549
0.140307
0.140347
0.140388
0.140428
0.140464
0.140497
0.140528
0.140556
0.14058
0.140603
0.140622
0.14064
0.140655
0.140669
0.140681
0.140691
0.140698
0.140703
0.140704
0.140703
0.140699
0.140688
0.140673
0.140661
0.140652
0.140644
0.140638
0.140632
0.140627
0.140625
0.140627
0.140632
0.140641
0.140653
0.14067
0.140692
0.140719
0.140773
0.140833
0.140267
0.140229
0.140185
0.140136
0.140074
0.139975
0.140013
0.14004
0.140114
0.140262
0.140414
0.140544
0.14065
0.140734
0.140802
0.140857
0.140904
0.140944
0.14098
0.141013
0.141044
0.141076
0.141108
0.141143
0.141178
0.141212
0.141245
0.141277
0.141309
0.141339
0.141368
0.141397
0.141426
0.141454
0.141481
0.141509
0.141537
0.141566
0.141593
0.140315
0.140356
0.140398
0.140438
0.140474
0.140509
0.14054
0.140569
0.140595
0.140618
0.140639
0.140658
0.140674
0.140689
0.140703
0.140714
0.140722
0.140728
0.140732
0.140732
0.140729
0.140724
0.140708
0.140697
0.140688
0.14068
0.140672
0.140665
0.140658
0.140654
0.140651
0.140653
0.140658
0.140669
0.140685
0.140708
0.140736
0.140786
0.140838
0.140274
0.140233
0.140188
0.140137
0.140076
0.139981
0.140012
0.140044
0.14015
0.140312
0.140471
0.140603
0.14071
0.140794
0.140861
0.140916
0.140963
0.141003
0.141039
0.141071
0.141103
0.141134
0.141167
0.1412
0.141235
0.141269
0.141301
0.141332
0.141362
0.141391
0.141418
0.141445
0.141472
0.141497
0.141523
0.141548
0.141572
0.141598
0.141622
0.140322
0.140363
0.140406
0.140447
0.140484
0.140519
0.140551
0.140581
0.140608
0.140632
0.140654
0.140674
0.140692
0.140708
0.140723
0.140735
0.140745
0.140753
0.140758
0.140761
0.14076
0.140757
0.140749
0.140734
0.140724
0.140715
0.140707
0.140698
0.14069
0.140683
0.140678
0.140675
0.140676
0.140683
0.140695
0.140716
0.140743
0.14079
0.140837
0.14028
0.140238
0.14019
0.140138
0.140078
0.139987
0.140011
0.140051
0.140186
0.140362
0.140527
0.140661
0.140767
0.140852
0.140919
0.140974
0.14102
0.14106
0.141096
0.141128
0.141159
0.14119
0.141222
0.141255
0.141288
0.14132
0.14135
0.141379
0.141407
0.141433
0.141458
0.141483
0.141506
0.141528
0.14155
0.141571
0.141591
0.141611
0.141631
0.140329
0.140371
0.140414
0.140455
0.140492
0.140528
0.140561
0.140591
0.140619
0.140645
0.140668
0.140689
0.140708
0.140725
0.140741
0.140755
0.140767
0.140777
0.140784
0.140789
0.14079
0.140789
0.140785
0.140776
0.140762
0.140752
0.140742
0.140732
0.140723
0.140714
0.140706
0.1407
0.140697
0.140697
0.140704
0.140719
0.140742
0.140786
0.140829
0.140285
0.140242
0.140192
0.140138
0.140079
0.139993
0.140011
0.140063
0.140224
0.140413
0.140582
0.140718
0.140824
0.140908
0.140975
0.14103
0.141076
0.141115
0.14115
0.141182
0.141212
0.141242
0.141272
0.141303
0.141334
0.141363
0.141391
0.141416
0.14144
0.141463
0.141484
0.141504
0.141522
0.141539
0.141555
0.14157
0.141583
0.141594
0.141606
0.140335
0.140377
0.14042
0.140462
0.140499
0.140535
0.140569
0.1406
0.140629
0.140655
0.140679
0.140702
0.140722
0.140741
0.140758
0.140774
0.140787
0.140799
0.140808
0.140815
0.140819
0.14082
0.140818
0.140814
0.140805
0.140793
0.140781
0.140769
0.140758
0.140747
0.140737
0.140728
0.140721
0.140716
0.140716
0.140724
0.14074
0.140777
0.140815
0.140291
0.140245
0.140194
0.140138
0.140079
0.140001
0.140012
0.140081
0.140266
0.140465
0.140637
0.140772
0.140878
0.140962
0.141029
0.141083
0.141129
0.141167
0.1412
0.141231
0.141259
0.141286
0.141314
0.141341
0.141369
0.141394
0.141417
0.141438
0.141457
0.141474
0.141488
0.141501
0.141512
0.141521
0.141528
0.141532
0.141534
0.141532
0.141532
0.140339
0.140381
0.140425
0.140467
0.140504
0.140541
0.140576
0.140607
0.140637
0.140664
0.140689
0.140712
0.140734
0.140754
0.140772
0.140789
0.140805
0.140818
0.14083
0.140839
0.140846
0.140849
0.14085
0.140849
0.140844
0.140838
0.140828
0.140814
0.1408
0.140787
0.140774
0.140761
0.14075
0.140741
0.140735
0.140735
0.140742
0.140768
0.140798
0.140295
0.140248
0.140195
0.140137
0.140079
0.140008
0.140013
0.14011
0.14031
0.140515
0.140689
0.140825
0.140931
0.141014
0.14108
0.141133
0.141176
0.141213
0.141244
0.141271
0.141297
0.141321
0.141344
0.141367
0.141389
0.141408
0.141424
0.141437
0.141448
0.141456
0.141461
0.141464
0.141463
0.14146
0.141453
0.141443
0.141429
0.141408
0.141393
0.140343
0.140385
0.140428
0.14047
0.140508
0.140545
0.14058
0.140612
0.140642
0.14067
0.140695
0.140719
0.140742
0.140763
0.140783
0.140802
0.140819
0.140835
0.140849
0.14086
0.14087
0.140876
0.14088
0.140882
0.14088
0.140877
0.140872
0.140864
0.140852
0.140838
0.140821
0.140805
0.140789
0.140774
0.140762
0.140754
0.140752
0.140766
0.140784
0.140298
0.140251
0.140195
0.140136
0.140078
0.140014
0.140015
0.14014
0.140353
0.140565
0.14074
0.140876
0.140981
0.141063
0.141127
0.141177
0.141217
0.14125
0.141277
0.1413
0.141321
0.14134
0.141358
0.141374
0.141387
0.141396
0.141402
0.141404
0.141403
0.141397
0.141388
0.141376
0.141359
0.141339
0.141316
0.141288
0.141255
0.141214
0.141182
0.140345
0.140387
0.14043
0.140472
0.14051
0.140547
0.140582
0.140614
0.140644
0.140672
0.140698
0.140723
0.140747
0.140769
0.14079
0.140811
0.14083
0.140848
0.140864
0.140878
0.140891
0.1409
0.140907
0.140912
0.140914
0.140914
0.140912
0.140908
0.140901
0.140892
0.140879
0.140862
0.140842
0.140822
0.140803
0.140787
0.140775
0.140776
0.140779
0.1403
0.140253
0.140196
0.140135
0.140077
0.140016
0.140017
0.140167
0.140396
0.140612
0.140788
0.140924
0.141027
0.141106
0.141166
0.141211
0.141246
0.141274
0.141295
0.141313
0.141327
0.141339
0.141348
0.141353
0.141353
0.141349
0.14134
0.141325
0.141306
0.141283
0.141256
0.141224
0.14119
0.141152
0.141111
0.141067
0.141019
0.140967
0.140926
0.140345
0.140387
0.14043
0.140471
0.140509
0.140546
0.14058
0.140612
0.140642
0.14067
0.140697
0.140722
0.140746
0.140769
0.140792
0.140814
0.140835
0.140854
0.140873
0.140891
0.140906
0.14092
0.14093
0.140938
0.140944
0.140947
0.140948
0.140948
0.140946
0.140941
0.140933
0.140923
0.140907
0.140887
0.140862
0.140838
0.140815
0.140804
0.140791
0.140301
0.140253
0.140196
0.140134
0.140075
0.140016
0.140019
0.140195
0.140438
0.140657
0.140834
0.140968
0.141068
0.141141
0.141194
0.141233
0.14126
0.14128
0.141293
0.141302
0.141307
0.141308
0.141304
0.141294
0.141276
0.141252
0.141223
0.141188
0.141148
0.141105
0.141059
0.141012
0.140963
0.140915
0.140867
0.140821
0.140777
0.140737
0.140709
0.140344
0.140385
0.140427
0.140468
0.140505
0.140541
0.140575
0.140606
0.140636
0.140663
0.14069
0.140715
0.140739
0.140763
0.140786
0.140809
0.140832
0.140854
0.140875
0.140895
0.140914
0.140931
0.140946
0.140958
0.140967
0.140974
0.14098
0.140983
0.140985
0.140984
0.140981
0.140976
0.140967
0.140953
0.140933
0.140904
0.140875
0.140852
0.140824
0.1403
0.140254
0.140196
0.140132
0.140074
0.140016
0.140022
0.140225
0.140477
0.140699
0.140876
0.141006
0.1411
0.141165
0.141208
0.141236
0.141252
0.14126
0.141262
0.141259
0.141251
0.141236
0.141215
0.141184
0.141144
0.141097
0.141045
0.140991
0.140935
0.140879
0.140826
0.140777
0.140734
0.140697
0.140669
0.140652
0.140646
0.140658
0.140682
0.140341
0.140381
0.140422
0.140462
0.140498
0.140533
0.140565
0.140596
0.140624
0.140651
0.140677
0.140701
0.140726
0.14075
0.140774
0.140797
0.140821
0.140845
0.140868
0.140891
0.140914
0.140935
0.140954
0.140971
0.140985
0.140996
0.141006
0.141015
0.141021
0.141025
0.141027
0.141026
0.141023
0.141016
0.141003
0.140983
0.140955
0.14092
0.140882
0.140298
0.140252
0.140195
0.14013
0.140071
0.140015
0.140027
0.140256
0.140514
0.140739
0.140913
0.141037
0.14112
0.141173
0.141202
0.141214
0.141215
0.141207
0.141193
0.141173
0.141146
0.141113
0.14107
0.141016
0.140953
0.140887
0.140822
0.140761
0.140708
0.140665
0.140633
0.140617
0.140614
0.140628
0.140659
0.140709
0.140778
0.140869
0.140957
0.140336
0.140375
0.140416
0.140454
0.140489
0.140522
0.140552
0.14058
0.140605
0.140631
0.140656
0.140681
0.140706
0.140732
0.140757
0.140783
0.140808
0.140833
0.140858
0.140883
0.140908
0.140932
0.140955
0.140975
0.140993
0.14101
0.141025
0.141038
0.141049
0.141058
0.141065
0.14107
0.141071
0.14107
0.141064
0.141052
0.141031
0.140995
0.140957
0.140295
0.14025
0.140193
0.140128
0.140069
0.140015
0.140037
0.140291
0.140549
0.140774
0.140943
0.141057
0.141126
0.141162
0.141174
0.141168
0.141151
0.141126
0.141094
0.141057
0.141013
0.140963
0.140903
0.140834
0.140762
0.140695
0.14064
0.140601
0.140582
0.140582
0.140606
0.140652
0.140716
0.140795
0.140888
0.140992
0.141108
0.141242
0.141363
0.140331
0.140369
0.140408
0.140445
0.140477
0.140507
0.140534
0.140559
0.140579
0.1406
0.140624
0.14065
0.140678
0.140707
0.140735
0.140764
0.140792
0.14082
0.140848
0.140875
0.140901
0.140925
0.140949
0.140971
0.140991
0.141011
0.141029
0.141046
0.141062
0.141077
0.141089
0.141099
0.141106
0.14111
0.141109
0.141104
0.141092
0.141064
0.141031
0.140291
0.140247
0.140191
0.140125
0.140066
0.140015
0.140049
0.140319
0.140582
0.140806
0.140964
0.141063
0.141115
0.141132
0.141123
0.141098
0.141061
0.141019
0.140972
0.140921
0.140866
0.140808
0.140744
0.140679
0.140621
0.140583
0.140569
0.140583
0.140624
0.140688
0.140771
0.140867
0.140972
0.141084
0.141202
0.141326
0.141457
0.141602
0.141732
0.140324
0.140361
0.140398
0.140433
0.140462
0.140489
0.140512
0.14053
0.140546
0.140557
0.14058
0.140608
0.14064
0.140671
0.140703
0.140735
0.140766
0.140798
0.140829
0.14086
0.140889
0.140917
0.140943
0.140966
0.140987
0.141007
0.141026
0.141046
0.141065
0.141084
0.141101
0.141117
0.14113
0.141141
0.141148
0.141149
0.141145
0.141128
0.141106
0.140286
0.140243
0.140188
0.140123
0.140064
0.140015
0.140068
0.140346
0.140612
0.140832
0.140976
0.141055
0.141083
0.141074
0.14104
0.140991
0.140935
0.140876
0.140817
0.14076
0.140704
0.140651
0.140602
0.140566
0.140556
0.140579
0.140634
0.140714
0.140813
0.140924
0.141042
0.141164
0.141288
0.141412
0.141538
0.141666
0.141799
0.14194
0.142067
0.140315
0.14035
0.140385
0.140417
0.140443
0.140464
0.140482
0.140494
0.140504
0.140503
0.140525
0.140556
0.140591
0.140627
0.140662
0.140697
0.140731
0.140766
0.140801
0.140835
0.140869
0.140901
0.140931
0.140957
0.14098
0.141002
0.141022
0.141043
0.141064
0.141084
0.141104
0.141124
0.141143
0.14116
0.141174
0.141184
0.14119
0.141184
0.141175
0.140278
0.140237
0.140183
0.140119
0.14006
0.140017
0.140082
0.140369
0.140638
0.140849
0.140973
0.141025
0.141021
0.140979
0.140916
0.140845
0.140775
0.140709
0.140652
0.140604
0.140567
0.140545
0.14054
0.14057
0.140637
0.140732
0.140846
0.14097
0.141101
0.141232
0.141362
0.14149
0.141614
0.141734
0.141853
0.14197
0.142089
0.142212
0.142324
0.140304
0.140336
0.140369
0.140396
0.140418
0.140434
0.140446
0.14045
0.140454
0.14044
0.14046
0.140494
0.140533
0.140572
0.140611
0.140649
0.140687
0.140725
0.140763
0.140801
0.140838
0.140875
0.140909
0.140939
0.140966
0.140991
0.141015
0.141038
0.14106
0.141082
0.141104
0.141126
0.141147
0.141168
0.141188
0.141206
0.141221
0.141227
0.141231
0.140268
0.140229
0.140178
0.140115
0.140057
0.14002
0.140095
0.140388
0.140655
0.140853
0.140949
0.140963
0.140919
0.140843
0.140757
0.140675
0.140609
0.14056
0.140531
0.140521
0.140533
0.140571
0.140639
0.140739
0.140864
0.141
0.14114
0.141278
0.141412
0.14154
0.141661
0.141776
0.141884
0.141986
0.142084
0.142178
0.142271
0.142362
0.142444
0.140289
0.140319
0.140347
0.140371
0.140387
0.140397
0.140402
0.140399
0.140396
0.140368
0.140387
0.140423
0.140466
0.140509
0.140551
0.140592
0.140634
0.140675
0.140716
0.140757
0.140797
0.140837
0.140875
0.140909
0.140941
0.14097
0.140998
0.141025
0.141051
0.141076
0.141101
0.141125
0.141148
0.141172
0.141195
0.141218
0.14124
0.141256
0.141273
0.140256
0.140219
0.14017
0.14011
0.140053
0.140026
0.140106
0.1404
0.140662
0.140837
0.140894
0.14086
0.140775
0.140674
0.140587
0.140527
0.140501
0.140504
0.140537
0.140594
0.140669
0.140763
0.140877
0.14101
0.141154
0.141296
0.14143
0.141555
0.141671
0.141777
0.141873
0.141961
0.142041
0.142113
0.142179
0.142238
0.142292
0.142338
0.142378
0.14027
0.140297
0.140321
0.14034
0.14035
0.140354
0.140352
0.140342
0.140332
0.140293
0.14031
0.140347
0.140393
0.140438
0.140483
0.140527
0.140571
0.140615
0.140659
0.140703
0.140747
0.140789
0.14083
0.140868
0.140902
0.140934
0.140966
0.140998
0.141029
0.141059
0.141088
0.141116
0.141143
0.141171
0.141197
0.141224
0.141251
0.141274
0.141301
0.14024
0.140206
0.140161
0.140103
0.140048
0.14003
0.140115
0.140403
0.140653
0.140794
0.140797
0.140712
0.140603
0.140513
0.140473
0.140484
0.14054
0.140622
0.140717
0.140818
0.140925
0.141036
0.141157
0.141285
0.141413
0.141531
0.141636
0.141729
0.141811
0.141882
0.141942
0.141993
0.142035
0.142068
0.142092
0.142107
0.142114
0.142106
0.142096
0.140247
0.14027
0.14029
0.140302
0.140307
0.140305
0.140297
0.14028
0.140264
0.140218
0.140233
0.14027
0.140316
0.140363
0.140409
0.140455
0.140501
0.140547
0.140593
0.140639
0.140686
0.140731
0.140774
0.140814
0.140851
0.140886
0.140921
0.140955
0.14099
0.141024
0.141058
0.141091
0.141124
0.141156
0.141188
0.141219
0.141251
0.141281
0.141315
0.14022
0.140189
0.140148
0.140095
0.140043
0.140031
0.140119
0.140394
0.140623
0.140713
0.140653
0.140538
0.140454
0.140439
0.140505
0.140615
0.140738
0.140858
0.140971
0.141076
0.141175
0.141271
0.141367
0.141463
0.141552
0.141629
0.141693
0.141744
0.141783
0.141812
0.141829
0.141836
0.141833
0.141821
0.1418
0.14177
0.14173
0.141674
0.14162
0.140218
0.140237
0.140251
0.140259
0.140258
0.140251
0.140238
0.140217
0.140196
0.140148
0.14016
0.140195
0.140239
0.140285
0.140331
0.140377
0.140424
0.140471
0.140519
0.140567
0.140614
0.140661
0.140707
0.140749
0.140788
0.140825
0.140861
0.140898
0.140936
0.140973
0.14101
0.141047
0.141085
0.141123
0.141161
0.1412
0.141239
0.141278
0.141321
0.140196
0.140169
0.140133
0.140086
0.140037
0.14003
0.140118
0.14037
0.140565
0.140585
0.140478
0.140393
0.140414
0.140532
0.140684
0.140833
0.140963
0.141071
0.141162
0.141239
0.141306
0.141367
0.141424
0.141476
0.141518
0.141549
0.141566
0.141571
0.141565
0.141547
0.141519
0.141483
0.14144
0.141389
0.141333
0.141271
0.141202
0.141122
0.141049
0.140184
0.140198
0.140207
0.140209
0.140204
0.140193
0.140177
0.140155
0.140132
0.140089
0.140097
0.140127
0.140167
0.140209
0.140253
0.140298
0.140344
0.140391
0.140439
0.140488
0.140537
0.140585
0.140631
0.140675
0.140714
0.140752
0.140789
0.140827
0.140866
0.140903
0.140941
0.14098
0.141019
0.141059
0.1411
0.141143
0.141187
0.141234
0.141284
0.140165
0.140143
0.140113
0.140073
0.140031
0.140028
0.140111
0.140327
0.140468
0.140416
0.140325
0.140366
0.140522
0.140702
0.140858
0.140978
0.141068
0.141134
0.141184
0.141222
0.141251
0.141274
0.141291
0.1413
0.141297
0.141281
0.141254
0.141215
0.141168
0.141114
0.141054
0.140992
0.140928
0.140864
0.140799
0.140733
0.140665
0.140592
0.140528
0.140142
0.140151
0.140155
0.140153
0.140147
0.140134
0.140118
0.140098
0.140077
0.140043
0.140048
0.140071
0.140103
0.140139
0.140177
0.140217
0.140259
0.140303
0.140348
0.140396
0.140444
0.140492
0.14054
0.140585
0.140627
0.140668
0.140708
0.140749
0.140793
0.140833
0.140875
0.140918
0.140962
0.141006
0.141052
0.141101
0.141152
0.141207
0.141267
0.140128
0.140112
0.140089
0.140058
0.140024
0.140024
0.140095
0.14026
0.140327
0.140243
0.140275
0.140449
0.140635
0.140778
0.140872
0.140932
0.140969
0.14099
0.141002
0.141006
0.141005
0.140997
0.140981
0.140953
0.140912
0.14086
0.140802
0.140741
0.140678
0.140616
0.140556
0.140499
0.140446
0.140396
0.140349
0.140304
0.140259
0.140215
0.140178
0.140092
0.140096
0.140097
0.140094
0.140087
0.140077
0.140064
0.140049
0.140034
0.140014
0.140017
0.140031
0.140056
0.140086
0.14012
0.140158
0.140197
0.140239
0.140282
0.140326
0.140369
0.140412
0.140453
0.140491
0.140526
0.140559
0.140591
0.140623
0.140658
0.140691
0.140727
0.140765
0.140806
0.140848
0.140893
0.140942
0.140995
0.141054
0.141115
0.140084
0.140073
0.140058
0.140038
0.140015
0.140017
0.140068
0.140166
0.140156
0.140138
0.140303
0.140469
0.140576
0.140633
0.140659
0.140668
0.140668
0.140662
0.140651
0.140636
0.140615
0.140587
0.14055
0.140503
0.140449
0.140394
0.140343
0.140296
0.140254
0.140217
0.140185
0.140156
0.14013
0.140106
0.140085
0.140068
0.140052
0.140041
0.140039
0.140032
0.140034
0.140033
0.140031
0.140028
0.140024
0.140018
0.140013
0.140007
0.140001
0.14
0.140004
0.140012
0.140024
0.140039
0.140059
0.140083
0.140112
0.140144
0.14018
0.140218
0.140259
0.140299
0.140338
0.140375
0.140412
0.140449
0.140487
0.140524
0.140566
0.140607
0.140649
0.140694
0.14074
0.140789
0.140842
0.140899
0.140967
0.141031
0.14003
0.140026
0.140021
0.140014
0.140005
0.140007
0.140026
0.140053
0.140014
0.140106
0.140199
0.140243
0.140256
0.140257
0.140253
0.140247
0.140238
0.140226
0.140212
0.140195
0.140175
0.140153
0.140128
0.140102
0.140079
0.140061
0.140048
0.140038
0.14003
0.140024
0.140017
0.140011
0.140003
0.140001
0.140002
0.140008
0.140016
0.140025
0.140032
0.0610621
0.0618311
0.0689506
0.081388
0.0937467
0.126581
0.224784
0.390825
0.584703
0.774702
0.945271
1.09092
1.21266
1.31201
1.38952
1.44438
1.47472
1.4778
1.4502
1.38783
1.28537
1.13759
0.950269
0.763833
0.651789
0.655155
0.749124
0.884404
1.03155
1.17516
1.30251
1.39911
1.45173
1.44882
1.37919
1.2344
1.01324
0.738381
0.47642
0.294901
0.201949
0.161595
0.146457
0.141774
0.14077
0.140776
0.140917
0.141004
0.141037
0.14104
0.141028
0.141009
0.140988
0.140967
0.140948
0.140934
0.140922
0.140912
0.140899
0.140882
0.140859
0.140833
0.140808
0.140791
0.140791
0.140811
0.140857
0.140931
0.141011
0.141095
0.141172
0.141239
0.14129
0.141326
0.141346
0.141356
0.141325
0.141313
0.141152
0.141074
0.0638544
0.0667523
0.0752144
0.0840334
0.0917604
0.0987307
0.104877
0.110216
0.114786
0.118646
0.121871
0.124544
0.126746
0.128555
0.130037
0.131252
0.132247
0.133071
0.133773
0.134401
0.134995
0.135558
0.136064
0.136518
0.136947
0.137359
0.137749
0.138108
0.138429
0.138711
0.138963
0.139196
0.139406
0.139591
0.13975
0.139891
0.140018
0.140135
0.140243
0.140346
0.140445
0.140531
0.14061
0.140686
0.140759
0.140836
0.140921
0.141011
0.141104
0.141194
0.141275
0.141349
0.141416
0.141479
0.141537
0.141587
0.141627
0.141651
0.14165
0.141612
0.141521
0.141361
0.141131
0.140873
0.140688
0.140726
0.141064
0.141492
0.141858
0.14218
0.142412
0.142498
0.14239
0.142067
0.141564
0.140986
0.14048
0.140154
0.14004
0.140035
0.0961859
0.0921791
0.0872343
0.0821618
0.0770222
0.06903
0.060352
0.0751326
0.146219
0.279518
0.456695
0.654309
0.850275
1.03
1.18527
1.31047
1.40271
1.46083
1.48446
1.47342
1.42717
1.34412
1.22126
1.04789
0.81974
0.630046
0.578103
0.627375
0.71123
0.798922
0.876164
0.932167
0.959472
0.950247
0.89765
0.799311
0.660603
0.498145
0.346316
0.23958
0.182216
0.155836
0.145347
0.141903
0.141112
0.141113
0.141221
0.141282
0.141292
0.141274
0.141241
0.141201
0.141158
0.141116
0.141076
0.141041
0.141011
0.140984
0.140959
0.140931
0.1409
0.140865
0.140832
0.140805
0.140794
0.140804
0.140839
0.140914
0.140998
0.141087
0.141171
0.141246
0.141304
0.141346
0.141371
0.141384
0.141355
0.141346
0.141177
0.141104
0.100151
0.10539
0.109727
0.113421
0.116714
0.119621
0.122161
0.124367
0.126267
0.127888
0.129287
0.130491
0.131514
0.132384
0.133123
0.133748
0.134282
0.134754
0.135193
0.135613
0.136021
0.136407
0.136765
0.137097
0.137413
0.137719
0.138014
0.138294
0.138555
0.138794
0.139016
0.139224
0.139417
0.139595
0.139757
0.139905
0.140042
0.140166
0.140279
0.140384
0.140482
0.140572
0.140658
0.140743
0.140827
0.140913
0.141002
0.141091
0.141176
0.141256
0.141329
0.141398
0.141462
0.141522
0.141576
0.141622
0.141657
0.141673
0.141663
0.141612
0.141503
0.141323
0.141079
0.140826
0.140679
0.140782
0.141169
0.141608
0.141966
0.142271
0.142478
0.142532
0.14239
0.142036
0.141514
0.140936
0.140444
0.140138
0.140042
0.140036
0.118482
0.116215
0.113817
0.112055
0.109326
0.0972378
0.0770802
0.0891969
0.177573
0.337048
0.534638
0.74042
0.935091
1.10789
1.25348
1.36962
1.45539
1.51027
1.5337
1.52461
1.48182
1.40417
1.29056
1.14164
0.953171
0.726491
0.555317
0.510624
0.537341
0.579097
0.614971
0.638285
0.644982
0.63038
0.591213
0.527541
0.444521
0.351986
0.266334
0.204474
0.169254
0.152012
0.144719
0.142151
0.141497
0.141481
0.141556
0.14159
0.141577
0.141537
0.141483
0.141421
0.141356
0.141291
0.141229
0.141171
0.14112
0.141074
0.141032
0.140991
0.140948
0.140904
0.140861
0.140824
0.140802
0.140801
0.140825
0.140895
0.140981
0.141076
0.141168
0.141251
0.141317
0.141366
0.141396
0.141413
0.141387
0.141381
0.141205
0.141136
0.120987
0.123374
0.1253
0.126978
0.128448
0.12972
0.13081
0.131743
0.132543
0.133234
0.133835
0.134355
0.134802
0.135188
0.135524
0.135819
0.136084
0.136331
0.136574
0.136819
0.137065
0.137307
0.137544
0.137774
0.137997
0.138218
0.138436
0.138647
0.138849
0.13904
0.139223
0.139398
0.139564
0.13972
0.139866
0.140002
0.140128
0.140246
0.140355
0.140458
0.140556
0.14065
0.14074
0.140829
0.140916
0.141002
0.141086
0.141167
0.141244
0.141316
0.141383
0.141448
0.141508
0.141565
0.141615
0.141657
0.141685
0.141694
0.141672
0.141605
0.141475
0.141275
0.14102
0.140781
0.140683
0.140858
0.141288
0.141732
0.142079
0.142364
0.142543
0.142563
0.142383
0.141997
0.141458
0.140883
0.140408
0.140123
0.140046
0.140039
0.128311
0.126986
0.12545
0.122155
0.118551
0.132474
0.192331
0.307012
0.462669
0.639496
0.819806
0.991651
1.14769
1.28357
1.39671
1.48547
1.54864
1.58518
1.59411
1.57451
1.52543
1.44595
1.3351
1.19209
1.0169
0.808342
0.597473
0.469692
0.441088
0.449815
0.462329
0.468902
0.465711
0.450273
0.421286
0.379418
0.328168
0.273082
0.222261
0.184449
0.161694
0.149876
0.144558
0.142523
0.141937
0.141888
0.141928
0.141934
0.141897
0.141834
0.141756
0.141671
0.141583
0.141494
0.141408
0.141327
0.141253
0.141187
0.141126
0.141068
0.141011
0.140954
0.140898
0.140849
0.140815
0.140801
0.140814
0.140874
0.140961
0.141062
0.141161
0.141252
0.141328
0.141385
0.14142
0.141441
0.141418
0.141416
0.141236
0.14117
0.129945
0.131329
0.132482
0.133453
0.134259
0.13492
0.135461
0.135904
0.136268
0.136567
0.136815
0.137021
0.13719
0.13733
0.137448
0.13755
0.137644
0.137739
0.137841
0.137952
0.138071
0.138197
0.138328
0.138464
0.138605
0.138751
0.138901
0.139051
0.1392
0.139347
0.139491
0.139631
0.139768
0.139899
0.140024
0.140144
0.140258
0.140366
0.140469
0.140567
0.140662
0.140753
0.140842
0.140927
0.141009
0.141088
0.141165
0.141237
0.141306
0.141373
0.141436
0.141497
0.141554
0.141607
0.141653
0.14169
0.141712
0.141711
0.141676
0.14159
0.141438
0.141217
0.140957
0.140741
0.140704
0.140955
0.14142
0.141864
0.142196
0.142458
0.142606
0.142587
0.142368
0.14195
0.141397
0.140828
0.140371
0.140109
0.14005
0.140044
0.133542
0.132331
0.130677
0.131323
0.151393
0.216682
0.330611
0.475855
0.635477
0.79793
0.955606
1.10349
1.23801
1.35642
1.45646
1.53616
1.59372
1.62749
1.63593
1.61769
1.57155
1.49655
1.39194
1.25735
1.093
0.899984
0.686868
0.498405
0.402736
0.380144
0.378117
0.376211
0.368834
0.354264
0.331954
0.302489
0.268077
0.232056
0.198908
0.173613
0.15766
0.148929
0.144741
0.142989
0.142423
0.142327
0.142329
0.142307
0.142245
0.142158
0.142056
0.141946
0.141832
0.141718
0.141607
0.141501
0.141403
0.141314
0.141234
0.14116
0.14109
0.14102
0.14095
0.140886
0.140836
0.140807
0.140807
0.140851
0.140936
0.141042
0.141149
0.141249
0.141335
0.141401
0.141443
0.141469
0.141449
0.141451
0.141271
0.141206
0.134826
0.135839
0.136645
0.137275
0.137756
0.138115
0.138377
0.138565
0.138697
0.138785
0.138842
0.138874
0.138889
0.13889
0.138884
0.138874
0.138866
0.138865
0.138875
0.138896
0.13893
0.138976
0.139033
0.139101
0.13918
0.139268
0.139364
0.139465
0.13957
0.139678
0.139786
0.139896
0.140004
0.140111
0.140216
0.140319
0.140418
0.140514
0.140606
0.140696
0.140783
0.140867
0.140947
0.141024
0.141098
0.141169
0.141237
0.141302
0.141366
0.141428
0.141488
0.141545
0.141599
0.141648
0.14169
0.141721
0.141735
0.141723
0.141672
0.141566
0.14139
0.141151
0.140892
0.140713
0.14075
0.141071
0.141563
0.142002
0.142315
0.142551
0.142663
0.142604
0.142345
0.141897
0.141332
0.140772
0.140335
0.140097
0.140057
0.140051
0.137653
0.136712
0.135979
0.138775
0.15881
0.216895
0.317744
0.447764
0.59244
0.741885
0.890125
1.03306
1.16737
1.29007
1.39834
1.48947
1.56088
1.61015
1.63507
1.63367
1.60431
1.54568
1.45683
1.33725
1.18707
1.00692
0.800568
0.587912
0.421036
0.351301
0.333742
0.32602
0.317042
0.303743
0.285454
0.262736
0.237159
0.210948
0.186924
0.168222
0.155938
0.148846
0.145255
0.143642
0.143031
0.142865
0.142819
0.142764
0.142675
0.142559
0.142428
0.142289
0.142145
0.142
0.141858
0.141721
0.14159
0.141469
0.141359
0.14126
0.14117
0.141088
0.141009
0.140935
0.140871
0.140825
0.140807
0.140831
0.140904
0.141014
0.141131
0.141242
0.141338
0.141413
0.141464
0.141496
0.14148
0.141487
0.141308
0.141246
0.138618
0.139324
0.139828
0.140172
0.14039
0.14051
0.140558
0.140553
0.140512
0.140447
0.140368
0.14028
0.140188
0.140097
0.140008
0.139924
0.139848
0.139783
0.139731
0.139692
0.139668
0.139658
0.139663
0.139681
0.139713
0.139756
0.139809
0.13987
0.139939
0.140013
0.140091
0.140172
0.140256
0.14034
0.140424
0.140509
0.140592
0.140673
0.140752
0.14083
0.140905
0.140978
0.141048
0.141115
0.14118
0.141243
0.141304
0.141365
0.141424
0.141482
0.141539
0.141593
0.141644
0.141688
0.141725
0.141749
0.141754
0.14173
0.14166
0.141531
0.141332
0.141078
0.140831
0.140704
0.140823
0.141206
0.141716
0.142144
0.142435
0.142641
0.142715
0.142613
0.142313
0.141836
0.141263
0.140714
0.1403
0.140085
0.140065
0.14006
0.141604
0.141004
0.140449
0.140976
0.146749
0.168246
0.218772
0.303235
0.415271
0.544387
0.68201
0.822375
0.961287
1.09514
1.22045
1.3337
1.43134
1.50989
1.56602
1.59669
1.59929
1.57172
1.51243
1.4205
1.29569
1.13863
0.951515
0.742936
0.53343
0.377898
0.317231
0.30109
0.289691
0.276689
0.26106
0.242437
0.221713
0.200611
0.181246
0.1658
0.155386
0.149236
0.145998
0.144438
0.143768
0.14353
0.143431
0.143336
0.143213
0.143066
0.142903
0.142732
0.142557
0.142383
0.142211
0.142041
0.141875
0.141718
0.141571
0.141433
0.141302
0.141181
0.141073
0.140981
0.140906
0.140848
0.140816
0.140821
0.140875
0.14098
0.141106
0.141227
0.141335
0.141422
0.141483
0.141521
0.141511
0.141523
0.141347
0.141288
0.142138
0.142453
0.142605
0.14264
0.142591
0.14248
0.14233
0.142156
0.141969
0.14178
0.141592
0.14141
0.141237
0.141074
0.140923
0.140783
0.140657
0.140546
0.140449
0.140368
0.140302
0.140253
0.140219
0.1402
0.140194
0.140202
0.140222
0.140251
0.140289
0.140335
0.140387
0.140443
0.140503
0.140566
0.140631
0.140697
0.140763
0.140829
0.140894
0.140958
0.14102
0.141081
0.141141
0.141199
0.141256
0.141313
0.141369
0.141425
0.141481
0.141536
0.141589
0.14164
0.141687
0.141727
0.141758
0.141775
0.141769
0.141729
0.141638
0.141483
0.141261
0.141001
0.140777
0.140712
0.140924
0.141359
0.141878
0.142289
0.142555
0.142727
0.142759
0.142612
0.14227
0.141768
0.14119
0.140655
0.140265
0.140078
0.140076
0.140071
0.144835
0.144534
0.144051
0.14343
0.143058
0.145022
0.155008
0.181906
0.233799
0.313336
0.416561
0.536504
0.666588
0.801555
0.937032
1.06892
1.19304
1.30496
1.4001
1.47386
1.52188
1.5403
1.526
1.4768
1.39154
1.27024
1.11419
0.927272
0.721439
0.514736
0.358416
0.293969
0.278088
0.265732
0.250066
0.232756
0.214426
0.196036
0.179091
0.165331
0.155787
0.149932
0.146701
0.145049
0.144263
0.143939
0.143805
0.143704
0.143576
0.143411
0.143227
0.143036
0.14285
0.142663
0.142469
0.14228
0.142108
0.141952
0.141806
0.141664
0.141523
0.141377
0.141226
0.141081
0.14096
0.140873
0.140824
0.140815
0.140852
0.140943
0.141072
0.141205
0.141326
0.141426
0.141498
0.141545
0.14154
0.14156
0.141388
0.141335
0.145008
0.144983
0.144832
0.144605
0.144331
0.144032
0.143724
0.143419
0.143122
0.142839
0.142572
0.142322
0.14209
0.141874
0.141676
0.141495
0.141331
0.141184
0.141054
0.140941
0.140845
0.140766
0.140703
0.140655
0.140622
0.140602
0.140594
0.140598
0.140611
0.140632
0.140661
0.140696
0.140735
0.140779
0.140825
0.140874
0.140924
0.140974
0.141025
0.141076
0.141127
0.141178
0.141228
0.141278
0.141329
0.14138
0.141432
0.141485
0.141537
0.141589
0.141639
0.141686
0.141729
0.141764
0.141789
0.141797
0.141778
0.141719
0.141604
0.141422
0.141181
0.140921
0.140738
0.140756
0.141053
0.141529
0.142046
0.142435
0.142672
0.142807
0.142794
0.142598
0.142217
0.141692
0.141113
0.140595
0.140232
0.140074
0.14009
0.140084
0.146312
0.146219
0.145992
0.145543
0.144683
0.143268
0.141863
0.142822
0.150929
0.172756
0.214529
0.279754
0.367706
0.474525
0.59514
0.724524
0.85791
0.990553
1.11741
1.23298
1.33132
1.40633
1.45209
1.46345
1.4364
1.36865
1.25979
1.11168
0.929952
0.727992
0.521011
0.355202
0.274701
0.254347
0.244718
0.22972
0.211594
0.194049
0.178825
0.166771
0.158212
0.152665
0.149234
0.147079
0.145779
0.145065
0.144667
0.144399
0.144158
0.143925
0.143688
0.14344
0.143177
0.142902
0.142634
0.1424
0.142189
0.141988
0.141809
0.141667
0.141561
0.141475
0.141381
0.141258
0.14111
0.140964
0.140859
0.140813
0.140827
0.140902
0.141028
0.141175
0.141311
0.141425
0.141509
0.141567
0.141569
0.141596
0.14143
0.141384
0.146382
0.14627
0.146043
0.145744
0.145401
0.145037
0.144667
0.144304
0.143955
0.143624
0.143314
0.143025
0.142758
0.142511
0.142284
0.142076
0.141886
0.141715
0.141562
0.141426
0.141307
0.141206
0.14112
0.14105
0.140995
0.140953
0.140924
0.140906
0.140899
0.1409
0.140909
0.140925
0.140946
0.140972
0.141002
0.141035
0.14107
0.141107
0.141146
0.141185
0.141226
0.141267
0.14131
0.141354
0.1414
0.141446
0.141495
0.141544
0.141593
0.141642
0.141688
0.141732
0.14177
0.1418
0.141816
0.141813
0.141778
0.141697
0.141555
0.141347
0.141091
0.140847
0.140723
0.140837
0.141209
0.141713
0.14222
0.142582
0.142785
0.142878
0.142816
0.142572
0.142153
0.141608
0.141033
0.140536
0.140201
0.140075
0.140108
0.140098
0.145911
0.145908
0.145893
0.145816
0.145582
0.144985
0.143725
0.141644
0.139247
0.138317
0.142282
0.155966
0.184525
0.232229
0.300918
0.389802
0.49608
0.615816
0.744471
0.876981
1.0076
1.12969
1.23578
1.31775
1.36747
1.37761
1.34259
1.25962
1.12963
0.9589
0.76216
0.555045
0.375162
0.267228
0.229549
0.219847
0.209407
0.193988
0.178083
0.165447
0.157223
0.152598
0.150089
0.148803
0.148088
0.147529
0.147098
0.146704
0.146299
0.145884
0.145481
0.145093
0.14468
0.144238
0.143857
0.14351
0.143098
0.142645
0.14224
0.141887
0.141585
0.141365
0.141244
0.1412
0.141167
0.141088
0.140972
0.140879
0.140839
0.14087
0.140975
0.14113
0.141285
0.141417
0.141516
0.141587
0.141597
0.141633
0.141474
0.141438
0.146055
0.146073
0.145997
0.145844
0.145628
0.145365
0.14507
0.144756
0.144437
0.144121
0.143814
0.143522
0.143247
0.14299
0.142751
0.142531
0.142329
0.142145
0.141979
0.141829
0.141696
0.141579
0.141477
0.141391
0.141319
0.14126
0.141214
0.141179
0.141154
0.141139
0.141131
0.14113
0.141136
0.141147
0.141163
0.141182
0.141204
0.141229
0.141257
0.141287
0.141319
0.141353
0.141389
0.141428
0.141469
0.141512
0.141557
0.141603
0.141649
0.141694
0.141737
0.141776
0.141809
0.141832
0.141839
0.141822
0.141768
0.141661
0.14149
0.141258
0.140998
0.140786
0.140739
0.140956
0.14139
0.141909
0.142397
0.142725
0.14289
0.142937
0.142823
0.142532
0.142076
0.141517
0.14095
0.140476
0.140174
0.14008
0.14013
0.140113
0.144747
0.144839
0.144961
0.145091
0.145213
0.145279
0.145165
0.144636
0.143384
0.141211
0.13836
0.135907
0.136064
0.142211
0.15845
0.188935
0.236995
0.304319
0.3908
0.494709
0.612864
0.740704
0.872242
0.99998
1.11493
1.20688
1.26511
1.27946
1.242
1.14912
1.00389
0.817445
0.615954
0.426666
0.290249
0.224098
0.20449
0.197514
0.187291
0.173573
0.160602
0.150943
0.145775
0.143849
0.143317
0.143671
0.144347
0.144911
0.145381
0.145696
0.145767
0.145592
0.145377
0.145316
0.145213
0.144881
0.14448
0.144219
0.143908
0.143424
0.14285
0.142235
0.141644
0.141196
0.140974
0.140935
0.140951
0.140941
0.140905
0.14089
0.140944
0.141076
0.141245
0.141399
0.141517
0.141602
0.141623
0.141669
0.141517
0.141495
0.144858
0.144958
0.145034
0.14507
0.145057
0.144991
0.144872
0.144708
0.144509
0.144284
0.144044
0.143797
0.143551
0.143312
0.143083
0.142867
0.142665
0.142479
0.142309
0.142154
0.142014
0.141889
0.141778
0.141682
0.141598
0.141527
0.141467
0.141418
0.14138
0.14135
0.141329
0.141315
0.141307
0.141306
0.141309
0.141316
0.141328
0.141343
0.141361
0.141383
0.141408
0.141436
0.141467
0.141501
0.141539
0.141578
0.14162
0.141662
0.141705
0.141746
0.141785
0.141819
0.141846
0.141861
0.141856
0.141822
0.141744
0.141608
0.141408
0.141157
0.140906
0.140749
0.1408
0.141112
0.141592
0.142114
0.142574
0.142863
0.142986
0.142982
0.142815
0.142475
0.141988
0.14142
0.140865
0.140418
0.14015
0.140092
0.140156
0.140129
0.144155
0.144422
0.144689
0.144961
0.145248
0.145549
0.145852
0.146107
0.146193
0.1459
0.144953
0.14311
0.140378
0.137257
0.134993
0.13572
0.142415
0.158593
0.187995
0.233744
0.297655
0.379797
0.478388
0.589957
0.709403
0.829922
0.942798
1.03737
1.10137
1.12216
1.08879
0.995553
0.846589
0.659173
0.47112
0.316259
0.224109
0.191436
0.189526
0.192693
0.190314
0.182855
0.172081
0.160409
0.152015
0.146615
0.143335
0.141435
0.14082
0.140727
0.140537
0.140576
0.141026
0.141494
0.141654
0.141706
0.142091
0.14252
0.142823
0.143233
0.143597
0.143665
0.143353
0.142675
0.141827
0.141135
0.140814
0.140747
0.140808
0.140876
0.140939
0.141042
0.141202
0.141371
0.14151
0.141614
0.141648
0.141706
0.141561
0.141555
0.143985
0.143922
0.143933
0.143988
0.144059
0.144122
0.144159
0.14416
0.14412
0.144041
0.143926
0.143783
0.143618
0.14344
0.143255
0.14307
0.142889
0.142716
0.142552
0.142401
0.142262
0.142136
0.142022
0.141921
0.141831
0.141752
0.141684
0.141626
0.141577
0.141537
0.141504
0.141479
0.141461
0.141449
0.141442
0.141439
0.141442
0.141449
0.14146
0.141475
0.141494
0.141517
0.141544
0.141574
0.141608
0.141644
0.141682
0.141721
0.14176
0.141797
0.141831
0.14186
0.141879
0.141884
0.141864
0.141808
0.141702
0.141535
0.141308
0.14105
0.140828
0.140747
0.140909
0.141303
0.141813
0.142325
0.142749
0.142993
0.143067
0.143009
0.142788
0.142402
0.141888
0.141316
0.140778
0.140361
0.140131
0.14011
0.140186
0.140145
0.144716
0.145179
0.145627
0.146073
0.146509
0.146933
0.147344
0.147744
0.148128
0.148463
0.148667
0.148587
0.148
0.146665
0.144434
0.141448
0.138341
0.13635
0.137301
0.143319
0.156486
0.178887
0.212487
0.259162
0.320303
0.396114
0.484935
0.5826
0.68204
0.773125
0.842814
0.876163
0.858541
0.780427
0.644803
0.471783
0.30343
0.179761
0.1189
0.110354
0.129466
0.155049
0.174631
0.182255
0.183912
0.180277
0.173248
0.167262
0.161946
0.155397
0.150767
0.148328
0.146267
0.143469
0.141224
0.14018
0.139642
0.138967
0.138562
0.138644
0.139124
0.140214
0.141674
0.142829
0.143176
0.142655
0.141736
0.141046
0.14074
0.140712
0.140828
0.140982
0.141158
0.141341
0.141496
0.141619
0.141669
0.141742
0.141604
0.141618
0.14415
0.143737
0.14346
0.143302
0.143236
0.143235
0.143272
0.143326
0.143378
0.143414
0.143424
0.143407
0.14336
0.143286
0.14319
0.143076
0.14295
0.142818
0.142685
0.142554
0.142429
0.142311
0.142202
0.142102
0.142012
0.141932
0.14186
0.141797
0.141743
0.141696
0.141656
0.141623
0.141596
0.141576
0.141561
0.141551
0.141547
0.141547
0.141552
0.141562
0.141577
0.141596
0.141619
0.141646
0.141677
0.141709
0.141744
0.141779
0.141814
0.141847
0.141876
0.141897
0.141907
0.141898
0.141859
0.141777
0.141639
0.141441
0.141194
0.140944
0.140775
0.140795
0.141067
0.141524
0.142049
0.142539
0.142918
0.143109
0.143131
0.143016
0.14274
0.142313
0.141777
0.141207
0.140691
0.140308
0.140118
0.140135
0.140221
0.140162
0.146124
0.146656
0.147134
0.147584
0.148009
0.148409
0.148786
0.149143
0.149484
0.149817
0.150144
0.150452
0.150696
0.150782
0.150572
0.149905
0.148594
0.14635
0.142758
0.137691
0.132257
0.129725
0.135021
0.153061
0.1871
0.238079
0.305096
0.385922
0.477293
0.57479
0.672407
0.761832
0.831842
0.868549
0.857223
0.786828
0.657719
0.487231
0.308363
0.158364
0.0615585
0.0175654
0.0151862
0.0610237
0.0972797
0.125031
0.151021
0.164567
0.173737
0.176345
0.177862
0.178201
0.173523
0.167898
0.163292
0.160401
0.156477
0.151478
0.14724
0.143632
0.140104
0.137522
0.136286
0.137065
0.139402
0.141706
0.142642
0.142486
0.141724
0.141032
0.140757
0.140829
0.141049
0.141289
0.141478
0.141621
0.141687
0.141776
0.141647
0.141684
0.145344
0.144618
0.144
0.143515
0.143155
0.142908
0.142757
0.142683
0.142666
0.142684
0.142722
0.142764
0.1428
0.142822
0.142825
0.142807
0.142769
0.142713
0.142643
0.142562
0.142475
0.142385
0.142296
0.14221
0.142129
0.142054
0.141985
0.141923
0.141868
0.14182
0.141777
0.141741
0.14171
0.141685
0.141665
0.14165
0.141641
0.141638
0.141639
0.141646
0.141657
0.141673
0.141693
0.141717
0.141744
0.141774
0.141805
0.141836
0.141867
0.141894
0.141917
0.14193
0.141927
0.1419
0.141836
0.141724
0.141552
0.141326
0.141071
0.140852
0.140764
0.140902
0.141271
0.141771
0.142295
0.142752
0.143077
0.143209
0.143174
0.143
0.142671
0.142206
0.141655
0.141094
0.140604
0.140259
0.140113
0.140168
0.14026
0.140177
0.147202
0.147645
0.148037
0.148399
0.148737
0.149053
0.149348
0.149625
0.149884
0.150129
0.150365
0.150599
0.150837
0.151084
0.151359
0.151655
0.1517
0.150613
0.147581
0.145013
0.151672
0.179482
0.235413
0.318056
0.420573
0.534793
0.653542
0.771488
0.885076
0.992084
1.09119
1.18116
1.25994
1.32366
1.36564
1.37622
1.34414
1.25976
1.11981
0.931205
0.711763
0.486297
0.283694
0.136455
0.0434546
0.050665
0.0373982
0.0332235
0.0533183
0.0839542
0.120859
0.130534
0.140465
0.15577
0.168459
0.173159
0.171031
0.17129
0.172334
0.167441
0.162758
0.157079
0.149398
0.141732
0.136583
0.135827
0.138298
0.140827
0.14209
0.142055
0.141391
0.140929
0.140918
0.14117
0.14143
0.141617
0.141703
0.14181
0.141689
0.141752
0.146566
0.145891
0.14522
0.144584
0.144003
0.143489
0.143063
0.142743
0.142511
0.142359
0.142271
0.142236
0.142237
0.142261
0.142296
0.142332
0.142361
0.14238
0.142384
0.142374
0.14235
0.142314
0.142268
0.142216
0.14216
0.142103
0.142048
0.141994
0.141945
0.141901
0.141861
0.141826
0.141796
0.141771
0.14175
0.141734
0.141724
0.141719
0.141718
0.141723
0.141733
0.141747
0.141765
0.141786
0.14181
0.141837
0.141864
0.141891
0.141917
0.141938
0.141952
0.141954
0.141935
0.141885
0.141791
0.141644
0.14144
0.141195
0.140953
0.140793
0.140812
0.141071
0.141515
0.142039
0.142546
0.142959
0.14322
0.143287
0.143191
0.142957
0.142578
0.142082
0.141524
0.140978
0.140519
0.140216
0.14012
0.14021
0.140301
0.140192
0.147545
0.147876
0.148165
0.148428
0.14867
0.148894
0.149102
0.149295
0.149475
0.149642
0.149798
0.149944
0.150084
0.150223
0.150396
0.15066
0.150883
0.150194
0.147506
0.146516
0.162622
0.216967
0.318738
0.460293
0.626669
0.803817
0.981328
1.15216
1.31185
1.45805
1.58934
1.70484
1.80418
1.88723
1.9534
2.00088
2.02584
2.0222
1.98213
1.89761
1.76268
1.57587
1.34256
1.0773
0.804343
0.54624
0.325163
0.168022
0.0572036
0.000197439
0.0391703
0.0336134
0.0228734
0.0475752
0.0732675
0.0795694
0.101112
0.129254
0.135927
0.150406
0.165935
0.168984
0.170064
0.166519
0.157313
0.14563
0.137854
0.135542
0.137522
0.140317
0.141679
0.141578
0.141155
0.141104
0.141335
0.141583
0.141712
0.141844
0.14173
0.141822
0.147108
0.146604
0.146069
0.145526
0.144989
0.144469
0.143977
0.143526
0.143123
0.142775
0.142485
0.142261
0.142108
0.14201
0.141959
0.141944
0.141955
0.141981
0.142013
0.142045
0.142073
0.142091
0.142099
0.142096
0.142083
0.142061
0.142034
0.142002
0.141969
0.141935
0.141904
0.141876
0.141851
0.14183
0.141814
0.141801
0.141793
0.141788
0.141789
0.141794
0.141803
0.141816
0.141832
0.141852
0.141873
0.141897
0.14192
0.141943
0.141963
0.141976
0.141979
0.141965
0.141924
0.141845
0.141717
0.141534
0.141304
0.141057
0.140855
0.140785
0.140933
0.141298
0.141794
0.142321
0.142797
0.143154
0.143343
0.143337
0.143178
0.142886
0.142463
0.141944
0.141386
0.14086
0.140438
0.140182
0.14014
0.140261
0.140345
0.140205
0.147376
0.147604
0.147801
0.147975
0.148132
0.148274
0.148402
0.148518
0.148624
0.14872
0.148809
0.148889
0.148961
0.149023
0.149082
0.149183
0.149371
0.149334
0.147966
0.145163
0.149078
0.181503
0.264663
0.401854
0.579121
0.778646
0.986001
1.19132
1.38856
1.5743
1.74672
1.90519
2.04795
2.17345
2.28079
2.36959
2.43951
2.4897
2.51817
2.52137
2.49414
2.43019
2.3231
2.16832
1.96532
1.71949
1.44245
1.15223
0.873108
0.620494
0.407387
0.254717
0.14187
0.0608516
0.00539335
0.0492603
0.0388148
0.0324588
0.0108689
0.0544819
0.0663853
0.10085
0.129235
0.155931
0.168203
0.169482
0.159024
0.146658
0.138304
0.136077
0.138223
0.140617
0.141428
0.141359
0.141351
0.141535
0.141699
0.14187
0.14177
0.141893
0.147104
0.146757
0.14637
0.14596
0.145537
0.145108
0.144681
0.144264
0.143863
0.143485
0.143136
0.142821
0.142545
0.142311
0.14212
0.14197
0.141867
0.141807
0.141779
0.141778
0.141794
0.14182
0.141851
0.14188
0.141905
0.141923
0.141933
0.141934
0.141929
0.141919
0.141905
0.141889
0.141875
0.141862
0.141853
0.141847
0.141844
0.141844
0.141847
0.141854
0.141864
0.141877
0.141893
0.141911
0.141931
0.141951
0.141971
0.141988
0.142
0.142003
0.141991
0.141956
0.141887
0.141774
0.141609
0.141396
0.141154
0.140931
0.140802
0.140853
0.141129
0.141576
0.142098
0.14261
0.14304
0.14333
0.143437
0.143355
0.143133
0.142786
0.142325
0.141791
0.141241
0.140743
0.140362
0.14016
0.140174
0.14032
0.14039
0.140216
0.146912
0.147049
0.147163
0.147258
0.147339
0.147407
0.147464
0.147512
0.147552
0.147585
0.147612
0.147635
0.147652
0.147662
0.147661
0.147663
0.147741
0.147944
0.147863
0.146241
0.142756
0.144283
0.171043
0.248122
0.38487
0.569694
0.782189
1.00491
1.22642
1.44037
1.64374
1.83554
2.01594
2.1829
2.33359
2.46617
2.57978
2.67425
2.74978
2.80645
2.84379
2.8602
2.85279
2.81736
2.74897
2.64299
2.49669
2.31061
2.08975
1.84385
1.58565
1.32777
1.08429
0.860652
0.659529
0.485876
0.335352
0.202953
0.113116
0.0385088
0.061274
0.0411465
0.0125978
0.0463809
0.0865585
0.13174
0.160245
0.171511
0.164311
0.149596
0.13948
0.137564
0.139459
0.140991
0.141475
0.141603
0.141704
0.141889
0.141806
0.141966
0.146774
0.146558
0.146299
0.14601
0.145698
0.145369
0.14503
0.144687
0.144344
0.144008
0.143682
0.143371
0.14308
0.142811
0.142567
0.142351
0.142165
0.14201
0.141886
0.141791
0.141727
0.141698
0.141689
0.141699
0.141722
0.14175
0.141781
0.141809
0.141833
0.141852
0.141864
0.141871
0.141873
0.141873
0.141873
0.141875
0.141879
0.141886
0.141894
0.141905
0.141917
0.141932
0.141948
0.141965
0.141983
0.142
0.142015
0.142025
0.142027
0.142016
0.141983
0.14192
0.141817
0.141666
0.141467
0.141233
0.141002
0.140836
0.140816
0.141008
0.141394
0.141893
0.14242
0.142899
0.143271
0.143483
0.143499
0.143336
0.143052
0.142657
0.142167
0.141627
0.141093
0.140629
0.140295
0.14015
0.140223
0.140386
0.140435
0.140225
0.146142
0.146185
0.146217
0.146237
0.146249
0.146253
0.146251
0.146245
0.146236
0.146224
0.146211
0.146196
0.146179
0.14616
0.146137
0.146108
0.146094
0.146155
0.146317
0.146256
0.145046
0.142136
0.140225
0.148781
0.185565
0.270817
0.413399
0.60437
0.825204
1.0581
1.2907
1.51604
1.73113
1.93556
2.13047
2.31172
2.47605
2.62152
2.74738
2.85377
2.94153
3.01182
3.06571
3.10381
3.12594
3.13095
3.11675
3.08075
3.02043
2.93392
2.82079
2.68165
2.51874
2.33432
2.12989
1.90701
1.66787
1.4126
1.14329
0.868767
0.596496
0.339902
0.143162
0.111882
0.0585939
0.0137459
0.0654577
0.102543
0.141322
0.161062
0.158556
0.1468
0.139751
0.139144
0.14058
0.141495
0.14176
0.141934
0.141843
0.142036
0.146138
0.146058
0.145929
0.145764
0.145569
0.145349
0.145108
0.144854
0.14459
0.144321
0.144051
0.143784
0.143523
0.143271
0.143032
0.142807
0.142599
0.142409
0.142239
0.142089
0.141961
0.141856
0.141772
0.14171
0.14167
0.141653
0.141655
0.141672
0.141702
0.141738
0.141776
0.141812
0.141845
0.141871
0.141891
0.141906
0.14192
0.141934
0.141948
0.141964
0.14198
0.141997
0.142013
0.142029
0.142043
0.142054
0.14206
0.142056
0.142038
0.141998
0.141928
0.141821
0.14167
0.141475
0.141252
0.141031
0.140868
0.140831
0.140982
0.141326
0.141796
0.142316
0.142814
0.143229
0.143509
0.143613
0.143512
0.143255
0.142907
0.142468
0.141959
0.141426
0.140923
0.140506
0.140234
0.140165
0.140297
0.140465
0.140482
0.140233
0.14513
0.14511
0.145099
0.145089
0.14508
0.145074
0.145072
0.145073
0.145077
0.145084
0.145094
0.145105
0.145119
0.145134
0.145152
0.145171
0.145192
0.145233
0.145351
0.145622
0.145917
0.145551
0.143286
0.138568
0.133906
0.136932
0.161204
0.224758
0.342482
0.515965
0.732301
0.972536
1.22033
1.46527
1.70211
1.92974
2.14843
2.35271
2.53848
2.70346
2.84704
2.96984
3.07352
3.16046
3.23339
3.29508
3.348
3.39395
3.43393
3.4679
3.49493
3.51298
3.51908
3.5091
3.47717
3.41554
3.31553
3.16726
2.95931
2.68686
2.34121
1.92519
1.45414
0.963332
0.523692
0.188137
0.103177
0.0333242
0.0236741
0.0804208
0.141031
0.159261
0.152172
0.142795
0.139885
0.140648
0.141548
0.141971
0.141898
0.142109
0.145233
0.145279
0.145284
0.145251
0.145183
0.145083
0.144954
0.144802
0.144631
0.144445
0.144247
0.144042
0.143834
0.143624
0.143417
0.143214
0.143019
0.142831
0.142655
0.14249
0.142338
0.142201
0.142079
0.141973
0.141883
0.141809
0.141753
0.141715
0.141694
0.141689
0.141702
0.141732
0.141772
0.141818
0.141862
0.141903
0.141937
0.141966
0.14199
0.142011
0.142031
0.14205
0.142066
0.142078
0.142084
0.142081
0.142066
0.142034
0.141978
0.141891
0.141769
0.141608
0.141413
0.141202
0.141006
0.140874
0.140865
0.141028
0.141363
0.141819
0.142327
0.142823
0.143251
0.143564
0.143718
0.143682
0.143447
0.143091
0.142687
0.142215
0.141703
0.141195
0.140737
0.140384
0.140193
0.140216
0.140396
0.140554
0.140527
0.140238
0.144287
0.144316
0.144364
0.144425
0.144496
0.144578
0.144669
0.14477
0.144879
0.144998
0.145126
0.145264
0.145415
0.145579
0.14576
0.145958
0.146175
0.146412
0.146683
0.14703
0.147515
0.148104
0.148441
0.147702
0.144765
0.139052
0.132083
0.129217
0.140904
0.182818
0.272993
0.422694
0.627872
0.871627
1.13427
1.40087
1.66284
1.91766
2.16312
2.39195
2.59931
2.78281
2.94219
3.07879
3.19526
3.29517
3.38275
3.46252
3.53898
3.61623
3.69768
3.78565
3.88112
3.98329
4.08919
4.19339
4.28569
4.34764
4.35564
4.28617
4.11511
3.82108
3.39019
2.82203
2.13733
1.40024
0.709485
0.255058
0.0172207
0.0423475
0.0380389
0.105537
0.150261
0.153187
0.1448
0.140952
0.141033
0.141809
0.141928
0.14219
0.14436
0.144434
0.1445
0.144554
0.144587
0.144594
0.144575
0.144528
0.144455
0.14436
0.144245
0.144113
0.143969
0.143814
0.143653
0.143488
0.143322
0.143157
0.142995
0.142838
0.142688
0.142547
0.142414
0.142292
0.142182
0.142083
0.141998
0.141925
0.141866
0.141822
0.141794
0.141783
0.141788
0.141804
0.14183
0.141866
0.141908
0.141951
0.14199
0.142022
0.142046
0.142062
0.142071
0.142071
0.142059
0.14203
0.141981
0.141907
0.141802
0.141665
0.141498
0.141309
0.141119
0.140959
0.140874
0.140912
0.14111
0.141451
0.141898
0.142393
0.142879
0.143308
0.143635
0.14382
0.143831
0.143652
0.143292
0.142857
0.142416
0.141934
0.141437
0.140966
0.140565
0.140287
0.140189
0.140303
0.140513
0.140645
0.140565
0.140239
0.144178
0.144395
0.144626
0.144872
0.145135
0.145417
0.14572
0.146048
0.146403
0.146789
0.147209
0.147665
0.148157
0.148675
0.149214
0.149768
0.150333
0.150904
0.151477
0.152053
0.15265
0.15331
0.154069
0.154847
0.155284
0.154637
0.151873
0.146129
0.137803
0.130202
0.131424
0.15561
0.222369
0.35015
0.543869
0.79062
1.06877
1.35907
1.64929
1.93513
2.20972
2.46396
2.69258
2.89349
3.06715
3.21591
3.34358
3.45505
3.55591
3.65219
3.75002
3.85526
3.97322
4.10829
4.2637
4.44089
4.64066
4.85244
5.04924
5.20029
5.27163
5.22713
5.03069
4.65104
4.06832
3.28597
2.35405
1.51135
0.820146
0.289744
0.0123951
0.0340586
0.080023
0.139015
0.150502
0.145126
0.141687
0.141588
0.14185
0.142257
0.144007
0.143923
0.143891
0.143897
0.143925
0.143962
0.143997
0.144023
0.144033
0.144026
0.143999
0.143953
0.143888
0.143806
0.14371
0.143601
0.143482
0.143357
0.143227
0.143096
0.142964
0.142834
0.142708
0.142588
0.142473
0.142366
0.142268
0.142178
0.142099
0.142031
0.141975
0.141934
0.141905
0.141888
0.141881
0.141884
0.141896
0.141914
0.141936
0.141961
0.141981
0.141991
0.141985
0.141961
0.141917
0.14185
0.141757
0.141638
0.141494
0.141332
0.141165
0.141015
0.140913
0.140898
0.141003
0.141241
0.141601
0.142042
0.142522
0.142992
0.143409
0.143733
0.143929
0.143966
0.143828
0.143514
0.143051
0.142563
0.142108
0.141635
0.141169
0.140749
0.140417
0.140227
0.140237
0.140425
0.140641
0.140731
0.140596
0.140237
0.14554
0.146088
0.146624
0.147183
0.147782
0.148429
0.149121
0.149849
0.150604
0.151382
0.152177
0.152982
0.153794
0.154606
0.155412
0.156207
0.156986
0.157743
0.158474
0.159172
0.159833
0.160463
0.161086
0.161745
0.16247
0.163195
0.163625
0.163101
0.160583
0.154924
0.145647
0.134564
0.128141
0.139921
0.191389
0.306507
0.497063
0.753321
1.05195
1.37001
1.69258
2.0131
2.31748
2.59597
2.84368
3.05946
3.24496
3.40389
3.54147
3.66397
3.77829
3.89172
4.01164
4.14535
4.29989
4.482
4.69818
4.95439
5.24455
5.53818
5.7983
5.98317
6.04663
5.94024
5.61805
5.04463
4.21154
3.32392
2.41104
1.42233
0.576798
0.0985662
0.00219288
0.0723138
0.132144
0.147163
0.14445
0.142147
0.141778
0.142278
0.144889
0.144429
0.144087
0.143845
0.143684
0.143585
0.143533
0.143513
0.143513
0.143524
0.143538
0.143548
0.143548
0.143537
0.143511
0.143471
0.143416
0.143349
0.143271
0.143184
0.14309
0.142991
0.142889
0.142786
0.142683
0.142581
0.142484
0.14239
0.142303
0.142222
0.142151
0.142087
0.142033
0.141987
0.141949
0.141918
0.141894
0.141874
0.141855
0.141837
0.141814
0.141784
0.141743
0.141686
0.141608
0.141509
0.141391
0.141261
0.141129
0.141012
0.140931
0.140914
0.140988
0.141165
0.14145
0.141826
0.142262
0.142721
0.143165
0.143558
0.143864
0.144053
0.144097
0.143979
0.143698
0.143271
0.142736
0.142225
0.141778
0.141331
0.140911
0.140553
0.140302
0.14022
0.140341
0.140576
0.140775
0.140808
0.140616
0.140233
0.148946
0.149884
0.150772
0.151662
0.152564
0.153474
0.154388
0.155301
0.156209
0.157104
0.157984
0.158843
0.159677
0.160484
0.161261
0.162003
0.16271
0.163379
0.164008
0.164595
0.165138
0.165633
0.16608
0.166489
0.166888
0.167322
0.16783
0.168379
0.168733
0.168287
0.16595
0.16027
0.150086
0.136206
0.124403
0.128988
0.174638
0.290247
0.491538
0.769054
1.09709
1.45034
1.81336
2.16952
2.50247
2.80277
3.06651
3.29401
3.48858
3.65555
3.80167
3.93458
4.0624
4.1936
4.33686
4.50121
4.69623
4.93254
5.22085
5.56156
5.92094
6.25678
6.52058
6.65767
6.60933
6.31849
5.74547
5.01719
4.15589
3.0589
1.83628
0.770084
0.169431
0.0276981
0.0803132
0.131828
0.145214
0.14388
0.142158
0.1423
0.147673
0.146652
0.145808
0.145124
0.144577
0.144149
0.143821
0.143577
0.143403
0.143283
0.143207
0.143163
0.143141
0.143131
0.143127
0.143123
0.143114
0.143097
0.143072
0.143037
0.142993
0.142939
0.142876
0.142806
0.14273
0.14265
0.142567
0.142483
0.1424
0.142317
0.142238
0.142161
0.142087
0.142016
0.141949
0.141885
0.141824
0.141762
0.1417
0.141635
0.141565
0.14149
0.141408
0.14132
0.141228
0.141134
0.141046
0.140977
0.14094
0.140952
0.14103
0.141188
0.141431
0.141754
0.142139
0.142562
0.142993
0.1434
0.143755
0.144028
0.144192
0.144225
0.14411
0.143844
0.143443
0.142937
0.142369
0.141864
0.141443
0.141037
0.140674
0.140391
0.140243
0.140286
0.140495
0.140747
0.140905
0.140873
0.140628
0.140229
0.153268
0.154282
0.155194
0.156064
0.156902
0.157708
0.158479
0.159214
0.15991
0.160566
0.161184
0.161762
0.162303
0.162808
0.163278
0.163715
0.164123
0.164502
0.164856
0.165186
0.165495
0.165782
0.166048
0.16629
0.166511
0.166719
0.166942
0.16723
0.167636
0.168156
0.168592
0.16834
0.166173
0.160256
0.148832
0.132201
0.116606
0.118916
0.168286
0.297412
0.522442
0.831911
1.19787
1.5947
2.00152
2.39353
2.75409
3.07466
3.35284
3.59068
3.79331
3.96784
4.12255
4.26638
4.40873
4.55954
4.72961
4.9312
5.17871
5.48863
5.86485
6.26859
6.652
6.9603
7.1316
7.0996
6.80718
6.2997
5.61109
4.63574
3.37635
1.97458
0.801534
0.185057
0.0492236
0.0932902
0.13396
0.144057
0.143123
0.142515
0.151799
0.150458
0.149234
0.148133
0.147152
0.146285
0.145536
0.144911
0.144393
0.143974
0.143641
0.143382
0.143184
0.143037
0.142932
0.142858
0.142807
0.142771
0.142745
0.142722
0.1427
0.142675
0.142643
0.142605
0.142559
0.142506
0.142445
0.142379
0.142308
0.142232
0.142152
0.142069
0.141983
0.141896
0.141807
0.141718
0.141629
0.14154
0.141452
0.141364
0.141278
0.141196
0.14112
0.141055
0.141006
0.140982
0.140989
0.141039
0.141141
0.141304
0.14153
0.14182
0.142163
0.142544
0.142941
0.143332
0.143692
0.143997
0.144222
0.144347
0.144351
0.144222
0.143958
0.14357
0.143085
0.142539
0.141973
0.141497
0.141115
0.140762
0.14047
0.140285
0.140265
0.140428
0.140691
0.140926
0.141023
0.140921
0.140631
0.140225
0.155825
0.156552
0.157161
0.1577
0.158182
0.158612
0.158991
0.159324
0.159613
0.159863
0.160078
0.160261
0.160418
0.160554
0.160673
0.160779
0.160877
0.160971
0.161064
0.161162
0.161266
0.16138
0.161506
0.161645
0.161795
0.161954
0.162121
0.162303
0.16253
0.162855
0.163353
0.164047
0.164747
0.164762
0.162611
0.156048
0.142797
0.123134
0.105167
0.10975
0.170366
0.321099
0.576274
0.92234
1.33056
1.77643
2.22684
2.65464
3.04251
3.38196
3.67153
3.91504
4.11995
4.29597
4.45405
4.60563
4.76261
4.93776
5.14573
5.40486
5.7373
6.14483
6.58273
6.99632
7.32354
7.49574
7.44626
7.15222
6.65817
5.88215
4.7813
3.36386
1.85209
0.700238
0.170281
0.0762983
0.112942
0.139088
0.143593
0.142998
0.154707
0.153535
0.152362
0.151227
0.150148
0.149137
0.148201
0.147343
0.146563
0.145861
0.145234
0.144679
0.144196
0.143789
0.143453
0.143178
0.142958
0.142784
0.142648
0.142542
0.142458
0.142391
0.142335
0.142285
0.142237
0.142188
0.142137
0.142082
0.142022
0.141956
0.141884
0.141809
0.141731
0.141652
0.141571
0.141489
0.141407
0.141328
0.141255
0.141192
0.141142
0.141108
0.141096
0.141109
0.141155
0.141238
0.141364
0.141536
0.141756
0.142022
0.142329
0.142666
0.143021
0.143375
0.14371
0.144007
0.144248
0.144412
0.144483
0.144445
0.144289
0.144015
0.143633
0.143165
0.142643
0.1421
0.141571
0.141145
0.140818
0.140535
0.140337
0.140277
0.140397
0.140644
0.140916
0.141102
0.141123
0.140953
0.140632
0.140226
0.156027
0.15624
0.156376
0.156454
0.156485
0.156476
0.156434
0.156365
0.156274
0.156168
0.156052
0.15593
0.155806
0.155685
0.155572
0.155468
0.155379
0.155307
0.155255
0.155227
0.155226
0.155254
0.155313
0.155406
0.155534
0.155697
0.155891
0.156113
0.156359
0.156637
0.156978
0.157453
0.158158
0.159135
0.160166
0.160422
0.158076
0.150225
0.134136
0.111014
0.0917645
0.101126
0.175241
0.34788
0.633106
1.01814
1.4778
1.98208
2.49425
2.98396
3.4298
3.819
4.14652
4.41406
4.62898
4.80317
4.95203
5.09377
5.24934
5.44275
5.7045
6.06775
6.50277
6.95392
7.36362
7.66755
7.79611
7.67656
7.35575
6.77569
5.88081
4.6141
3.02834
1.47718
0.459663
0.0925393
0.074912
0.121541
0.141505
0.143839
0.155663
0.155079
0.154354
0.153542
0.152677
0.151788
0.150898
0.150026
0.149183
0.14838
0.147623
0.146914
0.146257
0.145652
0.145099
0.144598
0.144146
0.143742
0.143384
0.143067
0.14279
0.142551
0.142351
0.142179
0.142033
0.141905
0.141793
0.141691
0.141596
0.141506
0.141421
0.141344
0.14128
0.14123
0.141192
0.141161
0.141134
0.141113
0.141103
0.141113
0.141145
0.141205
0.141294
0.141416
0.141574
0.141767
0.141997
0.142261
0.142553
0.142868
0.143195
0.143523
0.143837
0.144122
0.144363
0.144545
0.144651
0.144669
0.144586
0.144398
0.144105
0.143719
0.143259
0.14275
0.142221
0.1417
0.141208
0.140823
0.140543
0.140332
0.140249
0.140339
0.140575
0.140871
0.141125
0.141249
0.141194
0.140966
0.140623
0.140223
0.150644
0.150459
0.150287
0.150114
0.149942
0.149775
0.149616
0.149467
0.14933
0.149206
0.149097
0.149003
0.148924
0.14886
0.148813
0.148782
0.148768
0.14877
0.148791
0.148831
0.14889
0.14897
0.149073
0.1492
0.149354
0.149536
0.149748
0.149991
0.150263
0.15056
0.150881
0.151231
0.151643
0.152198
0.153027
0.154256
0.155801
0.156921
0.155621
0.148622
0.132806
0.108589
0.0847878
0.0813581
0.126504
0.247805
0.463912
0.775288
1.16879
1.62513
2.11644
2.6158
3.10058
3.55374
3.964
4.32613
4.64061
4.91343
5.15553
5.38236
5.6154
5.8809
6.20446
6.62751
7.10386
7.54264
7.85803
7.93257
7.81198
7.47246
6.86356
5.91647
4.57085
2.93468
1.42984
0.496626
0.152949
0.108728
0.129594
0.14214
0.150975
0.151128
0.151141
0.151033
0.15082
0.150519
0.150146
0.149716
0.149244
0.148744
0.148226
0.147699
0.147172
0.146652
0.146142
0.145648
0.145173
0.144718
0.144286
0.143878
0.143494
0.143136
0.142805
0.142499
0.142221
0.141969
0.141744
0.141544
0.141369
0.14122
0.141099
0.141015
0.14098
0.141001
0.141075
0.141189
0.141323
0.141462
0.141605
0.141758
0.141929
0.142119
0.142328
0.142554
0.142794
0.143044
0.143301
0.143559
0.143812
0.144052
0.14427
0.144456
0.144601
0.144694
0.144725
0.144688
0.144575
0.144383
0.144112
0.14377
0.143366
0.142917
0.142444
0.141965
0.141504
0.14108
0.140717
0.140481
0.140375
0.140387
0.140525
0.140769
0.141055
0.141301
0.14144
0.141427
0.14126
0.14098
0.14064
0.140248
)
;

boundaryField
{
    inlet
    {
        type            freestream;
        freestreamValue uniform 0.14;
        value           nonuniform List<scalar> 
134
(
0.14
0.14
0.14
0.14
0.14
0.14
0.14
0.14
0.14
0.14
0.14
0.140004
0.140012
0.140024
0.140039
0.140059
0.140083
0.140112
0.140144
0.14018
0.14
0.140218
0.140259
0.140299
0.140338
0.140375
0.140412
0.140449
0.140487
0.140524
0.140566
0.140607
0.140649
0.140694
0.14074
0.140789
0.140842
0.140899
0.140967
0.141031
0.14
0.14
0.14
0.14
0.14
0.14
0.14
0.141074
0.141104
0.141136
0.14117
0.141206
0.141246
0.141288
0.141335
0.141384
0.141438
0.141495
0.141555
0.141618
0.141684
0.141752
0.141822
0.141893
0.141966
0.142036
0.142109
0.14219
0.142257
0.142278
0.1423
0.142515
0.142998
0.143839
0.14214
0.14
0.14
0.14
0.14
0.14
0.14
0.14
0.14
0.14
0.14
0.14
0.14
0.14
0.14
0.14
0.14
0.14
0.14
0.14
0.14
0.14
0.14
0.14
0.14
0.14
0.14
0.14
0.14
0.14
0.14
0.14
0.14
0.14
0.14
0.14
0.14
0.14
0.14
0.14
0.14
0.14
0.14
0.14
0.14
0.14
0.14
0.14
0.14
0.14
0.14
0.14
0.14
0.14
0.14
0.14
0.14
0.14
0.14
0.14
)
;
    }
    outlet
    {
        type            freestream;
        freestreamValue uniform 0.14;
        value           nonuniform List<scalar> 
160
(
0.150644
0.150975
0.150459
0.151128
0.150287
0.151141
0.150114
0.151033
0.149942
0.15082
0.149775
0.150519
0.149616
0.150146
0.149467
0.149716
0.14933
0.149244
0.149206
0.148744
0.149097
0.148226
0.149003
0.147699
0.148924
0.147172
0.14886
0.146652
0.148813
0.146142
0.148782
0.145648
0.148768
0.145173
0.14877
0.144718
0.148791
0.144286
0.148831
0.143878
0.14889
0.143494
0.14897
0.143136
0.149073
0.142805
0.1492
0.142499
0.149354
0.142221
0.149536
0.141969
0.149748
0.141744
0.149991
0.141544
0.150263
0.141369
0.15056
0.14122
0.150881
0.141099
0.151231
0.141015
0.151643
0.14098
0.152198
0.141001
0.153027
0.141075
0.154256
0.141189
0.155801
0.141323
0.156921
0.141462
0.155621
0.141605
0.148622
0.141758
0.132806
0.141929
0.108589
0.142119
0.0847878
0.142328
0.0813581
0.142554
0.126504
0.142794
0.247805
0.143044
0.463912
0.143301
0.775288
0.143559
1.16879
0.143812
1.62513
0.144052
2.11644
0.14427
2.6158
0.144456
3.10058
0.144601
3.55374
0.144694
3.964
0.144725
4.32613
0.144688
4.64061
0.144575
4.91343
0.144383
5.15553
0.144112
5.38236
0.14377
5.6154
0.143366
5.8809
0.142917
6.20446
0.142444
6.62751
0.141965
7.10386
0.141504
7.54264
0.14108
7.85803
0.140717
7.93257
0.140481
7.81198
0.140375
7.47246
0.140387
6.86356
0.140525
5.91647
0.140769
4.57085
0.141055
2.93468
0.141301
1.42984
0.14144
0.496626
0.141427
0.152949
0.14126
0.108728
0.14098
0.129594
0.14064
0.14214
0.140248
)
;
    }
    walls
    {
        type            fixedValue;
        value           uniform 0;
    }
    frontAndBack
    {
        type            empty;
    }
}


// ************************************************************************* //
