/*--------------------------------*- C++ -*----------------------------------*\
  =========                 |
  \\      /  F ield         | OpenFOAM: The Open Source CFD Toolbox
   \\    /   O peration     | Website:  https://openfoam.org
    \\  /    A nd           | Version:  9
     \\/     M anipulation  |
\*---------------------------------------------------------------------------*/
FoamFile
{
    format      ascii;
    class       volVectorField;
    location    "0.15";
    object      U;
}
// * * * * * * * * * * * * * * * * * * * * * * * * * * * * * * * * * * * * * //

dimensions      [0 1 -1 0 0 0 0];

internalField   nonuniform List<vector> 
1915
(
(1.11471 -0.0465288 0)
(0.756593 0.11089 0)
(1.26415 0.331653 0)
(0.956299 0.955556 0)
(0.964395 0.487918 0)
(0.770255 1.59869 0)
(0.558089 0.756728 0)
(0.50635 2.18383 0)
(0.290306 1.03794 0)
(0.316712 2.50513 0)
(0.100983 1.28261 0)
(0.148912 2.61118 0)
(-0.0443492 1.50275 0)
(-0.000970423 2.54272 0)
(-0.110099 1.63303 0)
(-0.0865444 2.44108 0)
(-0.0735479 1.6823 0)
(-0.0754938 2.37364 0)
(0.0653944 1.6903 0)
(-0.0432258 2.367 0)
(-0.00978996 0.00476418 0)
(-0.0102243 -0.00639475 0)
(0.0101896 -0.0141683 0)
(0.0421638 -0.0173479 0)
(0.0759973 -0.0169014 0)
(0.107777 -0.0149618 0)
(0.135644 -0.0124516 0)
(0.158422 -0.00984994 0)
(0.176025 -0.00739866 0)
(0.18888 -0.00521884 0)
(0.197569 -0.00334933 0)
(0.202727 -0.00175769 0)
(0.204912 -0.000371922 0)
(0.20439 0.000733856 0)
(0.201965 0.00152578 0)
(0.198172 0.00207215 0)
(0.193333 0.00247251 0)
(0.18769 0.00278583 0)
(0.18141 0.00304139 0)
(0.174613 0.00325644 0)
(0.167388 0.0034411 0)
(0.159804 0.00360066 0)
(0.151916 0.00373816 0)
(0.143771 0.0038564 0)
(0.135405 0.00395916 0)
(0.126844 0.00405141 0)
(0.1181 0.00413894 0)
(0.109178 0.00422778 0)
(0.10007 0.00432387 0)
(0.0907555 0.00443276 0)
(0.0812104 0.00455891 0)
(0.0714044 0.00470434 0)
(0.061311 0.00486644 0)
(0.0509469 0.00503123 0)
(0.0402926 0.00530515 0)
(0.0294009 0.00564987 0)
(0.018654 0.00558878 0)
(0.00884176 0.00463416 0)
(0.00149535 0.00259943 0)
(-0.00123554 -0.000472607 0)
(-0.00287855 0.0103553 0)
(0.00380434 -0.0113524 0)
(0.027657 -0.0273703 0)
(0.0569024 -0.0352718 0)
(0.0873001 -0.0357984 0)
(0.115795 -0.0323266 0)
(0.140413 -0.0271869 0)
(0.160367 -0.0216251 0)
(0.175697 -0.0162936 0)
(0.186812 -0.0115052 0)
(0.194252 -0.00737216 0)
(0.198591 -0.00388239 0)
(0.200377 -0.000962492 0)
(0.200252 0.00139439 0)
(0.198453 0.00320496 0)
(0.195234 0.0045765 0)
(0.19087 0.00563176 0)
(0.185603 0.00645898 0)
(0.179626 0.00711917 0)
(0.173087 0.00765587 0)
(0.166098 0.00809918 0)
(0.158747 0.00846945 0)
(0.151098 0.00878125 0)
(0.143202 0.00904675 0)
(0.135095 0.00927788 0)
(0.126804 0.00948699 0)
(0.118343 0.00968644 0)
(0.109721 0.00988808 0)
(0.100933 0.0101028 0)
(0.091971 0.0103396 0)
(0.0828197 0.0106047 0)
(0.0734634 0.0108979 0)
(0.0638899 0.0112078 0)
(0.0541024 0.0115032 0)
(0.0441457 0.0117035 0)
(0.0341252 0.0115884 0)
(0.0242211 0.0108539 0)
(0.0146905 0.00904609 0)
(0.00641554 0.00562218 0)
(0.0016533 0.000586717 0)
(0.00203792 0.00645319 0)
(0.010711 -0.0250904 0)
(0.036115 -0.0461191 0)
(0.0655231 -0.0554946 0)
(0.0949661 -0.0553196 0)
(0.121405 -0.0496127 0)
(0.143427 -0.0415176 0)
(0.160783 -0.0328819 0)
(0.1738 -0.0246736 0)
(0.183005 -0.0173366 0)
(0.188958 -0.0110202 0)
(0.192194 -0.00571685 0)
(0.193204 -0.00134968 0)
(0.192429 0.00218824 0)
(0.190182 0.00500319 0)
(0.186721 0.00721458 0)
(0.182275 0.00894691 0)
(0.177043 0.0103101 0)
(0.17119 0.0113924 0)
(0.164849 0.0122615 0)
(0.158124 0.0129681 0)
(0.151094 0.0135488 0)
(0.143818 0.0140316 0)
(0.136342 0.0144391 0)
(0.128697 0.0147916 0)
(0.120905 0.0151086 0)
(0.112979 0.0154084 0)
(0.104925 0.0157081 0)
(0.0967439 0.0160227 0)
(0.0884305 0.0163642 0)
(0.0799789 0.0167392 0)
(0.0713845 0.0171453 0)
(0.0626497 0.0175646 0)
(0.0537916 0.0179543 0)
(0.044865 0.0182273 0)
(0.0359644 0.0181807 0)
(0.0271844 0.0174504 0)
(0.0185731 0.0154478 0)
(0.0104182 0.0114051 0)
(0.00421538 0.00479077 0)
(-0.000649216 0.00292036 0)
(0.00851745 -0.0391769 0)
(0.038211 -0.0665305 0)
(0.0712333 -0.0773255 0)
(0.102029 -0.075307 0)
(0.127675 -0.0663613 0)
(0.147725 -0.0547635 0)
(0.162733 -0.0428772 0)
(0.173477 -0.0318378 0)
(0.1807 -0.0221065 0)
(0.185038 -0.0137973 0)
(0.187023 -0.00685511 0)
(0.187094 -0.00115107 0)
(0.185618 0.00347167 0)
(0.182883 0.00717132 0)
(0.179121 0.0101032 0)
(0.174529 0.0124157 0)
(0.169274 0.0142404 0)
(0.163494 0.0156867 0)
(0.157304 0.0168417 0)
(0.150794 0.0177726 0)
(0.144034 0.0185307 0)
(0.137078 0.0191557 0)
(0.129964 0.01968 0)
(0.12272 0.0201317 0)
(0.115365 0.0205363 0)
(0.10791 0.0209173 0)
(0.100363 0.0212957 0)
(0.0927246 0.0216894 0)
(0.0849937 0.0221118 0)
(0.0771688 0.0225695 0)
(0.0692506 0.023057 0)
(0.0612461 0.0235497 0)
(0.0531732 0.0239923 0)
(0.0450702 0.0242778 0)
(0.0369858 0.0241955 0)
(0.0289349 0.0233885 0)
(0.0208496 0.0213142 0)
(0.0128144 0.0172802 0)
(0.00566471 0.0104147 0)
(-0.00977161 0.00293943 0)
(0.00107995 -0.0548522 0)
(0.0377559 -0.0909404 0)
(0.07697 -0.101939 0)
(0.11041 -0.0960592 0)
(0.135738 -0.0824492 0)
(0.153931 -0.0666534 0)
(0.166554 -0.0513183 0)
(0.174928 -0.0375232 0)
(0.180048 -0.0255964 0)
(0.18264 -0.0155299 0)
(0.18324 -0.00717517 0)
(0.18225 -0.000332189 0)
(0.179984 0.00521087 0)
(0.176688 0.00965673 0)
(0.172558 0.013193 0)
(0.167756 0.015991 0)
(0.162416 0.0182015 0)
(0.156654 0.0199511 0)
(0.150563 0.0213423 0)
(0.144218 0.0224562 0)
(0.137679 0.0233562 0)
(0.130991 0.0240925 0)
(0.124187 0.0247058 0)
(0.11729 0.0252312 0)
(0.110317 0.0256994 0)
(0.103279 0.0261379 0)
(0.0961798 0.0265709 0)
(0.0890229 0.0270183 0)
(0.081808 0.0274948 0)
(0.0745347 0.0280062 0)
(0.0672039 0.0285449 0)
(0.0598193 0.029082 0)
(0.0523896 0.0295554 0)
(0.0449284 0.0298502 0)
(0.03744 0.0297652 0)
(0.0298764 0.0289819 0)
(0.0220948 0.0270373 0)
(0.0141134 0.0233488 0)
(0.00639281 0.0169585 0)
(-0.0230211 0.0106605 0)
(-0.00508072 -0.0747478 0)
(0.0407386 -0.121657 0)
(0.0868929 -0.130237 0)
(0.122492 -0.117629 0)
(0.146777 -0.0976301 0)
(0.162549 -0.0769005 0)
(0.172406 -0.0579578 0)
(0.178152 -0.0415303 0)
(0.180987 -0.0276467 0)
(0.181691 -0.0160903 0)
(0.180788 -0.00657618 0)
(0.178636 0.00118444 0)
(0.175498 0.00746175 0)
(0.171571 0.0124986 0)
(0.167008 0.016511 0)
(0.161935 0.0196907 0)
(0.156456 0.0222037 0)
(0.150659 0.0241897 0)
(0.144616 0.025763 0)
(0.138388 0.0270154 0)
(0.132022 0.0280201 0)
(0.125555 0.0288355 0)
(0.119012 0.0295095 0)
(0.112414 0.0300827 0)
(0.105773 0.0305902 0)
(0.0990976 0.0310629 0)
(0.0923919 0.0315274 0)
(0.0856574 0.0320056 0)
(0.0788933 0.032513 0)
(0.0720975 0.0330558 0)
(0.0652676 0.0336258 0)
(0.0584002 0.0341932 0)
(0.0514907 0.0346958 0)
(0.0445281 0.0350233 0)
(0.0374802 0.0349955 0)
(0.0302533 0.0343416 0)
(0.0226639 0.032685 0)
(0.0147101 0.0295591 0)
(0.00668163 0.0239712 0)
(-0.034525 0.0225721 0)
(0.00249656 -0.10287 0)
(0.056559 -0.159645 0)
(0.10626 -0.161406 0)
(0.14083 -0.138922 0)
(0.161919 -0.11108 0)
(0.17401 -0.084981 0)
(0.180391 -0.0624781 0)
(0.183107 -0.0436637 0)
(0.183416 -0.0281294 0)
(0.18208 -0.0153859 0)
(0.179565 -0.0049849 0)
(0.176168 0.00345966 0)
(0.172089 0.0102759 0)
(0.167471 0.0157428 0)
(0.162422 0.0201 0)
(0.157027 0.023555 0)
(0.151359 0.0262849 0)
(0.145478 0.0284385 0)
(0.139439 0.0301384 0)
(0.133283 0.0314842 0)
(0.127046 0.032556 0)
(0.120755 0.0334188 0)
(0.11443 0.0341257 0)
(0.108084 0.0347219 0)
(0.101727 0.035246 0)
(0.0953652 0.0357315 0)
(0.0889997 0.0362074 0)
(0.0826303 0.0366974 0)
(0.0762536 0.0372184 0)
(0.0698643 0.0377778 0)
(0.0634543 0.0383687 0)
(0.0570119 0.0389639 0)
(0.0505183 0.0395064 0)
(0.0439419 0.039898 0)
(0.0372224 0.0399846 0)
(0.0302369 0.0395442 0)
(0.0227867 0.0382802 0)
(0.0148679 0.0358247 0)
(0.00671742 0.0311555 0)
(-0.0252721 0.0344159 0)
(0.0431052 -0.137443 0)
(0.0963136 -0.200345 0)
(0.139709 -0.191098 0)
(0.167175 -0.157103 0)
(0.181777 -0.121201 0)
(0.18847 -0.0900324 0)
(0.190472 -0.0644151 0)
(0.189674 -0.0436684 0)
(0.187194 -0.0268974 0)
(0.183665 -0.013325 0)
(0.179444 -0.00233776 0)
(0.174736 0.0065424 0)
(0.169664 0.0136946 0)
(0.16431 0.0194267 0)
(0.158731 0.0239955 0)
(0.152972 0.0276183 0)
(0.147074 0.0304788 0)
(0.141071 0.0327307 0)
(0.134994 0.0345015 0)
(0.12887 0.0358954 0)
(0.122722 0.0369971 0)
(0.116567 0.0378758 0)
(0.110417 0.0385888 0)
(0.104281 0.0391844 0)
(0.0981641 0.0397038 0)
(0.0920682 0.0401831 0)
(0.0859926 0.0406532 0)
(0.0799335 0.0411398 0)
(0.0738844 0.0416618 0)
(0.0678353 0.0422287 0)
(0.0617719 0.042837 0)
(0.0556734 0.0434644 0)
(0.049509 0.0440627 0)
(0.0432301 0.0445494 0)
(0.0367577 0.0447984 0)
(0.0299527 0.044633 0)
(0.0226181 0.0438235 0)
(0.0147576 0.0420766 0)
(0.00661235 0.038331 0)
(0.0419782 0.0268854 0)
(0.12248 -0.174525 0)
(0.16109 -0.234098 0)
(0.186887 -0.212315 0)
(0.201044 -0.168391 0)
(0.205985 -0.126068 0)
(0.205626 -0.0910642 0)
(0.202382 -0.0632527 0)
(0.197619 -0.041273 0)
(0.192116 -0.0238053 0)
(0.186272 -0.00982537 0)
(0.180276 0.00141617 0)
(0.174212 0.0104689 0)
(0.168114 0.0177475 0)
(0.161993 0.0235775 0)
(0.155855 0.028224 0)
(0.149702 0.0319073 0)
(0.143541 0.0348122 0)
(0.137381 0.0370935 0)
(0.131233 0.0388796 0)
(0.125106 0.0402765 0)
(0.119011 0.0413712 0)
(0.112955 0.0422352 0)
(0.106943 0.0429283 0)
(0.100977 0.0435007 0)
(0.0950584 0.043996 0)
(0.0891847 0.044452 0)
(0.0833518 0.0449019 0)
(0.0775522 0.0453732 0)
(0.0717753 0.0458873 0)
(0.0660061 0.046457 0)
(0.060224 0.0470832 0)
(0.0544002 0.0477506 0)
(0.0484933 0.0484217 0)
(0.042443 0.0490312 0)
(0.0361582 0.0494799 0)
(0.0294942 0.0496307 0)
(0.022266 0.0493066 0)
(0.0144893 0.0482652 0)
(0.00643266 0.0453925 0)
(0.123905 -0.0856733 0)
(0.207485 -0.235348 0)
(0.233328 -0.257491 0)
(0.240762 -0.220813 0)
(0.239566 -0.170207 0)
(0.233175 -0.124222 0)
(0.224688 -0.0872756 0)
(0.215603 -0.0585676 0)
(0.206576 -0.0362616 0)
(0.197908 -0.0187452 0)
(0.189685 -0.00483271 0)
(0.181886 0.00630641 0)
(0.174452 0.0152582 0)
(0.167317 0.0224505 0)
(0.160417 0.0282111 0)
(0.153702 0.0328026 0)
(0.147135 0.0364407 0)
(0.140689 0.0393056 0)
(0.134346 0.0415484 0)
(0.128099 0.0432953 0)
(0.12194 0.0446511 0)
(0.115867 0.0457028 0)
(0.109877 0.0465223 0)
(0.103968 0.0471704 0)
(0.098137 0.0476987 0)
(0.0923784 0.048152 0)
(0.0866864 0.04857 0)
(0.0810528 0.0489873 0)
(0.0754662 0.049434 0)
(0.0699115 0.0499344 0)
(0.0643687 0.050505 0)
(0.0588112 0.0511523 0)
(0.0532034 0.0518688 0)
(0.0474959 0.0526287 0)
(0.0416204 0.0533836 0)
(0.0354798 0.0540589 0)
(0.0289307 0.0545503 0)
(0.0218057 0.0547199 0)
(0.0141346 0.0543573 0)
(0.0062185 0.0522833 0)
(0.311227 1.64015 0)
(0.397399 2.30921 0)
(0.502782 1.49929 0)
(0.771489 1.97129 0)
(0.597463 1.30773 0)
(0.926486 1.54819 0)
(0.634658 1.12669 0)
(0.921701 1.22258 0)
(0.640449 0.981451 0)
(0.854221 1.00449 0)
(0.622974 0.868482 0)
(0.774175 0.854494 0)
(0.589659 0.78117 0)
(0.696446 0.750148 0)
(0.548875 0.714957 0)
(0.625154 0.678281 0)
(0.506377 0.665049 0)
(0.561399 0.628021 0)
(0.465128 0.627536 0)
(0.505301 0.591861 0)
(0.456093 0.565527 0)
(0.413277 0.546053 0)
(0.37567 0.531202 0)
(0.342498 0.519663 0)
(0.312935 0.510458 0)
(0.286258 0.502868 0)
(0.261866 0.496412 0)
(0.23926 0.490742 0)
(0.218032 0.485604 0)
(0.197858 0.480807 0)
(0.178484 0.476204 0)
(0.159716 0.471676 0)
(0.141408 0.467121 0)
(0.123454 0.462452 0)
(0.105784 0.457588 0)
(0.0883526 0.452455 0)
(0.0711394 0.446985 0)
(0.0541424 0.441116 0)
(0.0373752 0.434788 0)
(0.0208642 0.427946 0)
(0.00464713 0.420543 0)
(-0.0112282 0.412533 0)
(-0.0267051 0.40389 0)
(0.52342 0.778389 0)
(-0.751424 -0.173719 0)
(-0.330927 -0.243206 0)
(-0.148033 -0.254803 0)
(1.10344 1.16402 0)
(0.62121 0.363812 0)
(0.422095 -0.102273 0)
(0.394793 -0.279436 0)
(1.27983 1.09478 0)
(1.23554 0.513573 0)
(1.03227 0.0536327 0)
(0.834375 -0.189704 0)
(1.21749 0.944639 0)
(1.29065 0.529628 0)
(1.16994 0.174158 0)
(0.984337 -0.044987 0)
(1.07034 0.822384 0)
(1.15288 0.535711 0)
(1.09434 0.270827 0)
(0.963079 0.0853184 0)
(0.92197 0.726215 0)
(0.989457 0.52846 0)
(0.96458 0.332823 0)
(0.880256 0.181368 0)
(0.796187 0.653394 0)
(0.846762 0.513192 0)
(0.837748 0.368513 0)
(0.784328 0.247955 0)
(0.693115 0.601801 0)
(0.729729 0.498386 0)
(0.7275 0.38942 0)
(0.693218 0.293609 0)
(0.608417 0.565568 0)
(0.634613 0.486213 0)
(0.635028 0.402032 0)
(0.612616 0.325096 0)
(0.538295 0.53965 0)
(0.557095 0.4766 0)
(0.558447 0.409777 0)
(0.543534 0.347014 0)
(0.479897 0.520833 0)
(0.493523 0.469137 0)
(0.495137 0.414613 0)
(0.485091 0.362416 0)
(0.430674 0.506928 0)
(0.440842 0.463318 0)
(0.442518 0.417621 0)
(0.43572 0.373318 0)
(0.3888 0.496391 0)
(0.39664 0.458658 0)
(0.39832 0.419404 0)
(0.393761 0.381059 0)
(0.352725 0.488167 0)
(0.358975 0.454777 0)
(0.360678 0.420328 0)
(0.3577 0.386542 0)
(0.321162 0.481514 0)
(0.326344 0.451416 0)
(0.328091 0.420619 0)
(0.326258 0.39038 0)
(0.29311 0.475942 0)
(0.297574 0.448389 0)
(0.299384 0.420427 0)
(0.298402 0.392998 0)
(0.267769 0.471106 0)
(0.271757 0.445564 0)
(0.273649 0.419851 0)
(0.273317 0.394687 0)
(0.244514 0.466762 0)
(0.248196 0.442846 0)
(0.250187 0.418954 0)
(0.250372 0.395649 0)
(0.222855 0.462734 0)
(0.226358 0.440162 0)
(0.228468 0.417774 0)
(0.229084 0.39602 0)
(0.202415 0.458887 0)
(0.205838 0.43745 0)
(0.208089 0.416329 0)
(0.209082 0.39589 0)
(0.182904 0.455115 0)
(0.186328 0.434655 0)
(0.188746 0.414621 0)
(0.190088 0.395314 0)
(0.164105 0.451328 0)
(0.167598 0.431726 0)
(0.170213 0.412642 0)
(0.171891 0.394325 0)
(0.145855 0.447447 0)
(0.149479 0.428615 0)
(0.152322 0.410374 0)
(0.154337 0.392935 0)
(0.128037 0.443403 0)
(0.131847 0.425271 0)
(0.134952 0.407793 0)
(0.137313 0.391144 0)
(0.110571 0.439128 0)
(0.11462 0.421647 0)
(0.118019 0.404869 0)
(0.12074 0.388942 0)
(0.0934055 0.434562 0)
(0.0977403 0.417696 0)
(0.101467 0.401573 0)
(0.104564 0.386315 0)
(0.0765143 0.429647 0)
(0.0811782 0.413372 0)
(0.0852626 0.39787 0)
(0.0887544 0.383244 0)
(0.0598887 0.424328 0)
(0.0649207 0.408632 0)
(0.0693918 0.39373 0)
(0.0732955 0.379709 0)
(0.0435361 0.418557 0)
(0.0489707 0.403435 0)
(0.0538536 0.389122 0)
(0.0581849 0.375688 0)
(0.0274777 0.412286 0)
(0.0333435 0.397744 0)
(0.0386591 0.384018 0)
(0.0434309 0.371163 0)
(0.0117441 0.405476 0)
(0.0180645 0.391524 0)
(0.023829 0.37839 0)
(0.0290505 0.366114 0)
(-0.00362544 0.398089 0)
(0.00316643 0.384748 0)
(0.00939161 0.372217 0)
(0.015068 0.360527 0)
(-0.0185816 0.390103 0)
(-0.0113093 0.3774 0)
(-0.0046194 0.365493 0)
(0.00151292 0.3544 0)
(0.145559 -0.251287 0)
(0.280023 -0.290678 0)
(0.306013 -0.269512 0)
(0.296976 -0.217314 0)
(0.280059 -0.16198 0)
(0.261735 -0.114936 0)
(0.24468 -0.0781664 0)
(0.22952 -0.050065 0)
(0.216134 -0.0284658 0)
(0.204277 -0.011616 0)
(0.19368 0.00172132 0)
(0.184091 0.0123873 0)
(0.175299 0.02096 0)
(0.167132 0.027853 0)
(0.159453 0.0333788 0)
(0.152156 0.0377848 0)
(0.145163 0.0412741 0)
(0.138415 0.0440162 0)
(0.131871 0.0461541 0)
(0.125501 0.0478083 0)
(0.119286 0.0490796 0)
(0.113209 0.0500526 0)
(0.107258 0.0507984 0)
(0.101424 0.0513772 0)
(0.0956957 0.0518411 0)
(0.0900644 0.0522357 0)
(0.0845192 0.0526018 0)
(0.0790476 0.0529761 0)
(0.0736339 0.0533909 0)
(0.0682588 0.0538735 0)
(0.0628974 0.054445 0)
(0.057518 0.0551178 0)
(0.052079 0.0558927 0)
(0.0465257 0.0567557 0)
(0.0407849 0.0576746 0)
(0.0347579 0.058596 0)
(0.0283068 0.0594421 0)
(0.0212849 0.0601032 0)
(0.0137358 0.0603846 0)
(0.00599199 0.0590303 0)
(0.417047 -0.325408 0)
(0.42151 -0.312933 0)
(0.393255 -0.261682 0)
(0.355343 -0.199085 0)
(0.320096 -0.142774 0)
(0.289639 -0.0977876 0)
(0.264264 -0.0635105 0)
(0.243282 -0.037616 0)
(0.225737 -0.0178071 0)
(0.210841 -0.00236546 0)
(0.197977 0.00987639 0)
(0.186676 0.019693 0)
(0.17658 0.0276069 0)
(0.167415 0.0339881 0)
(0.158976 0.0391143 0)
(0.151104 0.0432054 0)
(0.143684 0.046443 0)
(0.136627 0.0489799 0)
(0.129869 0.0509467 0)
(0.123362 0.0524546 0)
(0.117071 0.0535979 0)
(0.110969 0.0544569 0)
(0.105034 0.0550998 0)
(0.0992491 0.0555853 0)
(0.0935976 0.0559651 0)
(0.0880651 0.056285 0)
(0.0826362 0.0565868 0)
(0.0772939 0.0569086 0)
(0.0720187 0.0572853 0)
(0.0667866 0.0577476 0)
(0.0615687 0.0583212 0)
(0.0563287 0.0590246 0)
(0.0510207 0.0598672 0)
(0.0455862 0.0608459 0)
(0.03995 0.0619434 0)
(0.034015 0.0631244 0)
(0.0276518 0.0643315 0)
(0.0207345 0.0654739 0)
(0.0133192 0.0663612 0)
(0.00576494 0.0656507 0)
(0.678392 -0.26894 0)
(0.563727 -0.262513 0)
(0.476009 -0.217004 0)
(0.407768 -0.161678 0)
(0.35527 -0.112278 0)
(0.314219 -0.0732591 0)
(0.281783 -0.0437739 0)
(0.255837 -0.0215563 0)
(0.234695 -0.00451622 0)
(0.217125 0.00884687 0)
(0.202239 0.0195201 0)
(0.189389 0.0281429 0)
(0.178098 0.0351407 0)
(0.168008 0.0408132 0)
(0.158855 0.0453864 0)
(0.150438 0.0490415 0)
(0.142605 0.0519305 0)
(0.135243 0.0541845 0)
(0.128269 0.0559173 0)
(0.121617 0.0572279 0)
(0.115238 0.0582017 0)
(0.109096 0.0589127 0)
(0.103159 0.0594249 0)
(0.0974021 0.0597947 0)
(0.0918046 0.060072 0)
(0.0863461 0.0603027 0)
(0.0810067 0.0605289 0)
(0.0757652 0.0607904 0)
(0.070598 0.0611243 0)
(0.0654774 0.0615647 0)
(0.0603704 0.0621419 0)
(0.0552374 0.0628807 0)
(0.0500293 0.0637983 0)
(0.0446856 0.0649022 0)
(0.0391313 0.0661874 0)
(0.0332727 0.0676338 0)
(0.0269906 0.0691989 0)
(0.0201789 0.0708033 0)
(0.012904 0.0722524 0)
(0.00554577 0.0721122 0)
(0.79939 -0.145177 0)
(0.646116 -0.167231 0)
(0.530772 -0.146139 0)
(0.4451 -0.109208 0)
(0.381499 -0.0727451 0)
(0.333271 -0.0428664 0)
(0.295883 -0.0199585 0)
(0.266305 -0.00252459 0)
(0.242407 0.011005 0)
(0.222706 0.0217666 0)
(0.206153 0.0304889 0)
(0.19199 0.0376308 0)
(0.179661 0.0434924 0)
(0.168754 0.0482844 0)
(0.158958 0.0521683 0)
(0.15004 0.0552779 0)
(0.141824 0.0577301 0)
(0.134174 0.0596293 0)
(0.126989 0.0610696 0)
(0.120191 0.062135 0)
(0.11372 0.0629002 0)
(0.107526 0.0634312 0)
(0.101574 0.0637867 0)
(0.09583 0.0640194 0)
(0.0902681 0.0641774 0)
(0.0848631 0.0643055 0)
(0.0795908 0.0644463 0)
(0.0744261 0.0646406 0)
(0.0693415 0.0649277 0)
(0.0643059 0.0653452 0)
(0.0592833 0.0659277 0)
(0.0542311 0.0667059 0)
(0.0490986 0.0677044 0)
(0.0438245 0.0689398 0)
(0.0383353 0.070418 0)
(0.0325425 0.0721302 0)
(0.0263374 0.0740447 0)
(0.0196318 0.0760874 0)
(0.0125005 0.0780543 0)
(0.00533842 0.0784172 0)
(0.810412 -0.0215642 0)
(0.667889 -0.0652846 0)
(0.552652 -0.0673717 0)
(0.463921 -0.0501119 0)
(0.396813 -0.0283532 0)
(0.345588 -0.00894285 0)
(0.305732 0.00652855 0)
(0.27407 0.0186029 0)
(0.24841 0.0282047 0)
(0.227228 0.0360409 0)
(0.20944 0.0425533 0)
(0.194255 0.048006 0)
(0.181087 0.0525623 0)
(0.169497 0.0563357 0)
(0.159152 0.0594169 0)
(0.149798 0.0618875 0)
(0.14124 0.0638255 0)
(0.133328 0.0653061 0)
(0.125949 0.066401 0)
(0.119012 0.0671777 0)
(0.112447 0.0676983 0)
(0.106199 0.0680199 0)
(0.100222 0.0681945 0)
(0.0944801 0.0682707 0)
(0.0889398 0.0682937 0)
(0.0835722 0.0683073 0)
(0.0783491 0.0683537 0)
(0.0732416 0.0684749 0)
(0.0682189 0.0687121 0)
(0.0632471 0.069106 0)
(0.0582876 0.0696953 0)
(0.0532959 0.0705162 0)
(0.0482204 0.0715997 0)
(0.0430002 0.0729703 0)
(0.0375646 0.0746428 0)
(0.0318307 0.0766172 0)
(0.0257002 0.0788687 0)
(0.019101 0.081324 0)
(0.0121139 0.0837663 0)
(0.00514441 0.0845719 0)
(0.767228 0.0797835 0)
(0.650294 0.0255803 0)
(0.548617 0.00724749 0)
(0.466265 0.00830404 0)
(0.401672 0.0166999 0)
(0.351129 0.026054 0)
(0.311095 0.0341836 0)
(0.278847 0.0408755 0)
(0.252426 0.0464639 0)
(0.230441 0.0512595 0)
(0.211881 0.0554395 0)
(0.195995 0.0590838 0)
(0.182213 0.0622251 0)
(0.170098 0.0648816 0)
(0.159314 0.067074 0)
(0.1496 0.0688313 0)
(0.140754 0.0701915 0)
(0.132618 0.0711993 0)
(0.125067 0.0719032 0)
(0.118005 0.0723528 0)
(0.111354 0.0725968 0)
(0.105052 0.0726824 0)
(0.0990481 0.0726545 0)
(0.0933006 0.0725565 0)
(0.0877724 0.0724307 0)
(0.0824304 0.072319 0)
(0.0772427 0.0722633 0)
(0.0721773 0.0723063 0)
(0.0672006 0.0724909 0)
(0.0622761 0.0728606 0)
(0.0573634 0.0734578 0)
(0.0524171 0.0743234 0)
(0.0473851 0.0754943 0)
(0.0422081 0.0770016 0)
(0.0368185 0.078867 0)
(0.0311397 0.0810969 0)
(0.0250831 0.0836703 0)
(0.0185904 0.0865117 0)
(0.0117468 0.0893895 0)
(0.00496394 0.0905846 0)
(0.703706 0.157604 0)
(0.612692 0.100614 0)
(0.528348 0.0724454 0)
(0.456601 0.0617347 0)
(0.398016 0.059412 0)
(0.350693 0.0601614 0)
(0.312258 0.0617122 0)
(0.280668 0.0634123 0)
(0.254368 0.0651759 0)
(0.232209 0.0670038 0)
(0.213328 0.0688566 0)
(0.197065 0.0706612 0)
(0.182901 0.0723382 0)
(0.17043 0.0738221 0)
(0.15933 0.0750695 0)
(0.149345 0.0760603 0)
(0.140274 0.0767942 0)
(0.131957 0.0772862 0)
(0.124266 0.0775616 0)
(0.117099 0.0776518 0)
(0.110375 0.0775919 0)
(0.104025 0.0774185 0)
(0.0979962 0.0771691 0)
(0.0922412 0.0768816 0)
(0.08672 0.0765948 0)
(0.081396 0.0763486 0)
(0.0762343 0.0761842 0)
(0.0712002 0.0761446 0)
(0.0662577 0.0762744 0)
(0.0613687 0.0766192 0)
(0.0564913 0.0772249 0)
(0.0515796 0.0781364 0)
(0.0465822 0.0793956 0)
(0.0414417 0.0810389 0)
(0.0360942 0.0830933 0)
(0.0304689 0.0855696 0)
(0.0244867 0.0884483 0)
(0.0181008 0.0916497 0)
(0.0113992 0.0949259 0)
(0.00479637 0.0964638 0)
(0.636252 0.215708 0)
(0.567179 0.16041 0)
(0.499598 0.127113 0)
(0.439429 0.108509 0)
(0.388288 0.0982054 0)
(0.345547 0.092098 0)
(0.309837 0.0881413 0)
(0.279795 0.0854948 0)
(0.254306 0.083814 0)
(0.232501 0.082888 0)
(0.213702 0.0825232 0)
(0.197364 0.0825331 0)
(0.183047 0.0827524 0)
(0.17039 0.0830483 0)
(0.1591 0.0833242 0)
(0.148939 0.0835172 0)
(0.139714 0.0835926 0)
(0.131268 0.0835378 0)
(0.123474 0.0833561 0)
(0.116229 0.0830615 0)
(0.109448 0.0826754 0)
(0.103063 0.0822241 0)
(0.0970144 0.0817374 0)
(0.0912542 0.0812475 0)
(0.0857389 0.0807896 0)
(0.0804294 0.0804012 0)
(0.0752883 0.0801225 0)
(0.0702788 0.0799968 0)
(0.0653631 0.0800697 0)
(0.0605017 0.080389 0)
(0.0556522 0.0810033 0)
(0.0507687 0.081961 0)
(0.0458009 0.0833079 0)
(0.0406936 0.0850848 0)
(0.0353869 0.0873225 0)
(0.029816 0.0900344 0)
(0.0239098 0.0932011 0)
(0.0176314 0.0967369 0)
(0.0110701 0.100378 0)
(0.00464062 0.102218 0)
(0.572366 0.258577 0)
(0.520585 0.206972 0)
(0.467497 0.171677 0)
(0.418198 0.14824 0)
(0.374639 0.132396 0)
(0.336964 0.121163 0)
(0.304551 0.112853 0)
(0.276606 0.106609 0)
(0.252411 0.101964 0)
(0.231368 0.0985857 0)
(0.212983 0.096186 0)
(0.196837 0.0945054 0)
(0.182576 0.0933201 0)
(0.169896 0.092449 0)
(0.158543 0.0917545 0)
(0.148303 0.0911394 0)
(0.138997 0.0905402 0)
(0.130478 0.0899198 0)
(0.122623 0.0892618 0)
(0.115331 0.0885641 0)
(0.108517 0.0878353 0)
(0.102111 0.0870916 0)
(0.0960539 0.0863551 0)
(0.0902947 0.0856527 0)
(0.0847883 0.0850155 0)
(0.0794937 0.0844786 0)
(0.0743716 0.0840813 0)
(0.0693836 0.0838666 0)
(0.064491 0.0838811 0)
(0.0596534 0.0841742 0)
(0.0548282 0.0847967 0)
(0.0499701 0.0858 0)
(0.0450302 0.087233 0)
(0.0399559 0.0891396 0)
(0.0346915 0.0915535 0)
(0.0291773 0.0944894 0)
(0.0233498 0.0979265 0)
(0.0171801 0.101772 0)
(0.0107578 0.105748 0)
(0.00449528 0.107855 0)
(0.514982 0.290127 0)
(0.476356 0.242836 0)
(0.435092 0.207439 0)
(0.395242 0.181384 0)
(0.358701 0.161963 0)
(0.32602 0.147112 0)
(0.297075 0.135525 0)
(0.271502 0.126429 0)
(0.248903 0.119328 0)
(0.228912 0.11384 0)
(0.211199 0.109631 0)
(0.195466 0.106405 0)
(0.181443 0.103903 0)
(0.16889 0.101915 0)
(0.157594 0.100276 0)
(0.147369 0.0988616 0)
(0.138058 0.0975866 0)
(0.129525 0.0963939 0)
(0.121654 0.0952499 0)
(0.114349 0.0941382 0)
(0.107528 0.0930558 0)
(0.101122 0.0920096 0)
(0.0950698 0.0910146 0)
(0.0893215 0.0900923 0)
(0.0838305 0.0892699 0)
(0.0785546 0.0885802 0)
(0.0734534 0.088061 0)
(0.0684878 0.0877553 0)
(0.0636181 0.0877102 0)
(0.0588038 0.0879762 0)
(0.0540027 0.0886063 0)
(0.0491703 0.0896538 0)
(0.0442596 0.0911702 0)
(0.0392208 0.0932017 0)
(0.0340019 0.0957837 0)
(0.0285484 0.0989314 0)
(0.0228032 0.102621 0)
(0.0167441 0.106755 0)
(0.01046 0.111037 0)
(0.00435885 0.113381 0)
(0.464723 0.313381 0)
(0.435924 0.270348 0)
(0.403988 0.235924 0)
(0.371993 0.208765 0)
(0.341604 0.187241 0)
(0.313541 0.16999 0)
(0.287984 0.15605 0)
(0.264862 0.144779 0)
(0.244015 0.13571 0)
(0.22526 0.12846 0)
(0.208406 0.122687 0)
(0.193259 0.118083 0)
(0.179629 0.114378 0)
(0.167334 0.111346 0)
(0.156204 0.108806 0)
(0.146086 0.106618 0)
(0.136843 0.10468 0)
(0.128355 0.102919 0)
(0.120515 0.101288 0)
(0.113235 0.0997589 0)
(0.106436 0.098318 0)
(0.100051 0.0969641 0)
(0.0940217 0.0957055 0)
(0.0882974 0.0945588 0)
(0.0828315 0.0935476 0)
(0.0775814 0.0927022 0)
(0.0725064 0.0920593 0)
(0.0675668 0.0916614 0)
(0.062723 0.0915558 0)
(0.0579347 0.0917942 0)
(0.0531604 0.0924308 0)
(0.048357 0.0935206 0)
(0.0434793 0.095117 0)
(0.0384804 0.0972678 0)
(0.0333121 0.100009 0)
(0.0279246 0.103356 0)
(0.0222661 0.107282 0)
(0.0163202 0.111682 0)
(0.0101739 0.116246 0)
(0.00422978 0.118802 0)
(0.421119 0.330579 0)
(0.399596 0.291457 0)
(0.374879 0.25856 0)
(0.349245 0.231282 0)
(0.324078 0.208712 0)
(0.300128 0.189995 0)
(0.277735 0.174457 0)
(0.257012 0.161593 0)
(0.237967 0.150998 0)
(0.220551 0.142317 0)
(0.204681 0.135224 0)
(0.19025 0.129419 0)
(0.177135 0.124636 0)
(0.16521 0.120648 0)
(0.154344 0.117267 0)
(0.144415 0.114345 0)
(0.13531 0.111768 0)
(0.126924 0.109453 0)
(0.119163 0.107343 0)
(0.111946 0.105399 0)
(0.105199 0.103601 0)
(0.098861 0.101938 0)
(0.0928744 0.100415 0)
(0.0871898 0.099042 0)
(0.0817614 0.0978406 0)
(0.076547 0.0968386 0)
(0.0715061 0.0960714 0)
(0.0665992 0.0955808 0)
(0.0617871 0.0954145 0)
(0.0570302 0.0956246 0)
(0.052288 0.0962666 0)
(0.047519 0.0973966 0)
(0.0426802 0.0990692 0)
(0.0377275 0.101333 0)
(0.0326163 0.104225 0)
(0.027301 0.107759 0)
(0.0217346 0.111905 0)
(0.015905 0.116552 0)
(0.00989704 0.121376 0)
(0.00410653 0.124121 0)
(0.38326 0.343351 0)
(0.367113 0.307698 0)
(0.347933 0.276566 0)
(0.327379 0.249782 0)
(0.306564 0.226893 0)
(0.286193 0.2074 0)
(0.266673 0.190854 0)
(0.248224 0.176879 0)
(0.230958 0.16514 0)
(0.214921 0.155328 0)
(0.20011 0.147146 0)
(0.186484 0.140317 0)
(0.17398 0.134589 0)
(0.162515 0.129741 0)
(0.151996 0.125589 0)
(0.142332 0.121981 0)
(0.133428 0.118799 0)
(0.125199 0.115953 0)
(0.117563 0.113379 0)
(0.110447 0.111031 0)
(0.103786 0.10888 0)
(0.0975204 0.106913 0)
(0.0915981 0.105126 0)
(0.0859709 0.103529 0)
(0.0805948 0.102139 0)
(0.0754283 0.100981 0)
(0.0704319 0.10009 0)
(0.0655667 0.0995074 0)
(0.0607944 0.0992806 0)
(0.0560764 0.0994622 0)
(0.0513738 0.100108 0)
(0.0466466 0.101276 0)
(0.0418544 0.103021 0)
(0.0369557 0.105391 0)
(0.0319091 0.108425 0)
(0.026673 0.112133 0)
(0.0212045 0.116485 0)
(0.015495 0.12136 0)
(0.00962669 0.126425 0)
(0.00398764 0.129341 0)
(0.350147 0.352871 0)
(0.337988 0.320246 0)
(0.323048 0.290933 0)
(0.306527 0.264998 0)
(0.289306 0.242273 0)
(0.272011 0.222497 0)
(0.255056 0.205392 0)
(0.238714 0.190691 0)
(0.223159 0.17813 0)
(0.208497 0.167449 0)
(0.194779 0.15839 0)
(0.182019 0.150705 0)
(0.170194 0.144163 0)
(0.15926 0.138556 0)
(0.149159 0.133708 0)
(0.139822 0.129471 0)
(0.131178 0.125725 0)
(0.123157 0.122379 0)
(0.11569 0.119361 0)
(0.108713 0.116624 0)
(0.102169 0.114132 0)
(0.0960036 0.111867 0)
(0.0901683 0.109824 0)
(0.0846179 0.108007 0)
(0.0793104 0.10643 0)
(0.074206 0.105119 0)
(0.0692662 0.104107 0)
(0.0644537 0.103433 0)
(0.0597313 0.103147 0)
(0.0550618 0.1033 0)
(0.0504079 0.103949 0)
(0.0457317 0.105152 0)
(0.0409949 0.106964 0)
(0.0361589 0.109436 0)
(0.0311855 0.112602 0)
(0.0260363 0.116473 0)
(0.0206721 0.121016 0)
(0.0150871 0.126104 0)
(0.00936035 0.131393 0)
(0.00387177 0.134463 0)
(0.320855 0.359979 0)
(0.311676 0.329981 0)
(0.299997 0.302438 0)
(0.286683 0.277537 0)
(0.272424 0.255282 0)
(0.257754 0.235566 0)
(0.24307 0.218235 0)
(0.228656 0.203108 0)
(0.214717 0.189988 0)
(0.201395 0.178664 0)
(0.188778 0.168917 0)
(0.176914 0.160532 0)
(0.165815 0.153301 0)
(0.155468 0.147036 0)
(0.14584 0.141571 0)
(0.136885 0.136765 0)
(0.128552 0.132502 0)
(0.120784 0.128689 0)
(0.113527 0.125256 0)
(0.106725 0.122148 0)
(0.100329 0.11933 0)
(0.0942913 0.11678 0)
(0.0885664 0.114489 0)
(0.083113 0.112458 0)
(0.0778917 0.110701 0)
(0.0728647 0.109241 0)
(0.0679955 0.10811 0)
(0.0632481 0.107348 0)
(0.0585871 0.107004 0)
(0.053977 0.107129 0)
(0.0493823 0.10778 0)
(0.0447672 0.109016 0)
(0.0400958 0.110892 0)
(0.0353322 0.113457 0)
(0.030441 0.116748 0)
(0.0253868 0.120772 0)
(0.0201338 0.125492 0)
(0.014678 0.130779 0)
(0.00909565 0.136276 0)
(0.00375769 0.139486 0)
(0.294594 0.365274 0)
(0.28767 0.337551 0)
(0.278521 0.311677 0)
(0.267773 0.28789 0)
(0.25596 0.266287 0)
(0.243532 0.246861 0)
(0.230847 0.229543 0)
(0.218183 0.214222 0)
(0.205755 0.200755 0)
(0.19372 0.188976 0)
(0.182189 0.178706 0)
(0.171234 0.169761 0)
(0.16089 0.161959 0)
(0.151169 0.155132 0)
(0.142057 0.149129 0)
(0.133529 0.143817 0)
(0.125549 0.139087 0)
(0.118076 0.134848 0)
(0.111065 0.131029 0)
(0.104473 0.127576 0)
(0.0982548 0.12445 0)
(0.0923702 0.121629 0)
(0.086779 0.119101 0)
(0.0814432 0.116866 0)
(0.0763264 0.114936 0)
(0.0713931 0.113333 0)
(0.0666091 0.112088 0)
(0.0619404 0.111242 0)
(0.0573535 0.110841 0)
(0.0528148 0.110939 0)
(0.0482908 0.111592 0)
(0.0437479 0.112859 0)
(0.0391525 0.114794 0)
(0.0344713 0.117448 0)
(0.0296717 0.120854 0)
(0.0247211 0.125021 0)
(0.0195863 0.129907 0)
(0.0142652 0.135379 0)
(0.00883048 0.141071 0)
(0.0036443 0.14441 0)
(0.270718 0.369183 0)
(0.265529 0.343434 0)
(0.25837 0.319105 0)
(0.249694 0.296443 0)
(0.239915 0.275592 0)
(0.229407 0.256604 0)
(0.218483 0.239469 0)
(0.207403 0.224127 0)
(0.196376 0.21048 0)
(0.185565 0.198403 0)
(0.175092 0.187751 0)
(0.165042 0.17837 0)
(0.155469 0.170106 0)
(0.146398 0.162809 0)
(0.137835 0.156345 0)
(0.129769 0.150591 0)
(0.122179 0.145445 0)
(0.115035 0.140821 0)
(0.108304 0.136649 0)
(0.101951 0.132878 0)
(0.0959388 0.129467 0)
(0.0902331 0.126392 0)
(0.0847982 0.123641 0)
(0.0796004 0.121213 0)
(0.0746063 0.11912 0)
(0.0697835 0.117381 0)
(0.0651001 0.116028 0)
(0.0605243 0.115101 0)
(0.0560247 0.114647 0)
(0.05157 0.11472 0)
(0.0471287 0.115375 0)
(0.0426695 0.11667 0)
(0.0381612 0.118662 0)
(0.0335729 0.121399 0)
(0.0288745 0.124914 0)
(0.024036 0.129213 0)
(0.0190268 0.134255 0)
(0.0138459 0.139899 0)
(0.00856298 0.145774 0)
(0.00353068 0.149231 0)
(0.248714 0.372008 0)
(0.244889 0.34798 0)
(0.239321 0.325064 0)
(0.232342 0.303498 0)
(0.224271 0.283443 0)
(0.215415 0.264984 0)
(0.206046 0.248147 0)
(0.196398 0.232912 0)
(0.186667 0.219216 0)
(0.177013 0.206968 0)
(0.16756 0.196055 0)
(0.158402 0.186349 0)
(0.149602 0.17772 0)
(0.141196 0.170039 0)
(0.133204 0.163186 0)
(0.125627 0.157052 0)
(0.118455 0.151543 0)
(0.11167 0.146577 0)
(0.105248 0.142089 0)
(0.0991612 0.138028 0)
(0.093381 0.134356 0)
(0.0878774 0.131047 0)
(0.0826206 0.12809 0)
(0.0775804 0.125482 0)
(0.0727272 0.123236 0)
(0.0680316 0.12137 0)
(0.0634641 0.119916 0)
(0.0589957 0.118914 0)
(0.0545972 0.118411 0)
(0.0502394 0.118459 0)
(0.0458931 0.119116 0)
(0.0415293 0.12044 0)
(0.0371192 0.122484 0)
(0.0326343 0.125299 0)
(0.0280468 0.128916 0)
(0.0233292 0.13334 0)
(0.0184529 0.138526 0)
(0.0134183 0.144333 0)
(0.00829156 0.150379 0)
(0.00341604 0.153945 0)
(0.228183 0.373961 0)
(0.225455 0.351439 0)
(0.221186 0.329811 0)
(0.215619 0.30929 0)
(0.208999 0.290038 0)
(0.201579 0.272157 0)
(0.193588 0.255697 0)
(0.185236 0.240662 0)
(0.176702 0.227019 0)
(0.168137 0.214703 0)
(0.159664 0.203629 0)
(0.151376 0.193692 0)
(0.143342 0.184786 0)
(0.135607 0.1768 0)
(0.1282 0.169628 0)
(0.121131 0.163175 0)
(0.1144 0.157353 0)
(0.107998 0.152089 0)
(0.101908 0.147322 0)
(0.0961116 0.143002 0)
(0.0905856 0.139094 0)
(0.0853058 0.135573 0)
(0.0802469 0.132427 0)
(0.0753831 0.129655 0)
(0.0706883 0.127267 0)
(0.066136 0.125285 0)
(0.0616998 0.123738 0)
(0.0573532 0.122667 0)
(0.0530692 0.122118 0)
(0.0488212 0.122146 0)
(0.0445823 0.122806 0)
(0.0403257 0.124156 0)
(0.0360249 0.126251 0)
(0.0316537 0.129139 0)
(0.0271867 0.132852 0)
(0.0225985 0.137393 0)
(0.0178626 0.142715 0)
(0.0129805 0.148674 0)
(0.00801492 0.154882 0)
(0.00329977 0.158548 0)
(0.208813 0.375191 0)
(0.206996 0.353995 0)
(0.203812 0.333535 0)
(0.199439 0.313998 0)
(0.19407 0.295536 0)
(0.187908 0.278256 0)
(0.181149 0.262221 0)
(0.173975 0.247453 0)
(0.166547 0.23394 0)
(0.159005 0.22164 0)
(0.151465 0.210488 0)
(0.14402 0.200404 0)
(0.13674 0.191298 0)
(0.129676 0.183078 0)
(0.12286 0.175652 0)
(0.116312 0.168936 0)
(0.110038 0.162852 0)
(0.104037 0.157334 0)
(0.0982996 0.152324 0)
(0.0928135 0.147778 0)
(0.0875615 0.143661 0)
(0.0825245 0.13995 0)
(0.0776819 0.136635 0)
(0.0730119 0.133714 0)
(0.0684917 0.131199 0)
(0.0640984 0.12911 0)
(0.0598082 0.127479 0)
(0.0555972 0.126346 0)
(0.0514411 0.125758 0)
(0.0473156 0.125767 0)
(0.0431961 0.126432 0)
(0.0390581 0.127808 0)
(0.0348774 0.129952 0)
(0.0306301 0.13291 0)
(0.0262929 0.136713 0)
(0.0218425 0.141364 0)
(0.0172545 0.146814 0)
(0.0125312 0.152916 0)
(0.00773207 0.159276 0)
(0.00318138 0.163033 0)
(0.190369 0.375797 0)
(0.189331 0.355777 0)
(0.187075 0.336379 0)
(0.183734 0.317761 0)
(0.179457 0.300062 0)
(0.174411 0.283388 0)
(0.16876 0.267806 0)
(0.162661 0.253352 0)
(0.156257 0.240029 0)
(0.149675 0.227811 0)
(0.143024 0.216652 0)
(0.136391 0.206491 0)
(0.129848 0.197253 0)
(0.123446 0.188863 0)
(0.117223 0.181243 0)
(0.111202 0.174318 0)
(0.105396 0.168021 0)
(0.0998101 0.16229 0)
(0.0944412 0.157076 0)
(0.089282 0.152335 0)
(0.0843208 0.148037 0)
(0.0795434 0.14416 0)
(0.0749334 0.140695 0)
(0.0704728 0.137643 0)
(0.0661425 0.135015 0)
(0.0619226 0.132832 0)
(0.0577922 0.131127 0)
(0.0537302 0.129939 0)
(0.0497147 0.129316 0)
(0.0457237 0.129312 0)
(0.0417352 0.129982 0)
(0.0377268 0.131386 0)
(0.0336767 0.133576 0)
(0.0295631 0.1366 0)
(0.0253648 0.140488 0)
(0.0210605 0.145243 0)
(0.0166277 0.150813 0)
(0.0120694 0.15705 0)
(0.00744228 0.163554 0)
(0.00306051 0.167394 0)
(0.17267 0.375848 0)
(0.172321 0.356877 0)
(0.17088 0.338445 0)
(0.168447 0.320683 0)
(0.16514 0.303715 0)
(0.161094 0.28764 0)
(0.156447 0.272528 0)
(0.151334 0.25842 0)
(0.145881 0.24533 0)
(0.140201 0.233248 0)
(0.134393 0.222141 0)
(0.128542 0.211962 0)
(0.122714 0.202654 0)
(0.116963 0.194153 0)
(0.111328 0.186392 0)
(0.105836 0.179309 0)
(0.100505 0.172844 0)
(0.0953433 0.166942 0)
(0.0903544 0.161559 0)
(0.0855351 0.156655 0)
(0.0808786 0.152204 0)
(0.0763749 0.148185 0)
(0.0720116 0.144592 0)
(0.0677745 0.141426 0)
(0.0636478 0.138699 0)
(0.0596146 0.136435 0)
(0.0556569 0.134666 0)
(0.0517561 0.133432 0)
(0.0478931 0.132781 0)
(0.0440482 0.132767 0)
(0.0402016 0.133446 0)
(0.0363334 0.134877 0)
(0.0324237 0.137113 0)
(0.028453 0.140201 0)
(0.0244023 0.14417 0)
(0.020252 0.149022 0)
(0.0159815 0.154705 0)
(0.0115947 0.161069 0)
(0.00714507 0.167709 0)
(0.00293695 0.171626 0)
(0.155584 0.375383 0)
(0.155862 0.357356 0)
(0.155154 0.339807 0)
(0.153537 0.322843 0)
(0.151104 0.306572 0)
(0.147965 0.291083 0)
(0.144236 0.276446 0)
(0.140032 0.262707 0)
(0.135462 0.249885 0)
(0.130629 0.237981 0)
(0.125623 0.226975 0)
(0.120519 0.216831 0)
(0.115384 0.207505 0)
(0.110269 0.198944 0)
(0.105214 0.191094 0)
(0.100249 0.1839 0)
(0.0953945 0.177309 0)
(0.0906635 0.171276 0)
(0.0860625 0.165759 0)
(0.0815929 0.160724 0)
(0.077252 0.156146 0)
(0.0730336 0.152011 0)
(0.0689292 0.14831 0)
(0.0649277 0.145048 0)
(0.0610166 0.142239 0)
(0.0571819 0.139907 0)
(0.0534085 0.138084 0)
(0.0496805 0.136812 0)
(0.0459809 0.13614 0)
(0.0422927 0.136121 0)
(0.0385983 0.136812 0)
(0.0348799 0.138271 0)
(0.03112 0.140553 0)
(0.027301 0.143702 0)
(0.023406 0.147748 0)
(0.0194172 0.152692 0)
(0.015316 0.158483 0)
(0.0111068 0.164966 0)
(0.00684025 0.171733 0)
(0.00281057 0.17572 0)
(0.139013 0.374425 0)
(0.139876 0.357256 0)
(0.139843 0.34052 0)
(0.138972 0.324301 0)
(0.137338 0.308693 0)
(0.13503 0.293775 0)
(0.132147 0.279615 0)
(0.128785 0.266258 0)
(0.125041 0.253731 0)
(0.121005 0.24204 0)
(0.116758 0.231175 0)
(0.11237 0.221111 0)
(0.107903 0.211813 0)
(0.103406 0.20324 0)
(0.0989203 0.195345 0)
(0.0944763 0.188083 0)
(0.0900971 0.181408 0)
(0.0857983 0.175281 0)
(0.0815899 0.169663 0)
(0.0774768 0.164528 0)
(0.0734597 0.159852 0)
(0.0695359 0.155622 0)
(0.0657 0.151835 0)
(0.0619443 0.148496 0)
(0.0582593 0.145621 0)
(0.0546336 0.143233 0)
(0.0510549 0.141368 0)
(0.0475096 0.140068 0)
(0.0439835 0.139382 0)
(0.0404617 0.139363 0)
(0.0369288 0.14007 0)
(0.0333693 0.141559 0)
(0.0297678 0.143885 0)
(0.0261087 0.147093 0)
(0.022377 0.151214 0)
(0.0185569 0.156245 0)
(0.0146314 0.162136 0)
(0.0106058 0.168732 0)
(0.00652783 0.175619 0)
(0.00268138 0.179669 0)
(0.122888 0.372984 0)
(0.124311 0.356603 0)
(0.124911 0.34062 0)
(0.124733 0.325101 0)
(0.123838 0.310125 0)
(0.1223 0.295763 0)
(0.1202 0.282078 0)
(0.117624 0.269114 0)
(0.114653 0.256901 0)
(0.111368 0.245452 0)
(0.10784 0.234762 0)
(0.104135 0.224817 0)
(0.100311 0.215589 0)
(0.0964134 0.207044 0)
(0.0924832 0.199147 0)
(0.0885518 0.191856 0)
(0.0846433 0.185135 0)
(0.0807759 0.178948 0)
(0.076962 0.173263 0)
(0.0732093 0.168056 0)
(0.0695215 0.163308 0)
(0.0658991 0.159009 0)
(0.0623395 0.155156 0)
(0.0588379 0.151759 0)
(0.0553875 0.148832 0)
(0.0519797 0.146404 0)
(0.0486046 0.144508 0)
(0.0452512 0.143189 0)
(0.0419073 0.142495 0)
(0.0385605 0.142483 0)
(0.0351976 0.143208 0)
(0.0318052 0.144729 0)
(0.0283699 0.1471 0)
(0.0248783 0.150367 0)
(0.021317 0.154558 0)
(0.0176721 0.159673 0)
(0.0139286 0.165658 0)
(0.0100922 0.17236 0)
(0.00620807 0.179359 0)
(0.00254945 0.183465 0)
(0.107162 0.371061 0)
(0.10913 0.355412 0)
(0.110332 0.340134 0)
(0.110807 0.325277 0)
(0.110603 0.310906 0)
(0.109784 0.297085 0)
(0.108417 0.28387 0)
(0.106575 0.271307 0)
(0.10433 0.259425 0)
(0.101752 0.248241 0)
(0.0989075 0.237758 0)
(0.0958547 0.227964 0)
(0.0926463 0.218842 0)
(0.0893281 0.210364 0)
(0.0859383 0.2025 0)
(0.0825085 0.195218 0)
(0.079064 0.188486 0)
(0.0756243 0.182272 0)
(0.072204 0.17655 0)
(0.068813 0.1713 0)
(0.0654578 0.166505 0)
(0.0621413 0.162159 0)
(0.0588637 0.158263 0)
(0.0556226 0.154824 0)
(0.0524139 0.151863 0)
(0.0492313 0.149407 0)
(0.0460674 0.147493 0)
(0.0429133 0.146164 0)
(0.0397595 0.145471 0)
(0.0365954 0.14547 0)
(0.0334099 0.146218 0)
(0.0301919 0.147773 0)
(0.0269299 0.150189 0)
(0.0236124 0.153513 0)
(0.020228 0.157771 0)
(0.0167646 0.162965 0)
(0.0132087 0.16904 0)
(0.00956682 0.175841 0)
(0.00588144 0.182945 0)
(0.00241497 0.187102 0)
(0.091808 0.368651 0)
(0.0943105 0.353689 0)
(0.0960941 0.339077 0)
(0.0971896 0.324851 0)
(0.0976389 0.311063 0)
(0.0974943 0.297771 0)
(0.0968148 0.285024 0)
(0.0956628 0.272867 0)
(0.0941015 0.26133 0)
(0.0921929 0.250433 0)
(0.0899955 0.24018 0)
(0.0875636 0.230568 0)
(0.0849459 0.221584 0)
(0.0821854 0.213206 0)
(0.0793191 0.205411 0)
(0.0763783 0.198171 0)
(0.0733887 0.191459 0)
(0.0703709 0.185249 0)
(0.067341 0.17952 0)
(0.064311 0.174253 0)
(0.0612894 0.169437 0)
(0.0582814 0.165066 0)
(0.0552893 0.161145 0)
(0.0523134 0.157684 0)
(0.0493515 0.154704 0)
(0.0464 0.152234 0)
(0.0434534 0.150312 0)
(0.0405051 0.148983 0)
(0.0375478 0.148299 0)
(0.0345728 0.148315 0)
(0.0315714 0.14909 0)
(0.0285342 0.150681 0)
(0.0254517 0.153144 0)
(0.0223144 0.156523 0)
(0.0191127 0.160847 0)
(0.0158362 0.166116 0)
(0.0124732 0.172275 0)
(0.0090307 0.179169 0)
(0.00554861 0.18637 0)
(0.00227821 0.190571 0)
(0.0768114 0.365744 0)
(0.0798432 0.351438 0)
(0.0821909 0.337463 0)
(0.0838816 0.323843 0)
(0.0849513 0.310621 0)
(0.0854452 0.297847 0)
(0.0854141 0.285567 0)
(0.0849124 0.273821 0)
(0.0839958 0.262641 0)
(0.0827194 0.252048 0)
(0.0811362 0.242049 0)
(0.0792955 0.232645 0)
(0.0772427 0.223828 0)
(0.0750182 0.21558 0)
(0.0726576 0.207884 0)
(0.0701916 0.200717 0)
(0.0676461 0.194055 0)
(0.0650424 0.187879 0)
(0.0623978 0.182169 0)
(0.0597259 0.176911 0)
(0.0570369 0.172096 0)
(0.0543379 0.167723 0)
(0.0516334 0.163796 0)
(0.0489254 0.160329 0)
(0.0462142 0.157346 0)
(0.0434979 0.154875 0)
(0.0407733 0.152958 0)
(0.038036 0.151639 0)
(0.0352804 0.150971 0)
(0.0325 0.15101 0)
(0.0296881 0.151816 0)
(0.0268372 0.153446 0)
(0.0239397 0.155956 0)
(0.0209879 0.159389 0)
(0.017974 0.163777 0)
(0.0148893 0.169117 0)
(0.0117239 0.175355 0)
(0.00848519 0.182335 0)
(0.00521047 0.189627 0)
(0.00213953 0.193867 0)
(0.0621699 0.362332 0)
(0.0657269 0.348657 0)
(0.0686251 0.335297 0)
(0.0708892 0.322266 0)
(0.0725514 0.309598 0)
(0.0736513 0.297335 0)
(0.0742335 0.285521 0)
(0.0743461 0.274193 0)
(0.0740386 0.263381 0)
(0.0733605 0.253107 0)
(0.0723596 0.243383 0)
(0.0710814 0.234211 0)
(0.069568 0.225586 0)
(0.0678574 0.217496 0)
(0.0659839 0.209927 0)
(0.0639774 0.20286 0)
(0.0618637 0.196277 0)
(0.0596648 0.19016 0)
(0.0573987 0.184495 0)
(0.0550802 0.17927 0)
(0.052721 0.174479 0)
(0.0503299 0.170123 0)
(0.047913 0.16621 0)
(0.0454743 0.162755 0)
(0.0430157 0.159782 0)
(0.0405376 0.157325 0)
(0.0380385 0.155422 0)
(0.0355159 0.154123 0)
(0.0329661 0.153478 0)
(0.0303847 0.153547 0)
(0.0277667 0.154388 0)
(0.0251065 0.15606 0)
(0.0223986 0.158617 0)
(0.0196368 0.162105 0)
(0.0168151 0.166553 0)
(0.0139266 0.17196 0)
(0.0109629 0.178272 0)
(0.00793191 0.185333 0)
(0.00486813 0.192709 0)
(0.00199943 0.196983 0)
(0.0478903 0.358402 0)
(0.0519685 0.345345 0)
(0.0554048 0.332586 0)
(0.0582227 0.320132 0)
(0.0604522 0.30801 0)
(0.0621288 0.296255 0)
(0.0632925 0.284908 0)
(0.0639863 0.274003 0)
(0.0642548 0.26357 0)
(0.0641427 0.253632 0)
(0.0636939 0.244201 0)
(0.0629502 0.235281 0)
(0.0619509 0.226872 0)
(0.060732 0.218965 0)
(0.0593264 0.211548 0)
(0.0577632 0.204608 0)
(0.056068 0.198128 0)
(0.054263 0.192096 0)
(0.0523671 0.186499 0)
(0.0503958 0.181329 0)
(0.048362 0.176583 0)
(0.0462759 0.172264 0)
(0.0441452 0.168382 0)
(0.0419755 0.164955 0)
(0.0397704 0.162008 0)
(0.0375318 0.159576 0)
(0.0352602 0.1577 0)
(0.0329548 0.156429 0)
(0.0306138 0.155816 0)
(0.0282346 0.15592 0)
(0.025814 0.1568 0)
(0.0233482 0.158515 0)
(0.0208334 0.161121 0)
(0.0182653 0.164662 0)
(0.0156396 0.169169 0)
(0.0129509 0.174639 0)
(0.0101926 0.18102 0)
(0.00737271 0.188156 0)
(0.00452302 0.19561 0)
(0.0018586 0.199912 0)
(0.0339871 0.353944 0)
(0.0385812 0.341498 0)
(0.0425431 0.329335 0)
(0.0458963 0.317452 0)
(0.0486694 0.305872 0)
(0.0508955 0.294625 0)
(0.0526108 0.283748 0)
(0.0538547 0.273273 0)
(0.0546679 0.263231 0)
(0.0550913 0.253641 0)
(0.0551654 0.244519 0)
(0.0549289 0.235872 0)
(0.0544189 0.2277 0)
(0.0536694 0.219998 0)
(0.0527121 0.212757 0)
(0.0515752 0.205966 0)
(0.0502842 0.199613 0)
(0.0488613 0.193688 0)
(0.0473257 0.188181 0)
(0.045694 0.183087 0)
(0.0439798 0.178406 0)
(0.0421945 0.174142 0)
(0.0403471 0.170309 0)
(0.0384446 0.166925 0)
(0.0364922 0.164018 0)
(0.0344933 0.161624 0)
(0.03245 0.159785 0)
(0.0303633 0.158551 0)
(0.0282329 0.157978 0)
(0.026058 0.158122 0)
(0.0238372 0.159046 0)
(0.0215684 0.160807 0)
(0.0192494 0.163462 0)
(0.0168779 0.167056 0)
(0.014451 0.171618 0)
(0.0119652 0.177149 0)
(0.00941529 0.183594 0)
(0.00680951 0.190798 0)
(0.00417683 0.198323 0)
(0.00171822 0.202651 0)
(0.0204818 0.348951 0)
(0.0255847 0.337116 0)
(0.0300586 0.325547 0)
(0.033928 0.314235 0)
(0.0372215 0.303198 0)
(0.0399703 0.292462 0)
(0.0422086 0.28206 0)
(0.0439728 0.272024 0)
(0.0453007 0.262381 0)
(0.0462301 0.253154 0)
(0.0467988 0.244357 0)
(0.047043 0.236 0)
(0.0469975 0.228084 0)
(0.0466951 0.220607 0)
(0.0461661 0.213563 0)
(0.0454381 0.206943 0)
(0.0445361 0.200738 0)
(0.0434824 0.194941 0)
(0.0422965 0.189544 0)
(0.0409955 0.184546 0)
(0.0395938 0.179948 0)
(0.0381039 0.175757 0)
(0.0365357 0.171988 0)
(0.0348975 0.168663 0)
(0.0331957 0.165809 0)
(0.0314353 0.163465 0)
(0.0296199 0.161673 0)
(0.0277519 0.160486 0)
(0.0258328 0.159959 0)
(0.0238632 0.16015 0)
(0.0218434 0.16112 0)
(0.0197731 0.16293 0)
(0.0176517 0.165635 0)
(0.0154785 0.16928 0)
(0.0132524 0.173896 0)
(0.0109715 0.179482 0)
(0.00863236 0.185986 0)
(0.00624323 0.193253 0)
(0.0038304 0.200844 0)
(0.00157921 0.205196 0)
(0.00739989 0.343424 0)
(0.0130014 0.332204 0)
(0.0179719 0.321231 0)
(0.0223378 0.310492 0)
(0.0261281 0.3 0)
(0.0293736 0.289779 0)
(0.0321068 0.279858 0)
(0.0343623 0.270269 0)
(0.0361756 0.261038 0)
(0.0375824 0.252186 0)
(0.038618 0.24373 0)
(0.0393167 0.235679 0)
(0.0397115 0.228038 0)
(0.0398337 0.220805 0)
(0.0397127 0.213977 0)
(0.0393755 0.207548 0)
(0.0388467 0.201512 0)
(0.0381485 0.195862 0)
(0.0373005 0.190595 0)
(0.0363203 0.185711 0)
(0.035223 0.181213 0)
(0.0340217 0.177112 0)
(0.0327273 0.173422 0)
(0.0313492 0.170168 0)
(0.0298949 0.167379 0)
(0.0283707 0.165095 0)
(0.0267816 0.163361 0)
(0.0251313 0.162228 0)
(0.0234229 0.161753 0)
(0.0216586 0.161995 0)
(0.0198401 0.163017 0)
(0.0179686 0.164877 0)
(0.0160454 0.167632 0)
(0.0140713 0.171328 0)
(0.0120468 0.175994 0)
(0.00997167 0.181631 0)
(0.00784414 0.188188 0)
(0.0056728 0.195512 0)
(0.0034815 0.203164 0)
(0.00144016 0.207545 0)
)
;

boundaryField
{
    leftWall
    {
        type            noSlip;
    }
    rightWall
    {
        type            noSlip;
    }
    lowerWall
    {
        type            noSlip;
    }
    atmosphere
    {
        type            pressureInletOutletVelocity;
        value           nonuniform List<vector> 0();
    }
    defaultFaces
    {
        type            empty;
    }
    procBoundary1to0
    {
        type            processor;
        value           nonuniform List<vector> 
44
(
(1.18863 -0.0695357 0)
(1.274 0.0785996 0)
(1.11381 0.066732 0)
(0.92884 0.259809 0)
(0.741257 0.529667 0)
(0.524345 0.751802 0)
(0.308333 0.915413 0)
(0.139235 1.05559 0)
(0.0586819 1.17133 0)
(0.0759948 1.24806 0)
(0.178671 1.26853 0)
(0.312506 1.22094 0)
(0.42001 1.12626 0)
(0.484609 1.02182 0)
(0.513752 0.927704 0)
(0.517846 0.847031 0)
(0.505315 0.779501 0)
(0.482958 0.724786 0)
(0.455611 0.681485 0)
(0.426198 0.647424 0)
(0.426509 0.599033 0)
(0.426509 0.599033 0)
(0.391031 0.577258 0)
(0.358678 0.560552 0)
(0.329212 0.5473 0)
(0.302266 0.536632 0)
(0.277442 0.527818 0)
(0.254358 0.520324 0)
(0.232667 0.513768 0)
(0.212066 0.507862 0)
(0.192303 0.502389 0)
(0.173173 0.497176 0)
(0.154513 0.492088 0)
(0.136201 0.48701 0)
(0.11815 0.481841 0)
(0.100298 0.476492 0)
(0.082612 0.470881 0)
(0.0650768 0.464932 0)
(0.0476976 0.458573 0)
(0.0304942 0.451739 0)
(0.0135004 0.444367 0)
(-0.00323834 0.436399 0)
(-0.019664 0.427784 0)
(-0.0357113 0.418489 0)
)
;
    }
    procBoundary1to3
    {
        type            processor;
        value           nonuniform List<vector> 
45
(
(-0.0417164 0.394592 0)
(-0.0330693 0.381504 0)
(-0.0253146 0.369468 0)
(-0.018162 0.358205 0)
(-0.0115809 0.347727 0)
(-0.00523089 0.337364 0)
(0.000854399 0.326769 0)
(0.00630361 0.316398 0)
(0.0111449 0.306236 0)
(0.0154084 0.296293 0)
(0.0191248 0.286593 0)
(0.0223259 0.277161 0)
(0.0250447 0.268028 0)
(0.0273152 0.259219 0)
(0.0291712 0.250756 0)
(0.0306464 0.242654 0)
(0.0317737 0.234926 0)
(0.0325846 0.227575 0)
(0.0331093 0.220604 0)
(0.033376 0.214011 0)
(0.0334111 0.207791 0)
(0.0332388 0.201942 0)
(0.0328813 0.196458 0)
(0.0323585 0.191339 0)
(0.031688 0.186585 0)
(0.0308855 0.182204 0)
(0.0299647 0.178206 0)
(0.0289374 0.17461 0)
(0.0278138 0.171439 0)
(0.0266027 0.168728 0)
(0.0253113 0.166514 0)
(0.0239458 0.164845 0)
(0.0225114 0.163774 0)
(0.0210123 0.163357 0)
(0.0194523 0.163656 0)
(0.0178345 0.164731 0)
(0.0161616 0.166644 0)
(0.0144363 0.169449 0)
(0.012661 0.173194 0)
(0.0108378 0.177908 0)
(0.0089679 0.183593 0)
(0.00705131 0.190198 0)
(0.00509699 0.197571 0)
(0.00312626 0.205277 0)
(0.00129723 0.209686 0)
)
;
    }
}


// ************************************************************************* //
