/*--------------------------------*- C++ -*----------------------------------*\
  =========                 |
  \\      /  F ield         | OpenFOAM: The Open Source CFD Toolbox
   \\    /   O peration     | Website:  https://openfoam.org
    \\  /    A nd           | Version:  9
     \\/     M anipulation  |
\*---------------------------------------------------------------------------*/
FoamFile
{
    format      ascii;
    class       volScalarField;
    location    "1950";
    object      p_rgh;
}
// * * * * * * * * * * * * * * * * * * * * * * * * * * * * * * * * * * * * * //

dimensions      [1 -1 -2 0 0 0 0];

internalField   nonuniform List<scalar> 
4000
(
204.761
204.761
204.761
204.762
204.762
204.762
204.762
204.762
204.762
204.762
204.762
204.762
204.762
204.762
204.762
204.762
204.762
204.761
204.761
204.761
204.76
204.76
204.76
204.76
204.76
204.761
204.761
204.761
204.761
204.761
204.761
204.761
204.761
204.761
204.76
204.76
204.76
204.76
204.76
204.76
204.76
204.759
204.759
204.759
204.759
204.759
204.76
204.76
204.76
204.76
204.76
204.76
204.76
204.76
204.759
204.759
204.759
204.759
204.759
204.759
204.759
204.758
204.758
204.758
204.758
204.758
204.758
204.758
204.758
204.758
204.758
204.758
204.758
204.758
204.758
204.758
204.758
204.758
204.758
204.759
204.758
204.757
204.757
204.757
204.757
204.757
204.757
204.757
204.757
204.757
204.757
204.757
204.757
204.757
204.757
204.757
204.757
204.757
204.757
204.758
204.757
204.756
204.756
204.756
204.755
204.755
204.755
204.755
204.755
204.755
204.755
204.755
204.755
204.755
204.755
204.755
204.756
204.756
204.756
204.757
204.756
204.755
204.755
204.754
204.754
204.754
204.754
204.754
204.753
204.754
204.753
204.753
204.753
204.754
204.754
204.754
204.754
204.755
204.755
204.756
204.755
204.754
204.753
204.753
204.752
204.752
204.752
204.752
204.752
204.752
204.752
204.752
204.752
204.752
204.752
204.752
204.753
204.753
204.754
204.755
204.753
204.753
204.752
204.751
204.751
204.751
204.75
204.75
204.75
204.75
204.75
204.75
204.75
204.75
204.751
204.751
204.751
204.752
204.753
204.753
204.752
204.752
204.751
204.75
204.75
204.75
204.749
204.749
204.749
204.749
204.749
204.749
204.749
204.749
204.75
204.75
204.75
204.751
204.752
204.752
204.761
204.761
204.761
204.762
204.762
204.762
204.762
204.762
204.762
204.762
204.762
204.762
204.762
204.762
204.762
204.762
204.762
204.761
204.761
204.761
204.76
204.76
204.76
204.76
204.76
204.76
204.761
204.761
204.761
204.761
204.761
204.761
204.761
204.761
204.76
204.76
204.76
204.76
204.76
204.76
204.759
204.759
204.759
204.759
204.759
204.759
204.76
204.76
204.76
204.76
204.76
204.76
204.76
204.76
204.759
204.759
204.759
204.759
204.759
204.759
204.758
204.758
204.758
204.758
204.758
204.758
204.758
204.758
204.759
204.759
204.759
204.759
204.758
204.758
204.758
204.758
204.758
204.758
204.758
204.758
204.757
204.757
204.757
204.757
204.757
204.757
204.757
204.757
204.757
204.757
204.757
204.757
204.757
204.757
204.757
204.757
204.757
204.757
204.757
204.757
204.756
204.756
204.756
204.755
204.755
204.755
204.755
204.755
204.755
204.755
204.755
204.755
204.755
204.755
204.755
204.755
204.755
204.756
204.756
204.756
204.755
204.755
204.754
204.754
204.754
204.754
204.753
204.753
204.753
204.753
204.753
204.753
204.753
204.753
204.754
204.754
204.754
204.754
204.755
204.755
204.754
204.753
204.753
204.752
204.752
204.752
204.752
204.752
204.752
204.752
204.752
204.752
204.752
204.752
204.752
204.752
204.752
204.752
204.753
204.754
204.753
204.752
204.751
204.75
204.75
204.75
204.749
204.749
204.749
204.749
204.749
204.749
204.749
204.749
204.75
204.75
204.75
204.751
204.752
204.753
204.752
204.751
204.75
204.75
204.749
204.749
204.748
204.748
204.748
204.748
204.748
204.748
204.748
204.748
204.749
204.749
204.75
204.75
204.751
204.752
204.761
204.761
204.762
204.762
204.762
204.762
204.762
204.762
204.762
204.762
204.762
204.762
204.762
204.762
204.762
204.762
204.762
204.762
204.761
204.761
204.76
204.76
204.76
204.76
204.76
204.76
204.761
204.761
204.761
204.761
204.761
204.761
204.761
204.761
204.761
204.76
204.76
204.76
204.76
204.76
204.759
204.759
204.759
204.759
204.759
204.759
204.76
204.76
204.76
204.76
204.76
204.76
204.76
204.76
204.759
204.759
204.759
204.759
204.759
204.759
204.758
204.758
204.758
204.758
204.758
204.758
204.758
204.759
204.759
204.759
204.759
204.759
204.759
204.758
204.758
204.758
204.758
204.758
204.758
204.758
204.757
204.757
204.757
204.757
204.757
204.757
204.757
204.757
204.757
204.757
204.757
204.757
204.757
204.757
204.757
204.757
204.757
204.757
204.757
204.757
204.756
204.756
204.755
204.755
204.755
204.755
204.755
204.756
204.756
204.756
204.756
204.756
204.756
204.755
204.755
204.755
204.755
204.755
204.756
204.756
204.755
204.754
204.754
204.754
204.754
204.754
204.754
204.754
204.754
204.754
204.754
204.754
204.754
204.754
204.754
204.754
204.754
204.754
204.754
204.755
204.753
204.753
204.752
204.752
204.752
204.752
204.752
204.752
204.752
204.752
204.752
204.752
204.752
204.752
204.752
204.752
204.752
204.752
204.752
204.753
204.752
204.751
204.75
204.75
204.75
204.749
204.749
204.749
204.749
204.749
204.749
204.749
204.749
204.749
204.749
204.749
204.75
204.75
204.751
204.752
204.751
204.75
204.749
204.749
204.748
204.748
204.747
204.747
204.747
204.747
204.747
204.747
204.747
204.747
204.748
204.748
204.749
204.749
204.75
204.751
204.762
204.762
204.762
204.762
204.762
204.762
204.762
204.762
204.762
204.762
204.762
204.762
204.762
204.762
204.762
204.762
204.762
204.762
204.762
204.762
204.76
204.76
204.76
204.76
204.76
204.761
204.761
204.761
204.761
204.761
204.761
204.761
204.761
204.761
204.761
204.76
204.76
204.76
204.76
204.76
204.759
204.759
204.759
204.759
204.759
204.759
204.76
204.76
204.76
204.76
204.76
204.76
204.76
204.76
204.759
204.759
204.759
204.759
204.759
204.759
204.758
204.758
204.758
204.758
204.758
204.758
204.758
204.759
204.759
204.759
204.759
204.759
204.759
204.758
204.758
204.758
204.758
204.758
204.758
204.758
204.757
204.757
204.757
204.757
204.757
204.757
204.757
204.757
204.757
204.757
204.757
204.757
204.757
204.757
204.757
204.757
204.757
204.757
204.757
204.757
204.756
204.755
204.755
204.755
204.755
204.755
204.756
204.756
204.756
204.756
204.756
204.756
204.756
204.756
204.755
204.755
204.755
204.755
204.755
204.755
204.754
204.754
204.754
204.754
204.754
204.754
204.754
204.754
204.754
204.754
204.754
204.754
204.754
204.754
204.754
204.754
204.754
204.754
204.754
204.754
204.753
204.752
204.752
204.752
204.752
204.752
204.752
204.752
204.752
204.752
204.752
204.752
204.752
204.752
204.752
204.752
204.752
204.752
204.752
204.753
204.751
204.75
204.75
204.75
204.749
204.749
204.749
204.749
204.749
204.749
204.749
204.749
204.749
204.749
204.749
204.749
204.749
204.75
204.75
204.751
204.75
204.75
204.749
204.748
204.748
204.747
204.746
204.746
204.746
204.745
204.745
204.745
204.746
204.746
204.747
204.747
204.748
204.749
204.75
204.75
204.762
204.762
204.762
204.762
204.762
204.762
204.762
204.762
204.762
204.762
204.762
204.762
204.762
204.762
204.762
204.762
204.762
204.762
204.762
204.762
204.76
204.76
204.76
204.76
204.761
204.761
204.761
204.761
204.761
204.761
204.761
204.761
204.761
204.761
204.761
204.761
204.76
204.76
204.76
204.76
204.759
204.759
204.759
204.759
204.759
204.76
204.76
204.76
204.76
204.76
204.76
204.76
204.76
204.76
204.76
204.759
204.759
204.759
204.759
204.759
204.758
204.758
204.758
204.758
204.758
204.758
204.759
204.759
204.759
204.759
204.759
204.759
204.759
204.758
204.758
204.758
204.758
204.758
204.758
204.758
204.757
204.757
204.757
204.757
204.757
204.757
204.757
204.757
204.757
204.757
204.757
204.757
204.757
204.757
204.757
204.757
204.757
204.757
204.757
204.757
204.755
204.755
204.755
204.755
204.755
204.756
204.756
204.756
204.756
204.756
204.756
204.756
204.756
204.756
204.756
204.755
204.755
204.755
204.755
204.755
204.754
204.754
204.754
204.754
204.754
204.754
204.754
204.754
204.754
204.754
204.754
204.754
204.754
204.754
204.754
204.754
204.754
204.754
204.754
204.754
204.752
204.752
204.752
204.752
204.752
204.752
204.752
204.752
204.752
204.752
204.752
204.752
204.752
204.752
204.752
204.752
204.752
204.752
204.752
204.752
204.751
204.75
204.75
204.749
204.749
204.749
204.749
204.749
204.749
204.749
204.749
204.749
204.749
204.749
204.749
204.749
204.749
204.749
204.75
204.751
204.75
204.749
204.748
204.748
204.747
204.746
204.745
204.745
204.744
204.744
204.744
204.744
204.745
204.745
204.746
204.747
204.747
204.748
204.749
204.75
204.762
204.762
204.762
204.762
204.762
204.762
204.762
204.762
204.762
204.762
204.762
204.762
204.762
204.762
204.762
204.762
204.762
204.762
204.762
204.762
204.761
204.76
204.76
204.761
204.761
204.761
204.761
204.761
204.761
204.761
204.761
204.761
204.761
204.761
204.761
204.761
204.761
204.761
204.76
204.761
204.759
204.759
204.759
204.759
204.76
204.76
204.76
204.76
204.76
204.76
204.76
204.76
204.76
204.76
204.76
204.76
204.759
204.759
204.759
204.759
204.758
204.758
204.758
204.758
204.758
204.758
204.759
204.759
204.759
204.759
204.758
204.759
204.759
204.759
204.758
204.758
204.758
204.758
204.758
204.758
204.757
204.757
204.757
204.757
204.757
204.757
204.757
204.757
204.757
204.757
204.757
204.757
204.757
204.757
204.757
204.757
204.757
204.757
204.757
204.757
204.755
204.755
204.755
204.755
204.756
204.756
204.756
204.756
204.756
204.756
204.756
204.756
204.756
204.756
204.756
204.756
204.755
204.755
204.755
204.755
204.754
204.754
204.754
204.754
204.754
204.754
204.754
204.754
204.754
204.754
204.754
204.754
204.754
204.754
204.754
204.754
204.754
204.754
204.754
204.754
204.752
204.752
204.752
204.752
204.752
204.752
204.752
204.752
204.752
204.752
204.752
204.752
204.752
204.752
204.752
204.752
204.752
204.752
204.752
204.752
204.751
204.75
204.749
204.749
204.749
204.749
204.749
204.749
204.749
204.749
204.749
204.749
204.749
204.749
204.749
204.749
204.749
204.749
204.75
204.751
204.75
204.749
204.748
204.747
204.746
204.745
204.744
204.744
204.743
204.743
204.743
204.743
204.744
204.744
204.745
204.746
204.747
204.748
204.749
204.75
204.762
204.762
204.762
204.762
204.762
204.762
204.762
204.762
204.762
204.762
204.762
204.762
204.762
204.762
204.762
204.762
204.762
204.762
204.762
204.762
204.761
204.761
204.761
204.761
204.761
204.761
204.761
204.761
204.761
204.761
204.761
204.761
204.761
204.761
204.761
204.761
204.761
204.761
204.761
204.761
204.76
204.76
204.76
204.76
204.76
204.76
204.76
204.76
204.76
204.76
204.76
204.76
204.76
204.76
204.76
204.76
204.76
204.76
204.76
204.759
204.758
204.758
204.758
204.758
204.759
204.759
204.759
204.759
204.759
204.758
204.758
204.759
204.759
204.759
204.759
204.758
204.758
204.758
204.758
204.758
204.757
204.757
204.757
204.757
204.757
204.757
204.757
204.757
204.757
204.757
204.757
204.757
204.757
204.757
204.757
204.757
204.757
204.757
204.757
204.757
204.755
204.755
204.755
204.756
204.756
204.756
204.756
204.756
204.756
204.756
204.756
204.756
204.756
204.756
204.756
204.756
204.756
204.755
204.755
204.755
204.754
204.753
204.754
204.754
204.754
204.754
204.754
204.754
204.754
204.754
204.754
204.754
204.754
204.754
204.754
204.754
204.754
204.754
204.753
204.754
204.752
204.752
204.752
204.752
204.752
204.752
204.752
204.752
204.752
204.752
204.752
204.752
204.752
204.752
204.752
204.752
204.752
204.752
204.752
204.752
204.75
204.749
204.749
204.749
204.749
204.749
204.749
204.748
204.748
204.748
204.748
204.748
204.748
204.749
204.749
204.749
204.749
204.749
204.749
204.75
204.749
204.748
204.747
204.746
204.745
204.744
204.743
204.743
204.742
204.741
204.741
204.741
204.742
204.743
204.744
204.745
204.746
204.747
204.748
204.749
204.762
204.762
204.762
204.762
204.762
204.762
204.762
204.762
204.762
204.762
204.762
204.762
204.762
204.762
204.762
204.762
204.762
204.762
204.762
204.762
204.761
204.761
204.761
204.761
204.761
204.761
204.761
204.761
204.761
204.761
204.761
204.761
204.761
204.761
204.761
204.761
204.761
204.761
204.761
204.761
204.76
204.76
204.76
204.76
204.76
204.76
204.76
204.76
204.76
204.76
204.76
204.76
204.76
204.76
204.76
204.76
204.76
204.76
204.76
204.76
204.758
204.758
204.759
204.759
204.759
204.759
204.759
204.759
204.758
204.758
204.758
204.758
204.759
204.759
204.759
204.759
204.759
204.759
204.758
204.758
204.757
204.757
204.757
204.757
204.757
204.757
204.757
204.757
204.757
204.757
204.757
204.757
204.757
204.757
204.757
204.757
204.757
204.757
204.757
204.757
204.755
204.755
204.756
204.756
204.756
204.756
204.756
204.756
204.756
204.756
204.756
204.756
204.756
204.756
204.756
204.756
204.756
204.756
204.755
204.755
204.754
204.753
204.754
204.754
204.754
204.754
204.754
204.754
204.754
204.754
204.754
204.754
204.754
204.754
204.754
204.754
204.754
204.754
204.753
204.753
204.752
204.752
204.752
204.752
204.752
204.752
204.752
204.752
204.752
204.752
204.752
204.752
204.752
204.752
204.752
204.752
204.752
204.752
204.752
204.752
204.75
204.749
204.749
204.749
204.749
204.749
204.748
204.748
204.747
204.747
204.746
204.747
204.748
204.748
204.749
204.749
204.749
204.749
204.749
204.75
204.749
204.748
204.747
204.746
204.745
204.744
204.743
204.741
204.74
204.739
204.739
204.74
204.741
204.742
204.744
204.745
204.746
204.747
204.748
204.749
204.762
204.762
204.762
204.762
204.762
204.762
204.762
204.762
204.762
204.761
204.761
204.762
204.762
204.762
204.762
204.762
204.762
204.762
204.762
204.762
204.761
204.761
204.761
204.761
204.761
204.761
204.761
204.761
204.76
204.76
204.76
204.76
204.761
204.761
204.761
204.761
204.761
204.761
204.761
204.761
204.76
204.76
204.76
204.76
204.76
204.76
204.76
204.76
204.759
204.759
204.759
204.759
204.76
204.76
204.76
204.76
204.76
204.76
204.76
204.76
204.758
204.759
204.759
204.759
204.759
204.759
204.759
204.758
204.758
204.758
204.758
204.758
204.758
204.759
204.759
204.759
204.759
204.759
204.759
204.758
204.757
204.757
204.757
204.757
204.757
204.757
204.757
204.757
204.757
204.756
204.756
204.757
204.757
204.757
204.757
204.757
204.757
204.757
204.757
204.757
204.755
204.755
204.756
204.756
204.756
204.756
204.756
204.756
204.756
204.755
204.755
204.756
204.756
204.756
204.756
204.756
204.756
204.756
204.755
204.755
204.753
204.753
204.754
204.754
204.754
204.754
204.754
204.754
204.754
204.753
204.753
204.754
204.754
204.754
204.754
204.754
204.754
204.754
204.753
204.753
204.752
204.752
204.752
204.752
204.752
204.752
204.752
204.752
204.752
204.75
204.75
204.752
204.752
204.752
204.752
204.752
204.752
204.752
204.752
204.752
204.75
204.749
204.749
204.749
204.749
204.749
204.748
204.747
204.746
204.743
204.742
204.746
204.747
204.748
204.748
204.749
204.749
204.749
204.749
204.75
204.749
204.748
204.747
204.746
204.744
204.743
204.742
204.74
204.739
204.738
204.737
204.739
204.74
204.742
204.743
204.744
204.746
204.747
204.748
204.749
204.762
204.762
204.762
204.762
204.762
204.762
204.762
204.762
204.761
204.756
204.756
204.761
204.762
204.762
204.762
204.762
204.762
204.762
204.762
204.762
204.761
204.761
204.761
204.761
204.761
204.761
204.761
204.761
204.76
204.752
204.752
204.76
204.761
204.761
204.761
204.761
204.761
204.761
204.761
204.761
204.76
204.76
204.76
204.76
204.76
204.76
204.76
204.76
204.759
204.749
204.749
204.759
204.76
204.76
204.76
204.76
204.76
204.76
204.76
204.76
204.758
204.759
204.759
204.759
204.759
204.759
204.758
204.758
204.758
204.746
204.746
204.758
204.758
204.758
204.758
204.758
204.758
204.758
204.759
204.758
204.757
204.757
204.757
204.757
204.757
204.757
204.757
204.757
204.756
204.743
204.743
204.756
204.757
204.757
204.757
204.757
204.757
204.757
204.757
204.757
204.755
204.755
204.756
204.756
204.756
204.756
204.756
204.756
204.755
204.74
204.74
204.755
204.756
204.756
204.756
204.756
204.756
204.756
204.755
204.755
204.754
204.753
204.754
204.754
204.754
204.754
204.754
204.754
204.753
204.737
204.737
204.752
204.754
204.754
204.754
204.754
204.754
204.754
204.753
204.753
204.752
204.752
204.752
204.752
204.752
204.752
204.752
204.752
204.75
204.734
204.733
204.749
204.752
204.752
204.752
204.752
204.752
204.752
204.752
204.752
204.75
204.749
204.749
204.749
204.749
204.749
204.748
204.747
204.743
204.732
204.732
204.742
204.746
204.748
204.749
204.749
204.749
204.749
204.749
204.75
204.749
204.748
204.747
204.745
204.744
204.743
204.741
204.739
204.738
204.736
204.735
204.737
204.739
204.741
204.743
204.744
204.745
204.747
204.748
204.749
204.762
204.762
204.762
204.762
204.762
204.762
204.762
204.762
204.761
204.756
204.756
204.761
204.762
204.762
204.762
204.762
204.762
204.762
204.762
204.762
204.761
204.761
204.761
204.761
204.761
204.761
204.761
204.761
204.76
204.752
204.752
204.76
204.761
204.761
204.761
204.761
204.761
204.761
204.761
204.761
204.76
204.76
204.76
204.76
204.76
204.76
204.76
204.76
204.759
204.749
204.749
204.759
204.76
204.76
204.76
204.76
204.76
204.76
204.76
204.76
204.758
204.759
204.759
204.759
204.759
204.758
204.758
204.758
204.758
204.746
204.745
204.758
204.758
204.758
204.758
204.758
204.758
204.758
204.759
204.759
204.757
204.757
204.757
204.757
204.757
204.757
204.757
204.757
204.756
204.743
204.742
204.756
204.757
204.757
204.757
204.757
204.757
204.757
204.757
204.757
204.755
204.755
204.756
204.756
204.756
204.756
204.756
204.756
204.755
204.74
204.739
204.755
204.756
204.756
204.756
204.756
204.756
204.756
204.755
204.755
204.753
204.753
204.754
204.754
204.754
204.754
204.754
204.754
204.753
204.737
204.736
204.752
204.754
204.754
204.754
204.754
204.754
204.754
204.753
204.753
204.752
204.752
204.752
204.752
204.752
204.752
204.752
204.752
204.75
204.733
204.733
204.749
204.752
204.752
204.752
204.752
204.752
204.752
204.752
204.752
204.75
204.749
204.749
204.749
204.749
204.749
204.748
204.746
204.742
204.732
204.731
204.742
204.746
204.748
204.749
204.749
204.749
204.749
204.749
204.75
204.749
204.748
204.747
204.745
204.744
204.743
204.741
204.739
204.737
204.735
204.735
204.737
204.739
204.741
204.743
204.744
204.745
204.747
204.748
204.749
204.762
204.762
204.762
204.762
204.762
204.762
204.762
204.762
204.762
204.761
204.761
204.762
204.762
204.762
204.762
204.762
204.762
204.762
204.762
204.762
204.761
204.761
204.761
204.761
204.761
204.761
204.761
204.761
204.76
204.76
204.76
204.76
204.761
204.761
204.761
204.761
204.761
204.761
204.761
204.761
204.76
204.76
204.76
204.76
204.76
204.76
204.76
204.76
204.759
204.759
204.759
204.759
204.76
204.76
204.76
204.76
204.76
204.76
204.76
204.76
204.758
204.759
204.759
204.759
204.759
204.759
204.759
204.758
204.758
204.758
204.758
204.758
204.758
204.758
204.759
204.759
204.759
204.759
204.759
204.759
204.757
204.757
204.757
204.757
204.757
204.757
204.757
204.757
204.757
204.756
204.756
204.757
204.757
204.757
204.757
204.757
204.757
204.757
204.757
204.757
204.755
204.755
204.756
204.756
204.756
204.756
204.756
204.756
204.756
204.755
204.755
204.756
204.756
204.756
204.756
204.756
204.756
204.756
204.755
204.755
204.753
204.753
204.754
204.754
204.754
204.754
204.754
204.754
204.754
204.752
204.752
204.754
204.754
204.754
204.754
204.754
204.754
204.754
204.753
204.753
204.752
204.752
204.752
204.752
204.752
204.752
204.752
204.752
204.752
204.749
204.749
204.752
204.752
204.752
204.752
204.752
204.752
204.752
204.752
204.752
204.75
204.749
204.749
204.749
204.749
204.749
204.748
204.747
204.746
204.742
204.742
204.746
204.747
204.748
204.748
204.749
204.749
204.749
204.749
204.75
204.749
204.748
204.747
204.745
204.744
204.743
204.741
204.74
204.739
204.737
204.737
204.738
204.74
204.741
204.743
204.744
204.745
204.747
204.748
204.749
204.762
204.762
204.762
204.762
204.762
204.762
204.762
204.762
204.762
204.762
204.762
204.762
204.762
204.762
204.762
204.762
204.762
204.762
204.762
204.762
204.761
204.761
204.761
204.761
204.761
204.761
204.761
204.761
204.761
204.761
204.761
204.761
204.761
204.761
204.761
204.761
204.761
204.761
204.761
204.761
204.76
204.76
204.76
204.76
204.76
204.76
204.76
204.76
204.76
204.76
204.76
204.76
204.76
204.76
204.76
204.76
204.76
204.76
204.76
204.76
204.758
204.758
204.759
204.759
204.759
204.759
204.759
204.759
204.758
204.758
204.758
204.758
204.759
204.759
204.759
204.759
204.759
204.759
204.758
204.758
204.757
204.757
204.757
204.757
204.757
204.757
204.757
204.757
204.757
204.757
204.757
204.757
204.757
204.757
204.757
204.757
204.757
204.757
204.757
204.757
204.755
204.755
204.756
204.756
204.756
204.756
204.756
204.756
204.756
204.756
204.756
204.756
204.756
204.756
204.756
204.756
204.756
204.756
204.755
204.755
204.753
204.753
204.754
204.754
204.754
204.754
204.754
204.754
204.754
204.754
204.754
204.754
204.754
204.754
204.754
204.754
204.754
204.754
204.753
204.753
204.752
204.752
204.752
204.752
204.752
204.752
204.752
204.752
204.752
204.752
204.752
204.752
204.752
204.752
204.752
204.752
204.752
204.752
204.752
204.752
204.75
204.749
204.749
204.749
204.749
204.749
204.748
204.748
204.747
204.746
204.746
204.747
204.748
204.748
204.749
204.749
204.749
204.749
204.749
204.75
204.749
204.748
204.747
204.746
204.745
204.744
204.742
204.741
204.74
204.739
204.739
204.74
204.741
204.742
204.744
204.745
204.746
204.747
204.748
204.749
204.762
204.762
204.762
204.762
204.762
204.762
204.762
204.762
204.762
204.762
204.762
204.762
204.762
204.762
204.762
204.762
204.762
204.762
204.762
204.762
204.761
204.761
204.761
204.761
204.761
204.761
204.761
204.761
204.761
204.761
204.761
204.761
204.761
204.761
204.761
204.761
204.761
204.761
204.761
204.761
204.76
204.76
204.76
204.76
204.76
204.76
204.76
204.76
204.76
204.76
204.76
204.76
204.76
204.76
204.76
204.76
204.76
204.76
204.76
204.76
204.758
204.758
204.758
204.758
204.758
204.759
204.759
204.759
204.759
204.758
204.758
204.758
204.759
204.759
204.759
204.758
204.758
204.758
204.758
204.758
204.757
204.757
204.757
204.757
204.757
204.757
204.757
204.757
204.757
204.757
204.757
204.757
204.757
204.757
204.757
204.757
204.757
204.757
204.757
204.757
204.755
204.755
204.755
204.756
204.756
204.756
204.756
204.756
204.756
204.756
204.756
204.756
204.756
204.756
204.756
204.756
204.756
204.755
204.755
204.755
204.754
204.753
204.754
204.754
204.754
204.754
204.754
204.754
204.754
204.754
204.754
204.754
204.754
204.754
204.754
204.754
204.754
204.754
204.753
204.754
204.752
204.752
204.752
204.752
204.752
204.752
204.752
204.752
204.752
204.752
204.752
204.752
204.752
204.752
204.752
204.752
204.752
204.752
204.752
204.752
204.75
204.749
204.749
204.749
204.749
204.749
204.749
204.748
204.748
204.748
204.748
204.748
204.748
204.749
204.749
204.749
204.749
204.749
204.749
204.75
204.749
204.748
204.747
204.746
204.745
204.744
204.743
204.742
204.742
204.741
204.741
204.741
204.742
204.743
204.744
204.745
204.746
204.747
204.748
204.749
204.762
204.762
204.762
204.762
204.762
204.762
204.762
204.762
204.762
204.762
204.762
204.762
204.762
204.762
204.762
204.762
204.762
204.762
204.762
204.762
204.76
204.76
204.761
204.761
204.761
204.761
204.761
204.761
204.761
204.761
204.761
204.761
204.761
204.761
204.761
204.761
204.761
204.761
204.761
204.761
204.759
204.759
204.759
204.759
204.76
204.76
204.76
204.76
204.76
204.76
204.76
204.76
204.76
204.76
204.76
204.76
204.759
204.759
204.759
204.759
204.758
204.758
204.758
204.758
204.758
204.758
204.759
204.759
204.759
204.758
204.758
204.759
204.759
204.759
204.758
204.758
204.758
204.758
204.758
204.758
204.757
204.757
204.757
204.757
204.757
204.757
204.757
204.757
204.757
204.757
204.757
204.757
204.757
204.757
204.757
204.757
204.757
204.757
204.757
204.757
204.755
204.755
204.755
204.755
204.756
204.756
204.756
204.756
204.756
204.756
204.756
204.756
204.756
204.756
204.756
204.755
204.755
204.755
204.755
204.755
204.754
204.754
204.754
204.754
204.754
204.754
204.754
204.754
204.754
204.754
204.754
204.754
204.754
204.754
204.754
204.754
204.754
204.754
204.753
204.754
204.752
204.752
204.752
204.752
204.752
204.752
204.752
204.752
204.752
204.752
204.752
204.752
204.752
204.752
204.752
204.752
204.752
204.752
204.752
204.752
204.751
204.75
204.749
204.749
204.749
204.749
204.749
204.749
204.748
204.749
204.749
204.748
204.749
204.749
204.749
204.749
204.749
204.749
204.75
204.751
204.75
204.749
204.748
204.747
204.746
204.745
204.744
204.744
204.743
204.743
204.743
204.743
204.744
204.744
204.745
204.746
204.747
204.748
204.749
204.75
204.762
204.762
204.762
204.762
204.762
204.762
204.762
204.762
204.762
204.762
204.762
204.762
204.762
204.762
204.762
204.762
204.762
204.762
204.762
204.762
204.76
204.76
204.76
204.76
204.761
204.761
204.761
204.761
204.761
204.761
204.761
204.761
204.761
204.761
204.761
204.761
204.76
204.76
204.76
204.76
204.759
204.759
204.759
204.759
204.759
204.76
204.76
204.76
204.76
204.76
204.76
204.76
204.76
204.76
204.76
204.759
204.759
204.759
204.759
204.759
204.758
204.758
204.758
204.758
204.758
204.758
204.758
204.759
204.759
204.758
204.758
204.759
204.759
204.758
204.758
204.758
204.758
204.758
204.758
204.758
204.757
204.757
204.757
204.757
204.757
204.757
204.757
204.757
204.757
204.757
204.757
204.757
204.757
204.757
204.757
204.757
204.757
204.757
204.757
204.757
204.755
204.755
204.755
204.755
204.755
204.756
204.756
204.756
204.756
204.756
204.756
204.756
204.756
204.756
204.755
204.755
204.755
204.755
204.755
204.755
204.754
204.754
204.754
204.754
204.754
204.754
204.754
204.754
204.754
204.754
204.754
204.754
204.754
204.754
204.754
204.754
204.754
204.754
204.754
204.754
204.752
204.752
204.752
204.752
204.752
204.752
204.752
204.752
204.752
204.752
204.752
204.752
204.752
204.752
204.752
204.752
204.752
204.752
204.752
204.752
204.751
204.75
204.749
204.749
204.749
204.749
204.749
204.749
204.749
204.749
204.749
204.749
204.749
204.749
204.749
204.749
204.749
204.749
204.75
204.751
204.75
204.749
204.748
204.747
204.747
204.746
204.745
204.745
204.744
204.744
204.744
204.744
204.745
204.745
204.746
204.747
204.747
204.748
204.749
204.75
204.762
204.762
204.762
204.762
204.762
204.762
204.762
204.762
204.762
204.762
204.762
204.762
204.762
204.762
204.762
204.762
204.762
204.762
204.762
204.762
204.76
204.76
204.76
204.76
204.76
204.761
204.761
204.761
204.761
204.761
204.761
204.761
204.761
204.761
204.761
204.76
204.76
204.76
204.76
204.76
204.759
204.759
204.759
204.759
204.759
204.759
204.76
204.76
204.76
204.76
204.76
204.76
204.76
204.76
204.759
204.759
204.759
204.759
204.759
204.759
204.758
204.758
204.758
204.758
204.758
204.758
204.758
204.759
204.759
204.758
204.758
204.759
204.759
204.758
204.758
204.758
204.758
204.758
204.758
204.758
204.757
204.757
204.757
204.757
204.757
204.757
204.757
204.757
204.757
204.757
204.757
204.757
204.757
204.757
204.757
204.757
204.757
204.757
204.757
204.757
204.756
204.755
204.755
204.755
204.755
204.755
204.756
204.756
204.756
204.756
204.756
204.756
204.756
204.756
204.755
204.755
204.755
204.755
204.755
204.755
204.754
204.754
204.754
204.754
204.754
204.754
204.754
204.754
204.754
204.754
204.754
204.754
204.754
204.754
204.754
204.754
204.754
204.754
204.754
204.754
204.753
204.752
204.752
204.752
204.752
204.752
204.752
204.752
204.752
204.752
204.752
204.752
204.752
204.752
204.752
204.752
204.752
204.752
204.752
204.753
204.751
204.75
204.75
204.749
204.749
204.749
204.749
204.749
204.749
204.749
204.749
204.749
204.749
204.749
204.749
204.749
204.749
204.75
204.75
204.751
204.75
204.75
204.749
204.748
204.747
204.747
204.746
204.746
204.746
204.745
204.745
204.745
204.746
204.746
204.747
204.747
204.748
204.749
204.75
204.75
204.761
204.761
204.762
204.762
204.762
204.762
204.762
204.762
204.762
204.762
204.762
204.762
204.762
204.762
204.762
204.762
204.762
204.762
204.762
204.761
204.76
204.76
204.76
204.76
204.76
204.761
204.761
204.761
204.761
204.761
204.761
204.761
204.761
204.761
204.761
204.76
204.76
204.76
204.76
204.76
204.759
204.759
204.759
204.759
204.759
204.759
204.76
204.76
204.76
204.76
204.76
204.76
204.76
204.76
204.759
204.759
204.759
204.759
204.759
204.759
204.758
204.758
204.758
204.758
204.758
204.758
204.758
204.759
204.759
204.758
204.758
204.759
204.759
204.758
204.758
204.758
204.758
204.758
204.758
204.758
204.757
204.757
204.757
204.757
204.757
204.757
204.757
204.757
204.757
204.757
204.757
204.757
204.757
204.757
204.757
204.757
204.757
204.757
204.757
204.757
204.756
204.756
204.755
204.755
204.755
204.755
204.755
204.756
204.756
204.756
204.756
204.756
204.756
204.755
204.755
204.755
204.755
204.755
204.756
204.756
204.755
204.754
204.754
204.754
204.754
204.754
204.754
204.754
204.754
204.754
204.754
204.754
204.754
204.754
204.754
204.754
204.754
204.754
204.754
204.755
204.753
204.752
204.752
204.752
204.752
204.752
204.752
204.752
204.752
204.752
204.752
204.752
204.752
204.752
204.752
204.752
204.752
204.752
204.752
204.753
204.752
204.751
204.75
204.75
204.749
204.749
204.749
204.749
204.749
204.749
204.749
204.749
204.749
204.749
204.749
204.749
204.75
204.75
204.751
204.752
204.751
204.75
204.749
204.749
204.748
204.748
204.747
204.747
204.747
204.747
204.747
204.747
204.747
204.747
204.748
204.748
204.749
204.749
204.75
204.751
204.761
204.761
204.761
204.762
204.762
204.762
204.762
204.762
204.762
204.762
204.762
204.762
204.762
204.762
204.762
204.762
204.762
204.762
204.761
204.761
204.76
204.76
204.76
204.76
204.76
204.76
204.761
204.761
204.761
204.761
204.761
204.761
204.761
204.761
204.761
204.76
204.76
204.76
204.76
204.76
204.759
204.759
204.759
204.759
204.759
204.759
204.76
204.76
204.76
204.76
204.76
204.76
204.76
204.76
204.759
204.759
204.759
204.759
204.759
204.759
204.758
204.758
204.758
204.758
204.758
204.758
204.758
204.758
204.759
204.759
204.759
204.759
204.758
204.758
204.758
204.758
204.758
204.758
204.758
204.758
204.757
204.757
204.757
204.757
204.757
204.757
204.757
204.757
204.757
204.757
204.757
204.757
204.757
204.757
204.757
204.757
204.757
204.757
204.757
204.757
204.756
204.756
204.756
204.755
204.755
204.755
204.755
204.755
204.755
204.755
204.755
204.755
204.755
204.755
204.755
204.755
204.755
204.756
204.756
204.756
204.755
204.755
204.754
204.754
204.754
204.754
204.753
204.753
204.753
204.753
204.753
204.753
204.753
204.753
204.753
204.754
204.754
204.754
204.755
204.755
204.754
204.753
204.752
204.752
204.752
204.752
204.752
204.752
204.752
204.752
204.752
204.752
204.752
204.752
204.752
204.752
204.752
204.752
204.753
204.754
204.753
204.752
204.751
204.75
204.75
204.75
204.749
204.749
204.749
204.749
204.749
204.749
204.749
204.749
204.75
204.75
204.75
204.751
204.752
204.753
204.752
204.751
204.75
204.75
204.749
204.749
204.748
204.748
204.748
204.748
204.748
204.748
204.748
204.748
204.749
204.749
204.75
204.75
204.751
204.752
204.761
204.761
204.761
204.762
204.762
204.762
204.762
204.762
204.762
204.762
204.762
204.762
204.762
204.762
204.762
204.762
204.762
204.761
204.761
204.761
204.76
204.76
204.76
204.76
204.76
204.761
204.761
204.761
204.761
204.761
204.761
204.761
204.761
204.761
204.761
204.76
204.76
204.76
204.76
204.76
204.759
204.759
204.759
204.759
204.759
204.759
204.759
204.76
204.76
204.76
204.76
204.76
204.76
204.76
204.759
204.759
204.759
204.759
204.759
204.759
204.759
204.758
204.758
204.758
204.758
204.758
204.758
204.758
204.758
204.758
204.759
204.759
204.758
204.758
204.758
204.758
204.758
204.758
204.758
204.759
204.758
204.757
204.757
204.757
204.757
204.757
204.757
204.757
204.757
204.757
204.757
204.757
204.757
204.757
204.757
204.757
204.757
204.757
204.757
204.758
204.757
204.756
204.756
204.755
204.755
204.755
204.755
204.755
204.755
204.755
204.755
204.755
204.755
204.755
204.755
204.755
204.755
204.756
204.756
204.757
204.756
204.755
204.755
204.754
204.754
204.754
204.754
204.753
204.753
204.753
204.753
204.753
204.753
204.754
204.754
204.754
204.754
204.755
204.755
204.756
204.755
204.754
204.753
204.753
204.752
204.752
204.752
204.752
204.752
204.752
204.752
204.752
204.752
204.752
204.752
204.752
204.753
204.753
204.754
204.755
204.753
204.753
204.752
204.751
204.751
204.751
204.75
204.75
204.75
204.75
204.75
204.75
204.75
204.75
204.751
204.751
204.751
204.752
204.753
204.753
204.752
204.752
204.751
204.75
204.75
204.75
204.749
204.749
204.749
204.749
204.749
204.749
204.749
204.749
204.75
204.75
204.75
204.751
204.752
204.752
)
;

boundaryField
{
    floor
    {
        type            fixedFluxPressure;
        gradient        uniform 0;
        value           nonuniform List<scalar> 
400
(
204.761
204.761
204.761
204.762
204.762
204.762
204.762
204.762
204.762
204.762
204.762
204.762
204.762
204.762
204.762
204.762
204.762
204.761
204.761
204.761
204.761
204.761
204.761
204.762
204.762
204.762
204.762
204.762
204.762
204.762
204.762
204.762
204.762
204.762
204.762
204.762
204.762
204.761
204.761
204.761
204.761
204.761
204.762
204.762
204.762
204.762
204.762
204.762
204.762
204.762
204.762
204.762
204.762
204.762
204.762
204.762
204.762
204.762
204.761
204.761
204.762
204.762
204.762
204.762
204.762
204.762
204.762
204.762
204.762
204.762
204.762
204.762
204.762
204.762
204.762
204.762
204.762
204.762
204.762
204.762
204.762
204.762
204.762
204.762
204.762
204.762
204.762
204.762
204.762
204.762
204.762
204.762
204.762
204.762
204.762
204.762
204.762
204.762
204.762
204.762
204.762
204.762
204.762
204.762
204.762
204.762
204.762
204.762
204.762
204.762
204.762
204.762
204.762
204.762
204.762
204.762
204.762
204.762
204.762
204.762
204.762
204.762
204.762
204.762
204.762
204.762
204.762
204.762
204.762
204.762
204.762
204.762
204.762
204.762
204.762
204.762
204.762
204.762
204.762
204.762
204.762
204.762
204.762
204.762
204.762
204.762
204.762
204.762
204.762
204.762
204.762
204.762
204.762
204.762
204.762
204.762
204.762
204.762
204.762
204.762
204.762
204.762
204.762
204.762
204.762
204.762
204.762
204.762
204.762
204.761
204.761
204.762
204.762
204.762
204.762
204.762
204.762
204.762
204.762
204.762
204.762
204.762
204.762
204.762
204.762
204.762
204.762
204.762
204.761
204.756
204.756
204.761
204.762
204.762
204.762
204.762
204.762
204.762
204.762
204.762
204.762
204.762
204.762
204.762
204.762
204.762
204.762
204.762
204.761
204.756
204.756
204.761
204.762
204.762
204.762
204.762
204.762
204.762
204.762
204.762
204.762
204.762
204.762
204.762
204.762
204.762
204.762
204.762
204.762
204.761
204.761
204.762
204.762
204.762
204.762
204.762
204.762
204.762
204.762
204.762
204.762
204.762
204.762
204.762
204.762
204.762
204.762
204.762
204.762
204.762
204.762
204.762
204.762
204.762
204.762
204.762
204.762
204.762
204.762
204.762
204.762
204.762
204.762
204.762
204.762
204.762
204.762
204.762
204.762
204.762
204.762
204.762
204.762
204.762
204.762
204.762
204.762
204.762
204.762
204.762
204.762
204.762
204.762
204.762
204.762
204.762
204.762
204.762
204.762
204.762
204.762
204.762
204.762
204.762
204.762
204.762
204.762
204.762
204.762
204.762
204.762
204.762
204.762
204.762
204.762
204.762
204.762
204.762
204.762
204.762
204.762
204.762
204.762
204.762
204.762
204.762
204.762
204.762
204.762
204.762
204.762
204.762
204.762
204.762
204.762
204.762
204.762
204.762
204.762
204.762
204.762
204.762
204.762
204.762
204.762
204.762
204.762
204.762
204.762
204.762
204.761
204.761
204.762
204.762
204.762
204.762
204.762
204.762
204.762
204.762
204.762
204.762
204.762
204.762
204.762
204.762
204.762
204.762
204.762
204.761
204.761
204.761
204.761
204.762
204.762
204.762
204.762
204.762
204.762
204.762
204.762
204.762
204.762
204.762
204.762
204.762
204.762
204.762
204.761
204.761
204.761
204.761
204.761
204.762
204.762
204.762
204.762
204.762
204.762
204.762
204.762
204.762
204.762
204.762
204.762
204.762
204.762
204.761
204.761
204.761
)
;
    }
    ceiling
    {
        type            fixedFluxPressure;
        gradient        nonuniform List<scalar> 
400
(
0.37329
0.375285
0.377495
0.379572
0.381444
0.383084
0.384433
0.385394
0.38582
0.385523
0.385634
0.385982
0.385561
0.384591
0.38323
0.381577
0.379694
0.377607
0.375394
0.37341
0.375285
0.377297
0.379671
0.382016
0.384233
0.386274
0.388047
0.389396
0.390091
0.389893
0.390048
0.390303
0.389611
0.38825
0.386459
0.384399
0.382163
0.379799
0.377409
0.37539
0.377495
0.379671
0.382185
0.38472
0.38719
0.389547
0.391707
0.39346
0.394482
0.394433
0.394635
0.394744
0.393724
0.391957
0.389772
0.387391
0.384895
0.382335
0.379795
0.377599
0.379572
0.382016
0.38472
0.387484
0.390271
0.39299
0.395583
0.397786
0.399193
0.399305
0.399569
0.399513
0.398101
0.395875
0.393255
0.390507
0.387689
0.384893
0.382157
0.379684
0.381444
0.384233
0.38719
0.390271
0.393378
0.396594
0.399767
0.402577
0.404551
0.405018
0.405379
0.404956
0.402962
0.400117
0.396905
0.39365
0.390507
0.387389
0.384394
0.381567
0.383084
0.386274
0.389547
0.39299
0.396594
0.400436
0.404321
0.407938
0.410768
0.411939
0.412435
0.411283
0.408412
0.40474
0.400801
0.396908
0.393258
0.389773
0.386455
0.383219
0.384433
0.388047
0.391707
0.395583
0.399767
0.404321
0.409101
0.413853
0.41807
0.420716
0.421402
0.418731
0.414436
0.4096
0.404745
0.400124
0.395884
0.391959
0.388246
0.384579
0.385394
0.389396
0.39346
0.397786
0.402577
0.407938
0.413853
0.42025
0.426808
0.432773
0.433745
0.427659
0.420958
0.414437
0.408421
0.402976
0.398115
0.393731
0.389607
0.385545
0.38582
0.390091
0.394482
0.399193
0.404551
0.410768
0.41807
0.426808
0.437476
0.450932
0.452403
0.438549
0.427636
0.418724
0.411294
0.404976
0.399534
0.394756
0.390301
0.385965
0.385523
0.389893
0.394433
0.399305
0.405018
0.411939
0.420716
0.432773
0.450932
0.481643
0.484084
0.452285
0.433691
0.421401
0.412473
0.40544
0.399634
0.394692
0.390087
0.385651
0.385634
0.390049
0.394635
0.399569
0.405379
0.412435
0.421402
0.433745
0.452403
0.484084
0.486568
0.45375
0.434637
0.422053
0.412932
0.405761
0.399859
0.394858
0.390211
0.385742
0.385982
0.390303
0.394744
0.399513
0.404956
0.411283
0.418731
0.427659
0.438549
0.452285
0.45375
0.439609
0.428461
0.419329
0.411736
0.405298
0.399768
0.394941
0.390448
0.38608
0.385561
0.389611
0.393724
0.398101
0.402962
0.408412
0.414436
0.420958
0.427636
0.433691
0.434637
0.428461
0.421613
0.414943
0.408802
0.403256
0.398319
0.393892
0.389732
0.385642
0.384591
0.38825
0.391957
0.395875
0.400117
0.40474
0.4096
0.414437
0.418724
0.421401
0.422053
0.419329
0.414943
0.410008
0.405062
0.400361
0.396058
0.392097
0.388348
0.384654
0.38323
0.386459
0.389772
0.393255
0.396905
0.400801
0.404745
0.408421
0.411294
0.412473
0.412932
0.411736
0.408802
0.405062
0.401057
0.397104
0.393405
0.389882
0.386534
0.383276
0.381577
0.384399
0.387391
0.390507
0.39365
0.396908
0.400124
0.402976
0.404976
0.40544
0.405761
0.405298
0.403256
0.400361
0.397104
0.393806
0.390629
0.387476
0.384454
0.381609
0.379694
0.382163
0.384895
0.387689
0.390507
0.393258
0.395884
0.398115
0.399534
0.399634
0.399859
0.399768
0.398319
0.396058
0.393405
0.390629
0.387787
0.384961
0.382202
0.379718
0.377607
0.379799
0.382335
0.384893
0.387389
0.389773
0.391959
0.393731
0.394756
0.394692
0.394858
0.394941
0.393892
0.392097
0.389882
0.387476
0.384961
0.382382
0.379828
0.377631
0.375394
0.377409
0.379795
0.382157
0.384394
0.386455
0.388246
0.389607
0.390301
0.390087
0.390211
0.390448
0.389732
0.388348
0.386534
0.384454
0.382202
0.379828
0.377437
0.375432
0.37341
0.37539
0.377599
0.379684
0.381567
0.383219
0.384579
0.385545
0.385965
0.385651
0.385742
0.38608
0.385642
0.384654
0.383276
0.381609
0.379718
0.377631
0.375432
0.373484
)
;
        value           nonuniform List<scalar> 
400
(
204.846
204.845
204.845
204.845
204.845
204.846
204.846
204.846
204.846
204.846
204.846
204.846
204.846
204.846
204.846
204.845
204.845
204.845
204.845
204.846
204.845
204.845
204.845
204.845
204.845
204.845
204.845
204.845
204.845
204.845
204.845
204.845
204.845
204.845
204.845
204.845
204.845
204.845
204.845
204.845
204.845
204.845
204.845
204.845
204.845
204.845
204.845
204.845
204.845
204.845
204.845
204.845
204.845
204.845
204.845
204.845
204.845
204.845
204.845
204.845
204.845
204.845
204.845
204.845
204.845
204.845
204.845
204.845
204.845
204.845
204.845
204.845
204.845
204.845
204.845
204.845
204.845
204.845
204.845
204.845
204.845
204.845
204.845
204.845
204.845
204.845
204.845
204.845
204.846
204.846
204.846
204.846
204.846
204.845
204.845
204.845
204.845
204.845
204.845
204.845
204.846
204.845
204.845
204.845
204.845
204.845
204.846
204.846
204.846
204.846
204.846
204.846
204.846
204.846
204.845
204.845
204.845
204.845
204.845
204.846
204.846
204.845
204.845
204.845
204.845
204.846
204.846
204.846
204.846
204.846
204.846
204.846
204.846
204.846
204.846
204.845
204.845
204.845
204.845
204.846
204.846
204.845
204.845
204.845
204.845
204.846
204.846
204.846
204.847
204.847
204.847
204.847
204.846
204.846
204.846
204.846
204.845
204.845
204.845
204.846
204.846
204.845
204.845
204.845
204.846
204.846
204.846
204.847
204.848
204.85
204.85
204.848
204.847
204.846
204.846
204.846
204.845
204.845
204.845
204.846
204.846
204.845
204.845
204.845
204.846
204.846
204.846
204.847
204.85
204.856
204.856
204.85
204.847
204.846
204.846
204.846
204.845
204.845
204.845
204.846
204.846
204.845
204.845
204.845
204.846
204.846
204.846
204.847
204.85
204.856
204.857
204.851
204.847
204.846
204.846
204.846
204.845
204.845
204.845
204.846
204.846
204.845
204.845
204.845
204.846
204.846
204.846
204.847
204.848
204.85
204.851
204.848
204.847
204.846
204.846
204.846
204.845
204.845
204.845
204.846
204.846
204.845
204.845
204.845
204.846
204.846
204.846
204.846
204.847
204.847
204.847
204.847
204.846
204.846
204.846
204.846
204.845
204.845
204.845
204.846
204.846
204.845
204.845
204.845
204.845
204.846
204.846
204.846
204.846
204.846
204.846
204.846
204.846
204.846
204.846
204.845
204.845
204.845
204.845
204.846
204.846
204.845
204.845
204.845
204.845
204.845
204.846
204.846
204.846
204.846
204.846
204.846
204.846
204.846
204.845
204.845
204.845
204.845
204.845
204.846
204.845
204.845
204.845
204.845
204.845
204.845
204.845
204.846
204.846
204.846
204.846
204.846
204.846
204.845
204.845
204.845
204.845
204.845
204.845
204.845
204.845
204.845
204.845
204.845
204.845
204.845
204.845
204.845
204.845
204.845
204.845
204.845
204.845
204.845
204.845
204.845
204.845
204.845
204.845
204.845
204.845
204.845
204.845
204.845
204.845
204.845
204.845
204.845
204.845
204.845
204.845
204.845
204.845
204.845
204.845
204.845
204.845
204.845
204.845
204.845
204.845
204.845
204.845
204.845
204.845
204.845
204.845
204.845
204.845
204.845
204.845
204.845
204.845
204.845
204.845
204.845
204.845
204.845
204.845
204.845
204.846
204.845
204.845
204.845
204.845
204.846
204.846
204.846
204.846
204.846
204.846
204.846
204.846
204.846
204.846
204.845
204.845
204.845
204.845
204.846
)
;
    }
    fixedWalls
    {
        type            fixedFluxPressure;
        gradient        uniform 0;
        value           nonuniform List<scalar> 
800
(
204.761
204.76
204.76
204.759
204.758
204.757
204.756
204.755
204.753
204.752
204.761
204.76
204.759
204.758
204.757
204.756
204.755
204.754
204.753
204.752
204.761
204.76
204.759
204.758
204.757
204.756
204.755
204.753
204.752
204.751
204.762
204.76
204.759
204.758
204.757
204.756
204.754
204.753
204.751
204.75
204.762
204.76
204.759
204.758
204.757
204.755
204.754
204.752
204.751
204.75
204.762
204.761
204.759
204.758
204.757
204.755
204.754
204.752
204.751
204.75
204.762
204.761
204.76
204.758
204.757
204.755
204.754
204.752
204.75
204.749
204.762
204.761
204.76
204.758
204.757
204.755
204.754
204.752
204.75
204.749
204.762
204.761
204.76
204.758
204.757
204.755
204.753
204.752
204.75
204.749
204.762
204.761
204.76
204.758
204.757
204.755
204.754
204.752
204.75
204.749
204.762
204.761
204.76
204.758
204.757
204.755
204.753
204.752
204.75
204.749
204.762
204.761
204.76
204.758
204.757
204.755
204.753
204.752
204.75
204.749
204.762
204.761
204.76
204.758
204.757
204.755
204.753
204.752
204.75
204.749
204.762
204.761
204.76
204.758
204.757
204.755
204.754
204.752
204.75
204.749
204.762
204.76
204.759
204.758
204.757
204.755
204.754
204.752
204.751
204.75
204.762
204.76
204.759
204.758
204.757
204.755
204.754
204.752
204.751
204.75
204.762
204.76
204.759
204.758
204.757
204.756
204.754
204.753
204.751
204.75
204.761
204.76
204.759
204.758
204.757
204.756
204.755
204.753
204.752
204.751
204.761
204.76
204.759
204.758
204.757
204.756
204.755
204.754
204.753
204.752
204.761
204.76
204.759
204.759
204.758
204.757
204.756
204.755
204.753
204.752
204.761
204.76
204.759
204.759
204.758
204.757
204.756
204.755
204.753
204.752
204.761
204.76
204.759
204.758
204.757
204.756
204.755
204.754
204.753
204.752
204.761
204.76
204.759
204.758
204.757
204.756
204.755
204.753
204.752
204.751
204.762
204.76
204.759
204.758
204.757
204.755
204.754
204.753
204.751
204.75
204.762
204.76
204.759
204.758
204.757
204.755
204.754
204.752
204.751
204.75
204.762
204.761
204.759
204.758
204.757
204.755
204.754
204.752
204.751
204.75
204.762
204.761
204.759
204.758
204.757
204.755
204.754
204.752
204.75
204.749
204.762
204.761
204.76
204.758
204.757
204.755
204.753
204.752
204.75
204.749
204.762
204.761
204.76
204.758
204.757
204.755
204.753
204.752
204.75
204.749
204.762
204.761
204.76
204.758
204.757
204.755
204.753
204.752
204.75
204.749
204.762
204.761
204.76
204.759
204.757
204.755
204.753
204.752
204.75
204.749
204.762
204.761
204.76
204.759
204.757
204.755
204.753
204.752
204.75
204.749
204.762
204.761
204.76
204.758
204.757
204.755
204.753
204.752
204.75
204.749
204.762
204.761
204.76
204.758
204.757
204.755
204.754
204.752
204.75
204.749
204.762
204.761
204.759
204.758
204.757
204.755
204.754
204.752
204.751
204.75
204.762
204.76
204.759
204.758
204.757
204.755
204.754
204.752
204.751
204.75
204.762
204.76
204.759
204.758
204.757
204.755
204.754
204.753
204.751
204.75
204.761
204.76
204.759
204.758
204.757
204.756
204.755
204.753
204.752
204.751
204.761
204.76
204.759
204.758
204.757
204.756
204.755
204.754
204.753
204.752
204.761
204.76
204.759
204.759
204.758
204.757
204.756
204.755
204.753
204.752
204.761
204.76
204.76
204.759
204.758
204.757
204.756
204.755
204.753
204.752
204.761
204.76
204.759
204.758
204.757
204.756
204.755
204.754
204.753
204.752
204.761
204.76
204.759
204.758
204.757
204.756
204.755
204.753
204.752
204.751
204.762
204.76
204.759
204.758
204.757
204.756
204.754
204.753
204.751
204.75
204.762
204.76
204.759
204.758
204.757
204.755
204.754
204.752
204.751
204.75
204.762
204.761
204.759
204.758
204.757
204.755
204.754
204.752
204.751
204.75
204.762
204.761
204.76
204.758
204.757
204.755
204.754
204.752
204.75
204.749
204.762
204.761
204.76
204.758
204.757
204.755
204.754
204.752
204.75
204.749
204.762
204.761
204.76
204.758
204.757
204.755
204.753
204.752
204.75
204.749
204.762
204.761
204.76
204.758
204.757
204.755
204.754
204.752
204.75
204.749
204.762
204.761
204.76
204.758
204.757
204.755
204.753
204.752
204.75
204.749
204.762
204.761
204.76
204.758
204.757
204.755
204.753
204.752
204.75
204.749
204.762
204.761
204.76
204.758
204.757
204.755
204.753
204.752
204.75
204.749
204.762
204.761
204.76
204.758
204.757
204.755
204.754
204.752
204.75
204.749
204.762
204.76
204.759
204.758
204.757
204.755
204.754
204.752
204.751
204.75
204.762
204.76
204.759
204.758
204.757
204.755
204.754
204.752
204.751
204.75
204.762
204.76
204.759
204.758
204.757
204.756
204.754
204.753
204.751
204.75
204.761
204.76
204.759
204.758
204.757
204.756
204.755
204.753
204.752
204.751
204.761
204.76
204.759
204.758
204.757
204.756
204.755
204.754
204.753
204.752
204.761
204.76
204.759
204.759
204.758
204.757
204.756
204.755
204.753
204.752
204.761
204.76
204.759
204.759
204.758
204.757
204.756
204.755
204.753
204.752
204.761
204.76
204.759
204.758
204.757
204.756
204.755
204.754
204.753
204.752
204.761
204.76
204.759
204.758
204.757
204.756
204.755
204.753
204.752
204.751
204.762
204.76
204.759
204.758
204.757
204.755
204.754
204.753
204.751
204.75
204.762
204.76
204.759
204.758
204.757
204.755
204.754
204.752
204.751
204.75
204.762
204.761
204.759
204.758
204.757
204.755
204.754
204.752
204.751
204.75
204.762
204.761
204.759
204.758
204.757
204.755
204.754
204.752
204.75
204.749
204.762
204.761
204.76
204.758
204.757
204.755
204.753
204.752
204.75
204.749
204.762
204.761
204.76
204.758
204.757
204.755
204.753
204.752
204.75
204.749
204.762
204.761
204.76
204.758
204.757
204.755
204.753
204.752
204.75
204.749
204.762
204.761
204.76
204.759
204.757
204.755
204.753
204.752
204.75
204.749
204.762
204.761
204.76
204.759
204.757
204.755
204.753
204.752
204.75
204.749
204.762
204.761
204.76
204.758
204.757
204.755
204.753
204.752
204.75
204.749
204.762
204.761
204.76
204.758
204.757
204.755
204.754
204.752
204.75
204.749
204.762
204.761
204.759
204.758
204.757
204.755
204.754
204.752
204.751
204.75
204.762
204.76
204.759
204.758
204.757
204.755
204.754
204.752
204.751
204.75
204.762
204.76
204.759
204.758
204.757
204.755
204.754
204.753
204.751
204.75
204.761
204.76
204.759
204.758
204.757
204.756
204.755
204.753
204.752
204.751
204.761
204.76
204.759
204.758
204.757
204.756
204.755
204.754
204.753
204.752
204.761
204.76
204.759
204.759
204.758
204.757
204.756
204.755
204.753
204.752
)
;
    }
}


// ************************************************************************* //
