/*--------------------------------*- C++ -*----------------------------------*\
  =========                 |
  \\      /  F ield         | OpenFOAM: The Open Source CFD Toolbox
   \\    /   O peration     | Website:  https://openfoam.org
    \\  /    A nd           | Version:  9
     \\/     M anipulation  |
\*---------------------------------------------------------------------------*/
FoamFile
{
    format      ascii;
    class       volScalarField;
    location    "1800";
    object      nut;
}
// * * * * * * * * * * * * * * * * * * * * * * * * * * * * * * * * * * * * * //

dimensions      [0 2 -1 0 0 0 0];

internalField   nonuniform List<scalar> 
4000
(
0.000301675
0.000262413
0.000199246
0.00013939
0.000127564
0.000119807
0.000106595
9.48526e-05
9.22791e-05
9.30355e-05
9.37703e-05
9.37082e-05
9.6391e-05
0.000106656
0.000119509
0.000126595
0.000141114
0.000206245
0.00027131
0.00030806
0.000340524
0.000325035
0.000301376
0.000280802
0.000254038
0.000220616
0.00014875
0.000119932
0.000117559
0.000121378
0.000121957
0.00011934
0.000122494
0.000149612
0.000219599
0.000250571
0.000275326
0.000296176
0.000326025
0.000343196
0.000357238
0.000346417
0.000326949
0.000302073
0.000272631
0.000241288
0.000205708
0.000155989
0.000128417
0.000135825
0.000135254
0.000127121
0.000167465
0.000210781
0.000246123
0.000276616
0.000304559
0.000328137
0.000348159
0.000359622
0.000365991
0.000359855
0.000342069
0.000315727
0.000281463
0.000247087
0.000216538
0.000187348
0.000168654
0.000162648
0.00015919
0.000166045
0.000190795
0.000219109
0.000249551
0.000283735
0.000316917
0.000342972
0.000361548
0.000368315
0.000371761
0.000371166
0.000360529
0.000344821
0.000326972
0.000310365
0.000296467
0.000285124
0.000276525
0.000269155
0.000267018
0.00027315
0.000282119
0.000294203
0.000308871
0.000326253
0.000344759
0.000361249
0.00037279
0.000374032
0.000376544
0.000382086
0.000380908
0.000376561
0.000370717
0.00036409
0.000357326
0.000350283
0.000342916
0.000335143
0.000332795
0.00033957
0.000347113
0.000354771
0.000362302
0.000369703
0.000376319
0.000381501
0.000383535
0.000378731
0.00038147
0.000393267
0.00040012
0.00040385
0.000405563
0.000405171
0.000402628
0.000398059
0.000391242
0.000382447
0.00038033
0.000388403
0.000395388
0.000400504
0.000403721
0.000404822
0.000403804
0.000400774
0.000394639
0.00038357
0.000387203
0.000405191
0.000418828
0.000428525
0.000435529
0.000439711
0.000440797
0.000438403
0.000431916
0.000421669
0.000419706
0.000429467
0.000436216
0.000439178
0.000438745
0.000435224
0.000428822
0.000419661
0.000406571
0.000389227
0.000394897
0.000420166
0.000439969
0.000454728
0.000465982
0.000473889
0.000478236
0.000478205
0.000472531
0.000460893
0.000458978
0.000470561
0.000476676
0.000477348
0.000473637
0.00046631
0.000455511
0.000441107
0.000421634
0.000396858
0.000406121
0.000438737
0.000465066
0.000484706
0.000500208
0.000512131
0.000520295
0.000524054
0.00052208
0.000512849
0.000511255
0.000521012
0.000523483
0.000520241
0.000512504
0.00050094
0.000485737
0.000466316
0.000440196
0.000408018
0.000262413
0.000245751
0.000192585
0.000168032
0.000162584
0.000162165
0.000146444
0.000119823
0.000108654
0.000108103
0.000108798
0.000110487
0.000119552
0.000145867
0.00016219
0.000165213
0.000165849
0.000196855
0.000255719
0.000273099
0.000325035
0.000433812
0.000419052
0.000391204
0.000375118
0.000347933
0.000284138
0.000249718
0.000266472
0.000316328
0.000312625
0.000271208
0.000258671
0.000296653
0.000351884
0.000370563
0.000382063
0.00040661
0.00043027
0.000326437
0.000346417
0.00047497
0.000471042
0.000431684
0.000386729
0.000351241
0.000316895
0.000280898
0.000281531
0.000352872
0.000333946
0.000282095
0.000287744
0.000326094
0.00036082
0.000396461
0.000443195
0.000485161
0.00049105
0.00034844
0.000359855
0.000477433
0.000489228
0.000449454
0.000384543
0.000338549
0.000301759
0.000268024
0.00026749
0.000358628
0.00031934
0.000255728
0.000273723
0.000309962
0.000345554
0.000389307
0.00045093
0.000492434
0.000484168
0.000361817
0.000371166
0.000501673
0.000529487
0.000501889
0.000426186
0.000360611
0.000316264
0.000278516
0.000259929
0.000273527
0.000264976
0.000258657
0.000283989
0.00032239
0.000364717
0.000428
0.000500556
0.000531008
0.000506189
0.000373156
0.000382086
0.000523843
0.000564073
0.00056162
0.000508293
0.00042535
0.000373137
0.000334289
0.000314007
0.000311744
0.000307829
0.000312744
0.000335852
0.000375142
0.000426667
0.000506177
0.000560076
0.000566683
0.000528589
0.000384112
0.000393267
0.00053906
0.000584477
0.000609964
0.000611088
0.000576602
0.000508265
0.000445881
0.000407095
0.000390493
0.000387305
0.000402692
0.000439882
0.00050337
0.000572416
0.0006075
0.000609588
0.000588375
0.000544381
0.000395401
0.000405191
0.000547765
0.000591628
0.000637257
0.000677055
0.000693108
0.000687437
0.00066883
0.000637893
0.000605596
0.000601065
0.000627874
0.000659782
0.000680692
0.00068882
0.000675868
0.000638855
0.000596569
0.000553253
0.000407429
0.000420166
0.000536678
0.000586815
0.000626774
0.000657972
0.00067623
0.000682162
0.000672582
0.000640879
0.000592513
0.000586218
0.000631545
0.000665302
0.000678563
0.000675643
0.000660469
0.000631253
0.000592491
0.000541596
0.000422462
0.000438737
0.000472466
0.000500718
0.000523227
0.000542595
0.000558976
0.00057144
0.000578489
0.000577895
0.000567903
0.000566232
0.000576875
0.000578219
0.000571964
0.000560138
0.000544287
0.000525294
0.000502923
0.000474657
0.00044095
0.000199246
0.000192585
0.000185231
0.000182779
0.000183363
0.000181799
0.000162849
0.00013886
0.000123615
0.000118714
0.000118593
0.000122746
0.000137252
0.000163967
0.000183783
0.000187303
0.00018596
0.00018104
0.00020111
0.000213573
0.000301376
0.000419052
0.000435978
0.000431645
0.000429692
0.00040705
0.000344568
0.000308718
0.000318929
0.000368721
0.000366509
0.000323448
0.000319467
0.000361969
0.000416413
0.000427974
0.000423923
0.000425062
0.000406373
0.000296217
0.000326949
0.000471042
0.000495043
0.000471584
0.000440914
0.000414812
0.000388469
0.000358865
0.000359641
0.000414763
0.000394438
0.000356768
0.000366826
0.000399705
0.000427629
0.000453279
0.000485409
0.000509878
0.00048684
0.000328625
0.000342069
0.000489228
0.000523088
0.000495219
0.000442207
0.000403153
0.000373289
0.000349746
0.000364458
0.000423433
0.000393016
0.000345735
0.000352604
0.000382113
0.000412359
0.000449216
0.000499135
0.000526853
0.00049436
0.000343526
0.000360529
0.000529487
0.00057352
0.000548148
0.000471287
0.00040571
0.000361208
0.000324802
0.000308806
0.000333376
0.000315573
0.000304501
0.000331811
0.000370222
0.000413206
0.000476365
0.000550077
0.000576225
0.000532795
0.000361966
0.000380908
0.000564073
0.000617073
0.0006024
0.000522734
0.000431604
0.000370187
0.00032266
0.000292974
0.000294512
0.000289759
0.000295567
0.000330714
0.000378397
0.000437883
0.000526963
0.000605777
0.000622073
0.000568416
0.000382477
0.00040012
0.000584477
0.000644305
0.000644434
0.000586937
0.000504695
0.000434453
0.000378858
0.000342916
0.000333387
0.000332504
0.000346345
0.000384899
0.000441607
0.000510978
0.000592451
0.00065097
0.000652425
0.000590608
0.00040202
0.000418828
0.000591628
0.000665146
0.000698004
0.000682509
0.000638271
0.000591603
0.000547272
0.000504195
0.000471979
0.000471049
0.000505616
0.000552567
0.000600329
0.000647468
0.000691655
0.000707309
0.000676041
0.000599272
0.000421061
0.000439969
0.000586815
0.000709653
0.000824751
0.000898666
0.000932626
0.00093104
0.000912873
0.000856269
0.000764722
0.00075783
0.000848535
0.000912792
0.000940045
0.000942022
0.000909533
0.00083708
0.000721605
0.000594894
0.00044246
0.000465066
0.000500718
0.000530197
0.000554507
0.000576674
0.000596748
0.000613169
0.000623476
0.000624413
0.000613235
0.000611453
0.000623481
0.000623553
0.000614284
0.000598669
0.000579266
0.000557471
0.000533109
0.000503334
0.000467389
0.00013939
0.000168032
0.000182779
0.0001891
0.000193739
0.000189858
0.000170992
0.000149953
0.000134792
0.000128515
0.000127917
0.000133186
0.000148011
0.000171398
0.000192347
0.000198081
0.00019391
0.000185855
0.000166231
0.000141641
0.000280802
0.000391204
0.000431645
0.000450175
0.00045632
0.000430338
0.000372746
0.000345957
0.000361508
0.000415231
0.000413109
0.000365687
0.000355772
0.000391582
0.000446969
0.000460321
0.00044646
0.000423616
0.000381706
0.000275581
0.000302073
0.000431684
0.000471584
0.000471991
0.000463448
0.000451227
0.000433856
0.000405607
0.000409885
0.000468087
0.000446916
0.000405357
0.000415277
0.000446841
0.000466049
0.00047757
0.000486429
0.00048674
0.000445786
0.000305338
0.000315727
0.000449454
0.000495219
0.000488236
0.000463297
0.000441841
0.00042387
0.000411183
0.000428982
0.000478178
0.000447399
0.000410462
0.000411496
0.00043212
0.000452419
0.000473189
0.000496338
0.000502217
0.000455142
0.000317711
0.000344821
0.000501889
0.000548148
0.000536006
0.000488167
0.000444158
0.000412733
0.000389378
0.000389653
0.000438464
0.0004065
0.000377836
0.000393241
0.000421157
0.000453279
0.000496844
0.00054328
0.000554353
0.000505469
0.000345714
0.000376561
0.00056162
0.000602399
0.0005896
0.000529196
0.000462156
0.000412083
0.000371755
0.00034593
0.000353416
0.000343194
0.00034668
0.000380111
0.000421779
0.000471386
0.000538488
0.000598971
0.000610457
0.000564976
0.000377639
0.00040385
0.000609964
0.000644434
0.000635097
0.00058148
0.000511867
0.000454217
0.00040681
0.000371863
0.000364424
0.000364049
0.0003793
0.000418587
0.000466229
0.000523276
0.000593746
0.000648443
0.000655925
0.000614382
0.000405479
0.000428525
0.000637257
0.000698004
0.000717847
0.000690529
0.000641592
0.000598039
0.000559811
0.000519992
0.000486119
0.000486454
0.000526835
0.00057286
0.000614209
0.000658677
0.000709247
0.000738116
0.000713653
0.000644357
0.000430679
0.000454728
0.000626774
0.000824751
0.000980482
0.00100765
0.00102975
0.00105906
0.00107027
0.00102555
0.000925335
0.00091914
0.00102549
0.00108022
0.00107792
0.00105432
0.00103594
0.00101219
0.000841705
0.00063645
0.000457316
0.000484706
0.000523227
0.000554507
0.000580924
0.000606742
0.000631474
0.000652803
0.000667263
0.000671131
0.000661922
0.000660241
0.000670426
0.000667651
0.00065427
0.000633931
0.000609969
0.000584514
0.000557818
0.000526025
0.000487054
0.000127564
0.000162584
0.000183363
0.000193739
0.000196951
0.000189596
0.000172926
0.000155958
0.000142663
0.000137232
0.000136844
0.000141038
0.000154078
0.000172853
0.000191814
0.000200176
0.000198228
0.000187236
0.000164736
0.000127225
0.000254038
0.000375118
0.000429692
0.00045632
0.000457374
0.000425772
0.00038548
0.000370154
0.000390802
0.000459271
0.000459818
0.000395215
0.000377724
0.00040103
0.000447283
0.000470147
0.000459428
0.000427165
0.000370463
0.000251501
0.000272631
0.000386729
0.000440914
0.000463448
0.000472239
0.000471707
0.000455759
0.000429081
0.000441777
0.000516651
0.0004975
0.000436618
0.000438413
0.000469102
0.000486512
0.000487606
0.000477708
0.000454411
0.000398503
0.00027735
0.000281463
0.000384543
0.000442207
0.000463297
0.000465628
0.000462231
0.000455399
0.000450707
0.000469182
0.000530581
0.000501156
0.000452627
0.000449596
0.000462083
0.00047289
0.000477289
0.000474408
0.000452476
0.000392771
0.000284217
0.000326972
0.000426186
0.000471287
0.000488167
0.000478501
0.000462307
0.000447709
0.000438126
0.000454177
0.00051805
0.000484239
0.000437771
0.00043899
0.000454446
0.000471586
0.000489074
0.000499301
0.000482001
0.000433355
0.000327149
0.000370717
0.000508293
0.000522734
0.000529196
0.000509137
0.000477413
0.000448031
0.000423577
0.000418784
0.000461552
0.000440325
0.00041371
0.000429872
0.000457178
0.000487763
0.000521129
0.000542747
0.000535322
0.000513547
0.000371327
0.000405563
0.000611088
0.000586937
0.00058148
0.000559911
0.00052303
0.000485738
0.000452599
0.000434297
0.000456095
0.000452453
0.000440936
0.000465123
0.000498997
0.000536747
0.000575572
0.000598987
0.000601856
0.000614998
0.000406952
0.000435529
0.000677055
0.000682509
0.000690529
0.00067272
0.000637317
0.00060508
0.00057705
0.000547086
0.000525063
0.000526057
0.000556124
0.00059274
0.000623616
0.000657399
0.000694816
0.000714546
0.000702666
0.000684898
0.000437559
0.000465982
0.000657972
0.000898666
0.00100765
0.00107623
0.00113692
0.00119855
0.00122626
0.00116772
0.00102411
0.00101971
0.00117078
0.00124009
0.00122163
0.00116508
0.00110717
0.0010395
0.000917352
0.000667666
0.000468556
0.000500208
0.000542595
0.000576674
0.000606742
0.000638383
0.000668283
0.000694002
0.000712384
0.000719402
0.000712612
0.000710985
0.0007187
0.00071277
0.000695483
0.000670676
0.000641513
0.00061028
0.000579931
0.000545329
0.000502517
0.000119807
0.000162165
0.000181799
0.000189858
0.000189596
0.000182306
0.000171078
0.000159219
0.000149232
0.000145863
0.000145772
0.000147712
0.000157203
0.000170248
0.000183478
0.000191996
0.000192607
0.000184176
0.000161977
0.000117729
0.000220616
0.000347933
0.00040705
0.000430338
0.000425772
0.00040722
0.000391791
0.000388133
0.000415641
0.000490798
0.000492362
0.000419479
0.000391922
0.00040002
0.000423741
0.000445135
0.000444225
0.000414669
0.000352149
0.000221978
0.000241288
0.000351241
0.000414812
0.000451227
0.000471707
0.000474665
0.000457216
0.00043985
0.000463315
0.00054013
0.000524223
0.000457166
0.00044559
0.000468445
0.000488083
0.000485964
0.000465626
0.000427954
0.00036196
0.000246418
0.000247087
0.000338549
0.000403153
0.000441841
0.000462231
0.000471074
0.00047243
0.00047064
0.000490392
0.000550566
0.000525219
0.000475768
0.000468915
0.000476419
0.000479712
0.000473181
0.000453319
0.000413942
0.000346583
0.000248744
0.000310365
0.000360611
0.00040571
0.000444158
0.000462307
0.000467442
0.000466812
0.000468266
0.000494673
0.000551657
0.000524475
0.0004776
0.000466983
0.000471105
0.000474891
0.000471694
0.000454484
0.000415449
0.00036609
0.000309449
0.00036409
0.00042535
0.000431604
0.000462156
0.000477413
0.00047558
0.000466006
0.000457931
0.000473623
0.000527136
0.000507168
0.000465154
0.000461792
0.00047321
0.000484494
0.000488015
0.000474031
0.000442461
0.000430098
0.000364175
0.000405171
0.000576602
0.000504695
0.000511867
0.00052303
0.000516377
0.000498861
0.000481095
0.000483661
0.000533023
0.000527571
0.000488421
0.000492432
0.000511156
0.000529242
0.000537267
0.000527343
0.000518548
0.000581204
0.000406329
0.000439711
0.000693108
0.000638271
0.000641592
0.000637317
0.000620863
0.00060429
0.000587268
0.000563177
0.000549899
0.000550253
0.000571836
0.000602549
0.000622406
0.000640114
0.000657763
0.000662726
0.000656649
0.000700904
0.000441615
0.000473889
0.00067623
0.000932626
0.00102975
0.00113692
0.00124071
0.00132456
0.00134619
0.00123524
0.000995775
0.000989421
0.00123585
0.001358
0.0013456
0.00126625
0.00116475
0.00105673
0.000951002
0.000683887
0.00047634
0.000512131
0.000558976
0.000596748
0.000631474
0.000668283
0.000703022
0.000733222
0.000755846
0.000766971
0.000764627
0.000762868
0.000765987
0.000755902
0.000734352
0.000705054
0.000670993
0.000634535
0.000599678
0.000561551
0.000514402
0.000106595
0.000146444
0.000162849
0.000170992
0.000172926
0.000171078
0.000166567
0.00016065
0.000155481
0.000156455
0.000156837
0.000154066
0.000158231
0.000164591
0.000170331
0.000173371
0.0001722
0.000163885
0.000144367
0.000104944
0.00014875
0.000284138
0.000344568
0.000372746
0.00038548
0.000391791
0.000395617
0.000404159
0.000440108
0.000513174
0.000513814
0.000442454
0.000403326
0.000395133
0.00039575
0.000394601
0.000384639
0.000355813
0.000292341
0.000151369
0.000205708
0.000316895
0.000388469
0.000433856
0.000455759
0.000457216
0.00044874
0.000447719
0.000476605
0.000513349
0.000502931
0.000469586
0.000447436
0.000453539
0.000466696
0.000467243
0.000445004
0.000397998
0.000324552
0.000208431
0.000216538
0.000301759
0.000373289
0.00042387
0.000455399
0.00047243
0.000477438
0.000476663
0.000494247
0.00048701
0.000474842
0.000481892
0.000473687
0.000477926
0.000476215
0.000462064
0.000432055
0.000381405
0.000307857
0.00021564
0.000296467
0.000316264
0.000361208
0.000412733
0.000447709
0.000466812
0.000475937
0.000484453
0.00050577
0.000470814
0.000460161
0.000491663
0.000481548
0.000477093
0.00047045
0.000453341
0.00041975
0.000368448
0.00032041
0.000294632
0.000357326
0.000373137
0.000370187
0.000412083
0.000448031
0.000466006
0.000471752
0.00047672
0.00049542
0.000460937
0.000451501
0.00048766
0.000478212
0.000475938
0.000471541
0.000454962
0.000420239
0.000378113
0.00037649
0.000356969
0.000402628
0.000508265
0.000434453
0.000454217
0.000485738
0.000498861
0.000496523
0.00049263
0.000508002
0.000514347
0.00050908
0.000511207
0.000501648
0.000506121
0.000508521
0.000495927
0.000465169
0.000444887
0.000511186
0.000403583
0.000440797
0.000687437
0.000591603
0.000598039
0.00060508
0.00060429
0.000599061
0.000584572
0.000557374
0.000539644
0.000537746
0.000563468
0.000596727
0.000614031
0.00062004
0.000620826
0.000613856
0.000607077
0.000694814
0.000442622
0.000478236
0.000682162
0.00093104
0.00105906
0.00119855
0.00132456
0.00141072
0.00139078
0.00117579
0.000846556
0.000836815
0.00116679
0.00139459
0.00142553
0.00134513
0.00122028
0.00107891
0.000950867
0.000688383
0.000480591
0.000520295
0.00057144
0.000613169
0.000652803
0.000694002
0.000733222
0.000768336
0.000796382
0.000814748
0.000824454
0.00082254
0.000813316
0.000795882
0.000768918
0.000734751
0.00069621
0.000655339
0.000615845
0.000573898
0.000522548
9.48526e-05
0.000119823
0.00013886
0.000149953
0.000155958
0.000159219
0.00016065
0.000161065
0.000162076
0.000167956
0.000168602
0.00016086
0.000158343
0.000157668
0.000156637
0.000153832
0.00014801
0.000136406
0.000114783
9.26665e-05
0.000119932
0.000249718
0.000308718
0.000345957
0.000370154
0.000388133
0.000404159
0.000425057
0.000450161
0.000414612
0.000405373
0.000447468
0.000420754
0.000397688
0.000382453
0.000366058
0.000342828
0.000306132
0.000246985
0.000116365
0.000155989
0.000280898
0.000358865
0.000405607
0.000429081
0.00043985
0.000447719
0.00045871
0.000438551
0.000299238
0.000290076
0.00042956
0.000452635
0.000444587
0.000440921
0.000433617
0.000411268
0.000363414
0.000284632
0.000159416
0.000187348
0.000268024
0.000349746
0.000411183
0.000450707
0.00047064
0.000476663
0.000476332
0.000418498
0.000275298
0.000266356
0.000409095
0.000470686
0.000473626
0.000469154
0.000450204
0.000411622
0.000351261
0.000269823
0.000183043
0.000285124
0.000278516
0.000324802
0.000389378
0.000438126
0.000468266
0.000484453
0.000488001
0.000407076
0.000306893
0.000295065
0.000398565
0.000483124
0.00048157
0.000466496
0.000437713
0.000390769
0.000328232
0.000280885
0.00028265
0.000350283
0.000334289
0.00032266
0.000371755
0.000423577
0.000457931
0.00047672
0.000481375
0.000392376
0.000349337
0.000336215
0.000387072
0.000480232
0.000476541
0.000458463
0.000425549
0.000375868
0.00032806
0.000336172
0.00034962
0.000398059
0.000445881
0.000378858
0.00040681
0.000452599
0.000481095
0.00049263
0.000496746
0.000440333
0.000425775
0.000416007
0.000440169
0.000502135
0.000497826
0.000485926
0.000457982
0.000413838
0.000386753
0.000447227
0.000398872
0.000438403
0.00066883
0.000547272
0.000559811
0.00057705
0.000587268
0.000584572
0.000563232
0.000524443
0.00050568
0.000500119
0.000525621
0.000570069
0.000593752
0.000597321
0.000587294
0.000570916
0.000560056
0.000674955
0.000440192
0.000478205
0.000672582
0.000912873
0.00107027
0.00122626
0.00134619
0.00139078
0.00126413
0.000967147
0.000873315
0.000869592
0.000954272
0.00125353
0.00139448
0.00135908
0.00124182
0.00108526
0.000929947
0.000678036
0.000480527
0.000524054
0.000578489
0.000623476
0.000667263
0.000712384
0.000755846
0.000796382
0.000832557
0.000866846
0.000905414
0.000903354
0.000865257
0.000831526
0.000796362
0.000756826
0.0007141
0.000669405
0.000625889
0.00058081
0.000526259
9.22791e-05
0.000108654
0.000123615
0.000134792
0.000142663
0.000149232
0.000155481
0.000162076
0.000168225
0.00017728
0.000177427
0.000167076
0.000159561
0.000152334
0.000145988
0.000139435
0.000131479
0.000119489
0.000105021
8.97837e-05
0.000117559
0.000266472
0.000318929
0.000361508
0.000390802
0.000415641
0.000440108
0.000450161
0.00036175
0.000402266
0.000400788
0.000346396
0.00044219
0.000434809
0.000411308
0.000387268
0.00035844
0.000316398
0.000268349
0.000115828
0.000128417
0.000281531
0.000359641
0.000409885
0.000441777
0.000463315
0.000476605
0.000438551
0.000270159
0.00051031
0.000514762
0.000262635
0.000427444
0.000470745
0.000459738
0.000439424
0.000407869
0.000357825
0.000279514
0.000126731
0.000168654
0.00026749
0.000364458
0.000428982
0.000469182
0.000490391
0.000494247
0.000418498
0.000277301
0.000698208
0.00070278
0.00027493
0.000408054
0.000487577
0.00048473
0.000462962
0.000420836
0.000354539
0.000260048
0.000161493
0.000276525
0.000259929
0.000308806
0.000389653
0.000454177
0.000494673
0.00050577
0.000407076
0.000329695
0.000923677
0.000927022
0.000329237
0.000397324
0.000496298
0.000484637
0.000444473
0.0003821
0.000305468
0.000258476
0.000274026
0.000342916
0.000314007
0.000292974
0.00034593
0.000418784
0.000473623
0.00049542
0.000392376
0.00038718
0.00113373
0.00113613
0.000388824
0.000384656
0.000487114
0.000465099
0.000412552
0.000344588
0.000294793
0.000313763
0.000342107
0.000391242
0.000407095
0.000342916
0.000371863
0.000434297
0.000483661
0.000508002
0.000440333
0.000470872
0.00127792
0.00128209
0.000473025
0.000436768
0.000504884
0.000480448
0.000433171
0.000375109
0.000348551
0.000408089
0.000392009
0.000431916
0.000637893
0.000504195
0.000519992
0.000547086
0.000563177
0.000557374
0.000524443
0.000557305
0.00130986
0.0013157
0.000559416
0.00052351
0.000558167
0.000565464
0.000551416
0.000527797
0.000515575
0.000642617
0.000433751
0.000472531
0.000640879
0.000856269
0.00102555
0.00116772
0.00123524
0.00117579
0.000967147
0.000935986
0.00130202
0.00130185
0.000937068
0.000954168
0.00116795
0.00123866
0.00117761
0.0010382
0.000872675
0.000646646
0.000474931
0.00052208
0.000577895
0.000624413
0.000671131
0.000719402
0.000766971
0.000814748
0.000866846
0.000932047
0.00100757
0.00100408
0.000930752
0.000865983
0.000814431
0.000767487
0.000720694
0.000672988
0.000626711
0.00058017
0.000524287
9.30355e-05
0.000108103
0.000118714
0.000128515
0.000137232
0.000145863
0.000156455
0.000167956
0.00017728
0.000184951
0.000183848
0.000175148
0.000165431
0.000153427
0.000142701
0.000134054
0.000125178
0.000114859
0.000105356
9.05053e-05
0.000121378
0.000316328
0.000368721
0.000415231
0.000459271
0.000490798
0.000513173
0.000414612
0.000402266
0.000266382
0.000261123
0.000390223
0.000392341
0.000504476
0.000488693
0.000460428
0.00041675
0.000372694
0.000319504
0.000119927
0.000135825
0.000352872
0.000414763
0.000468087
0.000516651
0.00054013
0.000513349
0.000299238
0.00051031
0.000391686
0.00038516
0.000513747
0.000284046
0.000499892
0.000534542
0.000514071
0.000464917
0.000411564
0.00035028
0.000134783
0.000162648
0.000358628
0.000423433
0.000478178
0.000530581
0.000550566
0.00048701
0.000275298
0.000698208
0.000530185
0.000521851
0.000711879
0.000267821
0.000470986
0.00054051
0.000523174
0.00046997
0.000413161
0.000345172
0.000157324
0.000269155
0.000273527
0.000333376
0.000438464
0.00051805
0.000551657
0.000470814
0.000306893
0.000923677
0.000688092
0.000676904
0.000945536
0.000304199
0.000452566
0.000536305
0.000503022
0.000423768
0.000322852
0.000270277
0.000266931
0.000335143
0.000311744
0.000294512
0.000353416
0.000461552
0.000527136
0.000460937
0.000349337
0.00113373
0.00086183
0.000846734
0.00116043
0.000350239
0.000442052
0.000510229
0.000446302
0.000345849
0.000292252
0.00031038
0.000334367
0.000382447
0.000390493
0.000333387
0.000364424
0.000456095
0.000533023
0.000514347
0.000425775
0.00127792
0.00103442
0.00101447
0.00130319
0.000424937
0.000499763
0.000521059
0.000447533
0.000363566
0.000336415
0.000390504
0.000383358
0.000421669
0.000605596
0.000471979
0.000486119
0.000525062
0.000549899
0.000539644
0.00050568
0.00130986
0.00117054
0.0011449
0.00133541
0.0005048
0.000530739
0.000543037
0.000522987
0.000490851
0.000481435
0.000610064
0.000423769
0.000460893
0.000592513
0.000764722
0.000925335
0.00102411
0.000995775
0.000846556
0.000873315
0.00130202
0.00125616
0.00122889
0.00131468
0.000874139
0.000834286
0.000986724
0.00102654
0.000935042
0.000779274
0.000598797
0.000463556
0.000512849
0.000567903
0.000613235
0.000661922
0.000712612
0.000764627
0.000824454
0.000905414
0.00100757
0.00104994
0.00103799
0.00100669
0.000905543
0.000824369
0.000764787
0.000713484
0.000663519
0.000615495
0.000570209
0.000515169
9.37703e-05
0.000108798
0.000118593
0.000127917
0.000136844
0.000145772
0.000156837
0.000168602
0.000177427
0.000183848
0.000179413
0.000172204
0.000163565
0.000152174
0.000141714
0.000133375
0.000124914
0.000115159
0.000106026
9.13903e-05
0.000121957
0.000312625
0.000366509
0.000413109
0.000459818
0.000492362
0.000513814
0.000405373
0.000400789
0.000261123
0.000249169
0.000378129
0.000380695
0.000488977
0.000469195
0.000439934
0.000397569
0.000354831
0.000306388
0.000120562
0.000135254
0.000333946
0.000394438
0.000446916
0.0004975
0.000524223
0.000502931
0.000290076
0.000514762
0.00038516
0.000369364
0.000494705
0.00027542
0.000483102
0.000505838
0.000483003
0.000436988
0.000386228
0.000327913
0.000134168
0.00015919
0.00031934
0.000393016
0.000447399
0.000501156
0.000525219
0.000474842
0.000266356
0.00070278
0.000521851
0.000503906
0.000685894
0.000258085
0.000461248
0.00051375
0.000493019
0.000443669
0.00038891
0.000316345
0.000153413
0.000267018
0.000264976
0.000315573
0.0004065
0.000484239
0.000524476
0.000460161
0.000295065
0.000927022
0.000676904
0.000658175
0.000915658
0.000291832
0.00044869
0.000515454
0.000478031
0.000402146
0.0003119
0.000263399
0.00026377
0.000332795
0.000307829
0.000289759
0.000343194
0.000440325
0.000507168
0.000451501
0.000336215
0.00113613
0.000846734
0.000828034
0.00112698
0.000336681
0.000442274
0.0004992
0.000434106
0.00033944
0.000289415
0.000306465
0.000331082
0.00038033
0.000387305
0.000332504
0.000364049
0.000452453
0.000527571
0.00050908
0.000416007
0.00128209
0.00101447
0.00099634
0.00127142
0.000418777
0.000506585
0.000524753
0.000449933
0.000363959
0.000335074
0.000386489
0.000380565
0.000419706
0.000601065
0.000471049
0.000486454
0.000526057
0.000550253
0.000537746
0.000500119
0.0013157
0.0011449
0.00112676
0.00130705
0.000504806
0.000539099
0.000550997
0.000527811
0.000490939
0.000478969
0.000604532
0.000421308
0.000458978
0.000586218
0.00075783
0.00091914
0.00101971
0.00098942
0.000836815
0.000869592
0.00130185
0.00122889
0.00120963
0.00129167
0.000869447
0.000833637
0.000986836
0.00102546
0.000929981
0.000770768
0.000592217
0.000461269
0.000511255
0.000566232
0.000611453
0.000660241
0.000710985
0.000762868
0.00082254
0.000903354
0.00100408
0.00103799
0.00103615
0.00100195
0.00090268
0.000822748
0.000763723
0.000712554
0.000662387
0.000613954
0.000568552
0.000513374
9.37082e-05
0.000110487
0.000122746
0.000133186
0.000141038
0.000147712
0.000154066
0.00016086
0.000167076
0.000175148
0.000172204
0.000164065
0.000158094
0.000151873
0.000146077
0.000139991
0.000132512
0.000120901
0.000107767
9.14293e-05
0.00011934
0.000271208
0.000323448
0.000365687
0.000395215
0.000419479
0.000442454
0.000447468
0.000346396
0.000390223
0.000378129
0.00033163
0.000429767
0.000424711
0.000403382
0.000381012
0.000353409
0.000312234
0.000263696
0.000117972
0.000127121
0.000282095
0.000356768
0.000405357
0.000436618
0.000457167
0.000469586
0.00042956
0.000262635
0.000513747
0.000494705
0.000255311
0.000419666
0.000457771
0.000446661
0.00042746
0.000397628
0.000350827
0.000277669
0.00012674
0.000166045
0.000255728
0.000345735
0.000410462
0.000452627
0.000475768
0.000481892
0.000409095
0.00027493
0.000711879
0.000685894
0.000267369
0.000405169
0.000475082
0.000469478
0.000447452
0.000406891
0.000343554
0.000254879
0.00015936
0.00027315
0.000258657
0.000304501
0.000377836
0.000437771
0.0004776
0.000491663
0.000398565
0.000329237
0.000945536
0.000915658
0.000322242
0.000399318
0.000488853
0.000474858
0.000435648
0.000376591
0.000304298
0.000258129
0.000269843
0.00033957
0.000312744
0.000295567
0.00034668
0.00041371
0.000465154
0.00048766
0.000387072
0.000388824
0.00116043
0.00112698
0.000381377
0.000391541
0.000487801
0.000464583
0.000413445
0.000347606
0.000297102
0.000311828
0.000337836
0.000388403
0.000402692
0.000346345
0.0003793
0.000440936
0.000488421
0.000511207
0.000440169
0.000473025
0.00130319
0.00127142
0.000468489
0.00045054
0.000517731
0.000493261
0.000444819
0.000383222
0.000349889
0.000402272
0.000388538
0.000429467
0.000627874
0.000505616
0.000526835
0.000556124
0.000571835
0.000563467
0.000525621
0.000559416
0.00133541
0.00130705
0.000559782
0.000536344
0.000573927
0.00058175
0.000565146
0.000535292
0.000514646
0.000632258
0.000430959
0.000470561
0.000631545
0.000848535
0.00102549
0.00117078
0.00123585
0.00116679
0.000954272
0.000937068
0.00131468
0.00129167
0.000934056
0.000955596
0.00117239
0.00124785
0.00118568
0.0010401
0.000863504
0.000638833
0.000472834
0.000521012
0.000576875
0.000623481
0.000670426
0.0007187
0.000765987
0.000813316
0.000865257
0.000930752
0.00100669
0.00100195
0.00092876
0.000864795
0.000813881
0.000767404
0.000720738
0.000672811
0.000626009
0.000579212
0.000523137
9.6391e-05
0.000119552
0.000137252
0.000148011
0.000154078
0.000157203
0.000158231
0.000158343
0.000159561
0.000165431
0.000163565
0.000158094
0.00015772
0.000158366
0.000158164
0.000155819
0.000150172
0.000138177
0.000120354
9.50301e-05
0.000122494
0.000258671
0.000319467
0.000355772
0.000377724
0.000391922
0.000403326
0.000420754
0.00044219
0.000392341
0.000380695
0.000429767
0.000411936
0.000396257
0.000385311
0.000371665
0.000350584
0.000314455
0.000254396
0.000120486
0.000167465
0.000287744
0.000366826
0.000415277
0.000438413
0.00044559
0.000447436
0.000452635
0.000427444
0.000284046
0.00027542
0.000419666
0.00044678
0.000442856
0.000440787
0.000433091
0.000409998
0.000363303
0.00028611
0.000163639
0.000190795
0.000273723
0.000352604
0.000411496
0.000449596
0.000468915
0.000473687
0.000470686
0.000408054
0.000267821
0.000258085
0.000405169
0.000466839
0.00047002
0.000465446
0.000447035
0.000410282
0.000352725
0.000273921
0.000185615
0.000282119
0.000283989
0.000331811
0.000393241
0.00043899
0.000466983
0.000481548
0.000483124
0.000397323
0.000304199
0.000291832
0.000399318
0.000483684
0.000482121
0.000467503
0.000439972
0.000394847
0.000333602
0.00028421
0.000279214
0.000347113
0.000335852
0.000330714
0.000380111
0.000429872
0.000461792
0.000478212
0.000480232
0.000384656
0.000350239
0.000336681
0.000391541
0.000485513
0.000482396
0.000465392
0.000433656
0.000384364
0.000334513
0.000335963
0.000345543
0.000395388
0.000439882
0.000384899
0.000418587
0.000465123
0.000492432
0.000501648
0.000502135
0.000436768
0.000424937
0.000418777
0.00045054
0.000514824
0.000512071
0.000501215
0.000473215
0.000426508
0.000391532
0.000437845
0.000395453
0.000436216
0.000659782
0.000552567
0.00057286
0.00059274
0.000602549
0.000596727
0.000570069
0.00052351
0.0005048
0.000504806
0.000536344
0.00058554
0.000612558
0.000617807
0.000606773
0.000585764
0.000564571
0.000667111
0.000437526
0.000476676
0.000665302
0.000912792
0.00108022
0.00124009
0.001358
0.00139459
0.00125353
0.000954168
0.000874139
0.000869447
0.000955596
0.00125866
0.00141001
0.00137959
0.00126189
0.00109911
0.000929969
0.000672747
0.00047871
0.000523483
0.000578219
0.000623553
0.000667651
0.00071277
0.000755902
0.000795882
0.000831526
0.000865983
0.000905543
0.00090268
0.000864795
0.000831464
0.000796921
0.000757824
0.000715212
0.000670261
0.000626083
0.000580439
0.000525421
0.000106656
0.000145867
0.000163967
0.000171398
0.000172853
0.000170248
0.000164591
0.000157668
0.000152334
0.000153427
0.000152174
0.000151873
0.000158366
0.000166486
0.000173344
0.00017679
0.000175409
0.000166087
0.000146047
0.000108568
0.000149612
0.000296653
0.000361969
0.000391582
0.00040103
0.00040002
0.000395133
0.000397688
0.000434809
0.000504476
0.000488977
0.000424711
0.000396257
0.000395303
0.000401798
0.000406697
0.000401909
0.000372326
0.000305393
0.00016211
0.000210781
0.000326094
0.000399705
0.000446841
0.000469102
0.000468445
0.000453539
0.000444587
0.000470745
0.000499892
0.000483102
0.000457771
0.000442856
0.000451763
0.000465411
0.000465376
0.000443516
0.000398713
0.00032631
0.000209592
0.00021911
0.000309962
0.000382113
0.00043212
0.000462083
0.000476419
0.000477926
0.000473626
0.000487577
0.000470986
0.000461248
0.000475082
0.00047002
0.00047491
0.000473922
0.000460943
0.0004326
0.000383648
0.000310744
0.000215937
0.000294203
0.00032239
0.000370222
0.000421157
0.000454446
0.000471105
0.000477093
0.00048157
0.000496298
0.000452566
0.00044869
0.000488853
0.000482121
0.000478347
0.000472554
0.000457004
0.000424732
0.000373523
0.000323175
0.000291987
0.000354771
0.000375142
0.000378397
0.000421779
0.000457178
0.00047321
0.000475938
0.000476541
0.000487114
0.000442052
0.000442274
0.000487801
0.000482396
0.000481747
0.000478827
0.000463478
0.000428715
0.000384336
0.000376751
0.000353575
0.000400504
0.00050337
0.000441607
0.000466229
0.000498997
0.000511156
0.000506121
0.000497826
0.000504884
0.000499763
0.000506585
0.000517731
0.000512071
0.000518497
0.000522328
0.000510169
0.000477595
0.000451006
0.000503764
0.000400677
0.000439178
0.000680692
0.000600329
0.000614209
0.000623616
0.000622406
0.000614031
0.000593752
0.000558167
0.000530739
0.000539099
0.000573927
0.000612558
0.000633395
0.000640973
0.000641314
0.000631329
0.000615609
0.000689506
0.000440424
0.000477348
0.000678563
0.000940045
0.00107792
0.00122163
0.0013456
0.00142553
0.00139448
0.00116795
0.000834286
0.000833637
0.00117239
0.00141001
0.00145021
0.00137405
0.00124883
0.00110165
0.000960306
0.00068647
0.000479266
0.000520241
0.000571964
0.000614284
0.00065427
0.000695483
0.000734352
0.000768918
0.000796362
0.000814431
0.000824369
0.000822748
0.000813881
0.000796921
0.00077053
0.000736746
0.000698298
0.000657151
0.000616939
0.000574166
0.000522077
0.000119509
0.00016219
0.000183783
0.000192347
0.000191814
0.000183478
0.000170331
0.000156637
0.000145988
0.000142701
0.000141714
0.000146077
0.000158164
0.000173344
0.00018742
0.000194778
0.000193665
0.000183162
0.000158945
0.000116927
0.000219599
0.000351884
0.000416413
0.000446969
0.000447283
0.000423741
0.00039575
0.000382453
0.000411308
0.000488693
0.000469195
0.000403382
0.000385311
0.000401798
0.000435401
0.000462745
0.000460517
0.000428023
0.000362255
0.000227558
0.000246123
0.00036082
0.000427629
0.000466049
0.000486512
0.000488083
0.000466696
0.000440921
0.000459738
0.000534542
0.000505838
0.000446661
0.000440787
0.000465411
0.000486436
0.000486467
0.000469062
0.000432039
0.000365029
0.000247295
0.000249551
0.000345554
0.000412359
0.000452419
0.00047289
0.000479712
0.000476215
0.000469154
0.00048473
0.00054051
0.00051375
0.000469478
0.000465446
0.000473922
0.000478907
0.000474776
0.000456753
0.000417208
0.000348151
0.000247493
0.000308871
0.000364717
0.000413206
0.000453279
0.000471586
0.000474891
0.00047045
0.000466496
0.000484637
0.000536305
0.000515454
0.000474858
0.000467503
0.000472554
0.00047803
0.000476971
0.000460542
0.000419843
0.000367356
0.000307438
0.000362302
0.000426667
0.000437883
0.000471386
0.000487763
0.000484494
0.000471541
0.000458463
0.000465099
0.000510229
0.0004992
0.000464583
0.000465392
0.000478827
0.000492144
0.000497098
0.000482253
0.000447428
0.000430167
0.000361621
0.000403721
0.000572416
0.000510978
0.000523276
0.000536747
0.000529242
0.000508521
0.000485926
0.000480448
0.000521059
0.000524753
0.000493261
0.000501215
0.000522328
0.0005423
0.000550777
0.000538376
0.000523709
0.000576047
0.000404128
0.000438745
0.00068882
0.000647468
0.000658677
0.000657399
0.000640114
0.00062004
0.000597321
0.000565464
0.000543037
0.000550997
0.00058175
0.000617807
0.000640973
0.000660206
0.000677598
0.000679154
0.000664725
0.000697765
0.000440013
0.000473637
0.000675643
0.000942022
0.00105432
0.00116508
0.00126625
0.00134513
0.00135908
0.00123865
0.000986724
0.000986836
0.00124785
0.00137959
0.00137405
0.00129748
0.00119535
0.0010815
0.000959913
0.000683859
0.000475522
0.000512504
0.000560138
0.000598669
0.000633931
0.000670676
0.000705054
0.000734751
0.000756826
0.000767487
0.000764787
0.000763723
0.000767404
0.000757824
0.000736746
0.000707754
0.000673757
0.00063705
0.000601368
0.000562294
0.000514258
0.000126594
0.000165213
0.000187303
0.000198081
0.000200176
0.000191996
0.000173371
0.000153832
0.000139435
0.000134054
0.000133375
0.000139991
0.000155819
0.00017679
0.000194778
0.000200667
0.000197364
0.000187018
0.000162329
0.000124797
0.000250571
0.000370563
0.000427974
0.000460321
0.000470147
0.000445135
0.000394601
0.000366058
0.000387268
0.000460428
0.000439934
0.000381012
0.000371665
0.000406697
0.000462745
0.000484271
0.000470351
0.000435773
0.000376294
0.000255034
0.000276616
0.000396461
0.000453279
0.00047757
0.000487606
0.000485964
0.000467243
0.000433617
0.000439424
0.000514071
0.000483003
0.00042746
0.000433091
0.000465376
0.000486467
0.000491714
0.000483295
0.000459431
0.000401535
0.000278113
0.000283735
0.000389307
0.000449216
0.000473189
0.000477289
0.000473181
0.000462064
0.000450204
0.000462962
0.000523174
0.000493019
0.000447452
0.000447035
0.000460943
0.000474776
0.000482574
0.000481236
0.000457527
0.000394159
0.000283317
0.000326253
0.000428
0.000476365
0.000496844
0.000489074
0.000471694
0.000453341
0.000437713
0.000444473
0.000503022
0.000478031
0.000435648
0.000439972
0.000457004
0.000476971
0.000497651
0.000508421
0.000487526
0.000433865
0.000325824
0.000369703
0.000506177
0.000526963
0.000538488
0.000521129
0.000488015
0.000454962
0.000425549
0.000412552
0.000446303
0.000434106
0.000413445
0.000433656
0.000463478
0.000497098
0.000532712
0.000552751
0.000540187
0.000512414
0.000369696
0.000404822
0.0006075
0.000592451
0.000593746
0.000575572
0.000537266
0.000495927
0.000457982
0.000433171
0.000447533
0.000449933
0.000444819
0.000473215
0.000510169
0.000550777
0.000590575
0.000610628
0.000606823
0.000612579
0.00040556
0.000435224
0.000675868
0.000691655
0.000709247
0.000694816
0.000657763
0.000620826
0.000587294
0.000551416
0.000522987
0.000527811
0.000565146
0.000606773
0.000641314
0.000677598
0.000715197
0.000730817
0.000709818
0.000684463
0.000436615
0.00046631
0.000660469
0.000909533
0.00103594
0.00110717
0.00116475
0.00122028
0.00124181
0.00117761
0.00102654
0.00102546
0.00118568
0.00126189
0.00124883
0.00119535
0.00113675
0.00106435
0.000926267
0.000669216
0.000468226
0.00050094
0.000544287
0.000579266
0.000609969
0.000641513
0.000670993
0.00069621
0.0007141
0.000720694
0.000713484
0.000712554
0.000720738
0.000715212
0.000698298
0.000673757
0.000644654
0.000613175
0.000582
0.000546418
0.000502665
0.000141114
0.000165849
0.00018596
0.00019391
0.000198228
0.000192607
0.0001722
0.00014801
0.000131479
0.000125178
0.000124914
0.000132512
0.000150172
0.000175409
0.000193665
0.000197364
0.00019329
0.000185398
0.000167389
0.000144724
0.000275326
0.000382063
0.000423923
0.00044646
0.000459428
0.000444225
0.000384639
0.000342828
0.00035844
0.00041675
0.000397569
0.000353409
0.000350584
0.000401909
0.000460517
0.000470351
0.000454399
0.000429926
0.00038691
0.000277513
0.000304559
0.000443195
0.000485409
0.000486429
0.000477708
0.000465626
0.000445004
0.000411268
0.000407869
0.000464917
0.000436988
0.000397628
0.000409998
0.000443516
0.000469062
0.000483295
0.000493435
0.000493693
0.000451265
0.00030591
0.000316917
0.00045093
0.000499135
0.000496338
0.000474408
0.000453319
0.000432055
0.000411622
0.000420836
0.00046997
0.000443669
0.000406891
0.000410282
0.0004326
0.000456753
0.000481236
0.00050606
0.000509636
0.000458501
0.000317603
0.000344759
0.000500556
0.000550077
0.00054328
0.000499301
0.000454484
0.00041975
0.000390769
0.0003821
0.000423768
0.000402146
0.000376591
0.000394847
0.000424732
0.000460542
0.000508421
0.000555591
0.000562288
0.00050795
0.000345303
0.000376319
0.000560076
0.000605777
0.000598971
0.000542747
0.000474031
0.000420239
0.000375868
0.000344588
0.000345849
0.00033944
0.000347606
0.000384364
0.000428715
0.000482253
0.000552751
0.000611562
0.000617783
0.000566366
0.000377025
0.000403804
0.000609588
0.00065097
0.000648443
0.000598987
0.000527343
0.000465169
0.000413838
0.000375109
0.000363566
0.000363959
0.000383222
0.000426508
0.000477595
0.000538376
0.000610628
0.000661845
0.000663273
0.000615405
0.000404948
0.000428822
0.000638855
0.000707309
0.000738116
0.000714546
0.000662726
0.000613856
0.000570916
0.000527797
0.000490851
0.000490939
0.000535292
0.000585764
0.000631329
0.000679154
0.000730817
0.000755551
0.000721677
0.00064584
0.000430417
0.000455511
0.000631253
0.00083708
0.00101219
0.0010395
0.00105673
0.00107891
0.00108526
0.0010382
0.000935042
0.00092998
0.0010401
0.00109911
0.00110165
0.0010815
0.00106435
0.00103835
0.000851127
0.000639215
0.00045745
0.000485737
0.000525294
0.000557471
0.000584514
0.00061028
0.000634535
0.000655339
0.000669405
0.000672988
0.000663519
0.000662387
0.000672811
0.000670261
0.000657151
0.00063705
0.000613175
0.000587488
0.000560053
0.000527367
0.000487489
0.000206245
0.000196855
0.00018104
0.000185855
0.000187236
0.000184176
0.000163885
0.000136406
0.000119489
0.000114859
0.000115159
0.000120901
0.000138177
0.000166087
0.000183162
0.000187018
0.000185398
0.000186182
0.000226262
0.000239478
0.000296176
0.00040661
0.000425062
0.000423616
0.000427165
0.000414669
0.000355813
0.000306132
0.000316398
0.000372694
0.000354831
0.000312234
0.000314455
0.000372326
0.000428023
0.000435773
0.000429926
0.000430724
0.000414655
0.000298481
0.000328137
0.000485161
0.000509878
0.00048674
0.000454411
0.000427954
0.000397998
0.000363414
0.000357825
0.000411564
0.000386228
0.000350827
0.000363303
0.000398713
0.000432039
0.000459431
0.000493693
0.000520436
0.000497879
0.000329581
0.000342972
0.000492434
0.000526853
0.000502217
0.000452476
0.000413942
0.000381405
0.000351261
0.000354539
0.000413161
0.00038891
0.000343554
0.000352725
0.000383648
0.000417208
0.000457527
0.000509636
0.000536472
0.00050201
0.000344385
0.000361249
0.000531008
0.000576225
0.000554353
0.000482001
0.000415449
0.000368448
0.000328232
0.000305468
0.000322852
0.0003119
0.000304298
0.000333602
0.000373523
0.000419843
0.000487526
0.000562288
0.000585911
0.000539282
0.000362714
0.000381501
0.000566683
0.000622073
0.000610457
0.000535322
0.000442461
0.000378113
0.00032806
0.000294793
0.000292252
0.000289415
0.000297102
0.000334513
0.000384336
0.000447428
0.000540187
0.000617783
0.000631267
0.00057403
0.000382985
0.000400774
0.000588375
0.000652425
0.000655925
0.000601856
0.000518548
0.000444887
0.000386753
0.000348551
0.000336415
0.000335074
0.000349889
0.000391532
0.000451006
0.000523709
0.000606823
0.000663273
0.000661595
0.000595463
0.000402417
0.000419661
0.000596569
0.000676041
0.000713653
0.000702666
0.000656649
0.000607077
0.000560056
0.000515575
0.000481435
0.000478969
0.000514646
0.000564571
0.000615609
0.000664725
0.000709818
0.000721677
0.000685569
0.000603575
0.000421496
0.000441107
0.000592491
0.000721605
0.000841705
0.000917352
0.000951002
0.000950867
0.000929947
0.000872675
0.000779274
0.000770768
0.000863504
0.000929969
0.000960306
0.000959913
0.000926267
0.000851127
0.00073072
0.000598802
0.000443071
0.000466316
0.000502923
0.000533109
0.000557818
0.000579931
0.000599678
0.000615845
0.000625889
0.000626711
0.000615495
0.000613954
0.000626009
0.000626083
0.000616939
0.000601368
0.000582
0.000560053
0.00053522
0.000504801
0.000468114
0.00027131
0.000255719
0.00020111
0.000166231
0.000164736
0.000161977
0.000144367
0.000114783
0.000105021
0.000105356
0.000106026
0.000107767
0.000120354
0.000146047
0.000158945
0.000162329
0.000167389
0.000226262
0.000270446
0.000289623
0.000326025
0.00043027
0.000406373
0.000381706
0.000370463
0.000352149
0.000292341
0.000246985
0.000268349
0.000319504
0.000306388
0.000263696
0.000254396
0.000305393
0.000362255
0.000376294
0.00038691
0.000414655
0.000450936
0.000331037
0.000348159
0.00049105
0.00048684
0.000445786
0.000398503
0.00036196
0.000324552
0.000284632
0.000279514
0.00035028
0.000327913
0.000277669
0.00028611
0.00032631
0.000365029
0.000401535
0.000451265
0.000497879
0.000497111
0.000351296
0.000361548
0.000484168
0.00049436
0.000455142
0.000392771
0.000346583
0.000307857
0.000269823
0.000260048
0.000345172
0.000316345
0.000254879
0.000273921
0.000310744
0.000348151
0.000394159
0.000458501
0.00050201
0.000492688
0.000364139
0.00037279
0.000506189
0.000532795
0.000505469
0.000433355
0.00036609
0.00032041
0.000280885
0.000258476
0.000270277
0.000263399
0.000258129
0.00028421
0.000323175
0.000367356
0.000433865
0.00050795
0.000539282
0.000513573
0.000375075
0.000383535
0.000528589
0.000568416
0.000564976
0.000513548
0.000430098
0.00037649
0.000336172
0.000313763
0.00031038
0.000306465
0.000311828
0.000335963
0.000376751
0.000430167
0.000512414
0.000566366
0.00057403
0.000535272
0.000385719
0.000394639
0.000544381
0.000590608
0.000614382
0.000614998
0.000581204
0.000511186
0.000447227
0.000408089
0.000390504
0.000386489
0.000402272
0.000437845
0.000503764
0.000576047
0.000612579
0.000615405
0.000595463
0.000550514
0.000396763
0.000406571
0.000553253
0.000599272
0.000644357
0.000684898
0.000700904
0.000694814
0.000674955
0.000642617
0.000610064
0.000604532
0.000632258
0.000667111
0.000689506
0.000697765
0.000684463
0.00064584
0.000603575
0.000558631
0.00040864
0.000421634
0.000541596
0.000594894
0.00063645
0.000667666
0.000683887
0.000688383
0.000678036
0.000646646
0.000598797
0.000592217
0.000638833
0.000672747
0.00068647
0.000683859
0.000669216
0.000639215
0.000598802
0.000545435
0.000423637
0.000440196
0.000474657
0.000503334
0.000526025
0.000545329
0.000561551
0.000573898
0.00058081
0.00058017
0.000570209
0.000568552
0.000579212
0.000580439
0.000574166
0.000562294
0.000546418
0.000527367
0.000504801
0.000476228
0.000442054
0.00030806
0.000273099
0.000213573
0.000141641
0.000127225
0.000117729
0.000104944
9.26665e-05
8.97837e-05
9.05053e-05
9.13903e-05
9.14293e-05
9.50301e-05
0.000108568
0.000116927
0.000124797
0.000144724
0.000239478
0.000289623
0.000318556
0.000343196
0.000326437
0.000296217
0.000275581
0.000251502
0.000221978
0.000151369
0.000116365
0.000115828
0.000119927
0.000120562
0.000117972
0.000120486
0.00016211
0.000227558
0.000255034
0.000277513
0.000298481
0.000331037
0.00034827
0.000359622
0.00034844
0.000328625
0.000305338
0.00027735
0.000246418
0.000208431
0.000159416
0.000126731
0.000134783
0.000134168
0.00012674
0.000163639
0.000209592
0.000247295
0.000278113
0.00030591
0.000329581
0.000351296
0.00036327
0.000368315
0.000361817
0.000343526
0.000317711
0.000284217
0.000248744
0.00021564
0.000183043
0.000161493
0.000157324
0.000153413
0.00015936
0.000185615
0.000215937
0.000247493
0.000283317
0.000317603
0.000344385
0.000364139
0.000371386
0.000374032
0.000373156
0.000361966
0.000345714
0.000327149
0.000309449
0.000294632
0.00028265
0.000274026
0.000266931
0.00026377
0.000269843
0.000279214
0.000291987
0.000307438
0.000325824
0.000345303
0.000362714
0.000375075
0.000376777
0.000378731
0.000384112
0.000382477
0.000377639
0.000371327
0.000364175
0.000356969
0.00034962
0.000342107
0.000334367
0.000331082
0.000337836
0.000345543
0.000353575
0.000361621
0.000369696
0.000377025
0.000382985
0.000385719
0.00038124
0.00038357
0.000395401
0.00040202
0.000405479
0.000406952
0.000406329
0.000403583
0.000398872
0.000392009
0.000383358
0.000380565
0.000388538
0.000395453
0.000400677
0.000404128
0.00040556
0.000404948
0.000402417
0.000396763
0.000385877
0.000389227
0.000407429
0.000421061
0.000430679
0.000437559
0.000441615
0.000442622
0.000440192
0.000433751
0.000423769
0.000421308
0.000430959
0.000437526
0.000440424
0.000440013
0.000436615
0.000430417
0.000421496
0.00040864
0.000391352
0.000396858
0.000422462
0.00044246
0.000457316
0.000468556
0.00047634
0.000480591
0.000480527
0.000474931
0.000463556
0.000461269
0.000472834
0.00047871
0.000479266
0.000475522
0.000468226
0.00045745
0.000443071
0.000423637
0.000398821
0.000408018
0.00044095
0.000467389
0.000487054
0.000502517
0.000514402
0.000522548
0.000526259
0.000524287
0.000515169
0.000513374
0.000523137
0.000525421
0.000522077
0.000514258
0.000502665
0.000487489
0.000468114
0.000442054
0.00040983
)
;

boundaryField
{
    floor
    {
        type            nutkWallFunction;
        Cmu             0.09;
        kappa           0.41;
        E               9.8;
        value           nonuniform List<scalar> 
400
(
3.35374e-05
2.81455e-05
1.91391e-05
1.0486e-05
8.6885e-06
7.54142e-06
5.40885e-06
3.56417e-06
3.14643e-06
3.26351e-06
3.38076e-06
3.37089e-06
3.79438e-06
5.40312e-06
7.40367e-06
8.52224e-06
1.07901e-05
2.03912e-05
2.94999e-05
3.44887e-05
2.81455e-05
2.59028e-05
1.82096e-05
1.47071e-05
1.4004e-05
1.39271e-05
1.15325e-05
7.48084e-06
5.75106e-06
5.65765e-06
5.76795e-06
6.03423e-06
7.42241e-06
1.13768e-05
1.38308e-05
1.43633e-05
1.44756e-05
1.90049e-05
2.73678e-05
2.97399e-05
1.91391e-05
1.82096e-05
1.71642e-05
1.70153e-05
1.71016e-05
1.67962e-05
1.3961e-05
1.03831e-05
8.06779e-06
7.31306e-06
7.29255e-06
7.91572e-06
1.0094e-05
1.40705e-05
1.69933e-05
1.75874e-05
1.74194e-05
1.66242e-05
1.95553e-05
2.13647e-05
1.0486e-05
1.47071e-05
1.70153e-05
1.79569e-05
1.85642e-05
1.79306e-05
1.51543e-05
1.2059e-05
9.78564e-06
8.82816e-06
8.73154e-06
9.50761e-06
1.17026e-05
1.51468e-05
1.82318e-05
1.91276e-05
1.85804e-05
1.74158e-05
1.45276e-05
1.08513e-05
8.6885e-06
1.4004e-05
1.71016e-05
1.85642e-05
1.89704e-05
1.78719e-05
1.54472e-05
1.29647e-05
1.09867e-05
1.01673e-05
1.01044e-05
1.0705e-05
1.26189e-05
1.53654e-05
1.81321e-05
1.93795e-05
1.91505e-05
1.75897e-05
1.43076e-05
8.60828e-06
7.54142e-06
1.39271e-05
1.67962e-05
1.79306e-05
1.78719e-05
1.68123e-05
1.51904e-05
1.34604e-05
1.19834e-05
1.14817e-05
1.14657e-05
1.17203e-05
1.30986e-05
1.49958e-05
1.69162e-05
1.81573e-05
1.82667e-05
1.70641e-05
1.38249e-05
7.13824e-06
5.40885e-06
1.15325e-05
1.3961e-05
1.51543e-05
1.54472e-05
1.51904e-05
1.45437e-05
1.36838e-05
1.29259e-05
1.30781e-05
1.31361e-05
1.26849e-05
1.32684e-05
1.41818e-05
1.50048e-05
1.54368e-05
1.52624e-05
1.40538e-05
1.11767e-05
5.13736e-06
3.56417e-06
7.48084e-06
1.03831e-05
1.2059e-05
1.29647e-05
1.34604e-05
1.36838e-05
1.37557e-05
1.3915e-05
1.47899e-05
1.48893e-05
1.37115e-05
1.33059e-05
1.31822e-05
1.30102e-05
1.25777e-05
1.16981e-05
9.9508e-06
6.70011e-06
3.20756e-06
3.14643e-06
5.75106e-06
8.06779e-06
9.78564e-06
1.09867e-05
1.19834e-05
1.29259e-05
1.3915e-05
1.48311e-05
1.61615e-05
1.61791e-05
1.46437e-05
1.35101e-05
1.24184e-05
1.14565e-05
1.04612e-05
9.25034e-06
7.41816e-06
5.19989e-06
2.75469e-06
3.26351e-06
5.65765e-06
7.31306e-06
8.82816e-06
1.01673e-05
1.14817e-05
1.30781e-05
1.47899e-05
1.61615e-05
6.35758e-06
6.16749e-06
1.5833e-05
1.44012e-05
1.26103e-05
1.09964e-05
9.68354e-06
8.32479e-06
6.7351e-06
5.24766e-06
2.86898e-06
3.38076e-06
5.76795e-06
7.29255e-06
8.73154e-06
1.01044e-05
1.14657e-05
1.31361e-05
1.48893e-05
1.61791e-05
6.16749e-06
5.41299e-06
1.5369e-05
1.41004e-05
1.24058e-05
1.08335e-05
9.56982e-06
8.27708e-06
6.77826e-06
5.3458e-06
3.00292e-06
3.37089e-06
6.03423e-06
7.91572e-06
9.50761e-06
1.0705e-05
1.17203e-05
1.26849e-05
1.37115e-05
1.46437e-05
1.5833e-05
1.5369e-05
1.41466e-05
1.32506e-05
1.2318e-05
1.14461e-05
1.05288e-05
9.39741e-06
7.63356e-06
5.60791e-06
2.99862e-06
3.79438e-06
7.42241e-06
1.0094e-05
1.17026e-05
1.26189e-05
1.30986e-05
1.32684e-05
1.33059e-05
1.35101e-05
1.44012e-05
1.41004e-05
1.32506e-05
1.31759e-05
1.32603e-05
1.32233e-05
1.28704e-05
1.20254e-05
1.02331e-05
7.54603e-06
3.56375e-06
5.40313e-06
1.13768e-05
1.40705e-05
1.51468e-05
1.53654e-05
1.49958e-05
1.41818e-05
1.31822e-05
1.24184e-05
1.26103e-05
1.24058e-05
1.2318e-05
1.32603e-05
1.44491e-05
1.54521e-05
1.59556e-05
1.57495e-05
1.43885e-05
1.14192e-05
5.69273e-06
7.40367e-06
1.38308e-05
1.69933e-05
1.82318e-05
1.81322e-05
1.69162e-05
1.50048e-05
1.30102e-05
1.14565e-05
1.09964e-05
1.08335e-05
1.14461e-05
1.32233e-05
1.54521e-05
1.75085e-05
1.85831e-05
1.84314e-05
1.69098e-05
1.33631e-05
6.98553e-06
8.52225e-06
1.43633e-05
1.75874e-05
1.91276e-05
1.93795e-05
1.81573e-05
1.54368e-05
1.25777e-05
1.04612e-05
9.68354e-06
9.56982e-06
1.05288e-05
1.28704e-05
1.59556e-05
1.85831e-05
1.94581e-05
1.90051e-05
1.7533e-05
1.39192e-05
8.21466e-06
1.07901e-05
1.44756e-05
1.74194e-05
1.85804e-05
1.91505e-05
1.82667e-05
1.52624e-05
1.16981e-05
9.25034e-06
8.32479e-06
8.27708e-06
9.39741e-06
1.20254e-05
1.57495e-05
1.84314e-05
1.90051e-05
1.84503e-05
1.72841e-05
1.46952e-05
1.13389e-05
2.03911e-05
1.90049e-05
1.66242e-05
1.74158e-05
1.75897e-05
1.70641e-05
1.40538e-05
9.9508e-06
7.41816e-06
6.7351e-06
6.77826e-06
7.63356e-06
1.02331e-05
1.43885e-05
1.69098e-05
1.7533e-05
1.72841e-05
1.74628e-05
2.32376e-05
2.51232e-05
2.94999e-05
2.73678e-05
1.95553e-05
1.45276e-05
1.43076e-05
1.38249e-05
1.11767e-05
6.70011e-06
5.19989e-06
5.24766e-06
5.3458e-06
5.60791e-06
7.54603e-06
1.14192e-05
1.33631e-05
1.39192e-05
1.46952e-05
2.32376e-05
2.93917e-05
3.20292e-05
3.44887e-05
2.97399e-05
2.13647e-05
1.08513e-05
8.60828e-06
7.13824e-06
5.13736e-06
3.20756e-06
2.75469e-06
2.86898e-06
3.00292e-06
2.99862e-06
3.56375e-06
5.69273e-06
6.98553e-06
8.21466e-06
1.13389e-05
2.51232e-05
3.20292e-05
3.59416e-05
)
;
    }
    ceiling
    {
        type            nutkWallFunction;
        Cmu             0.09;
        kappa           0.41;
        E               9.8;
        value           nonuniform List<scalar> 
400
(
4.74849e-05
5.17461e-05
5.51611e-05
5.76953e-05
5.96882e-05
6.12169e-05
6.22623e-05
6.27453e-05
6.24996e-05
6.13317e-05
6.11293e-05
6.23685e-05
6.26782e-05
6.22614e-05
6.12718e-05
5.97913e-05
5.78402e-05
5.53389e-05
5.19572e-05
4.77605e-05
5.17461e-05
5.61146e-05
5.97467e-05
6.26244e-05
6.50892e-05
6.71659e-05
6.87421e-05
6.9634e-05
6.9566e-05
6.83189e-05
6.81103e-05
6.94436e-05
6.96068e-05
6.88155e-05
6.73217e-05
6.53145e-05
6.29011e-05
6.00458e-05
5.64179e-05
5.20591e-05
5.51611e-05
5.97467e-05
6.351e-05
6.65955e-05
6.93953e-05
7.19197e-05
7.39776e-05
7.52687e-05
7.53933e-05
7.40129e-05
7.37927e-05
7.52839e-05
7.52861e-05
7.41258e-05
7.21712e-05
6.97344e-05
6.69856e-05
6.38981e-05
6.01025e-05
5.54853e-05
5.76953e-05
6.26244e-05
6.65955e-05
6.99293e-05
7.3171e-05
7.62601e-05
7.89121e-05
8.07068e-05
8.1193e-05
8.00682e-05
7.98647e-05
8.11144e-05
8.07644e-05
7.91048e-05
7.65787e-05
7.35896e-05
7.03979e-05
6.70334e-05
6.30022e-05
5.80211e-05
5.96882e-05
6.50892e-05
6.93953e-05
7.3171e-05
7.71196e-05
8.0828e-05
8.40019e-05
8.62653e-05
8.71342e-05
8.63151e-05
8.61217e-05
8.70593e-05
8.63253e-05
8.41981e-05
8.11393e-05
7.75256e-05
7.36323e-05
6.98258e-05
6.54581e-05
6.00082e-05
6.12169e-05
6.71659e-05
7.19197e-05
7.62601e-05
8.0828e-05
8.51101e-05
8.8814e-05
9.15802e-05
9.2943e-05
9.26701e-05
9.24634e-05
9.2837e-05
9.16035e-05
8.897e-05
8.5379e-05
8.11823e-05
7.66614e-05
7.2309e-05
6.7515e-05
6.15324e-05
6.22623e-05
6.87421e-05
7.39776e-05
7.89121e-05
8.40019e-05
8.8814e-05
9.30977e-05
9.65066e-05
9.87358e-05
9.99164e-05
9.96932e-05
9.85787e-05
9.6466e-05
9.31903e-05
8.90234e-05
8.42961e-05
7.92494e-05
7.43362e-05
6.9078e-05
6.25772e-05
6.27453e-05
6.9634e-05
7.52687e-05
8.07068e-05
8.62653e-05
9.15802e-05
9.65066e-05
0.000100881
0.000105008
0.000109624
0.000109389
0.000104836
0.000100781
9.65301e-05
9.1726e-05
8.65022e-05
8.09984e-05
7.5598e-05
6.99565e-05
6.30577e-05
6.24996e-05
6.9566e-05
7.53933e-05
8.1193e-05
8.71342e-05
9.2943e-05
9.87358e-05
0.000105008
0.000112795
0.000121742
0.000121342
0.000112668
0.000104934
9.87279e-05
9.30365e-05
8.73236e-05
8.14546e-05
7.5714e-05
6.98883e-05
6.28173e-05
6.13317e-05
6.83189e-05
7.40129e-05
8.00682e-05
8.63151e-05
9.26701e-05
9.99164e-05
0.000109624
0.000121742
0.000126824
0.000125392
0.00012168
0.000109681
9.99425e-05
9.27237e-05
8.6457e-05
8.03031e-05
7.43349e-05
6.86513e-05
6.16696e-05
6.11293e-05
6.81103e-05
7.37927e-05
7.98647e-05
8.61217e-05
9.24634e-05
9.96932e-05
0.000109389
0.000121342
0.000125392
0.000125081
0.000121118
0.000109345
9.97454e-05
9.25868e-05
8.6331e-05
8.01481e-05
7.41267e-05
6.84288e-05
6.14309e-05
6.23685e-05
6.94436e-05
7.52839e-05
8.11144e-05
8.70593e-05
9.2837e-05
9.85787e-05
0.000104836
0.000112668
0.00012168
0.000121118
0.000112451
0.0001048
9.86616e-05
9.30219e-05
8.73212e-05
8.14232e-05
7.56166e-05
6.97593e-05
6.26657e-05
6.26782e-05
6.96068e-05
7.52861e-05
8.07644e-05
8.63253e-05
9.16035e-05
9.6466e-05
0.000100781
0.000104934
0.000109681
0.000109345
0.0001048
0.00010078
9.65985e-05
9.18444e-05
8.6633e-05
8.10981e-05
7.56166e-05
6.9906e-05
6.2951e-05
6.22614e-05
6.88155e-05
7.41258e-05
7.91048e-05
8.41981e-05
8.897e-05
9.31903e-05
9.65301e-05
9.87279e-05
9.99425e-05
9.97454e-05
9.86616e-05
9.65985e-05
9.33879e-05
8.92653e-05
8.45494e-05
7.94705e-05
7.44712e-05
6.91124e-05
6.25222e-05
6.12718e-05
6.73217e-05
7.21712e-05
7.65787e-05
8.11393e-05
8.5379e-05
8.90234e-05
9.1726e-05
9.30365e-05
9.27237e-05
9.25868e-05
9.30219e-05
9.18444e-05
8.92653e-05
8.57104e-05
8.15225e-05
7.69741e-05
7.25231e-05
6.76144e-05
6.15245e-05
5.97913e-05
6.53145e-05
6.97344e-05
7.35896e-05
7.75256e-05
8.11823e-05
8.42961e-05
8.65022e-05
8.73236e-05
8.6457e-05
8.6331e-05
8.73212e-05
8.6633e-05
8.45494e-05
8.15225e-05
7.7918e-05
7.39981e-05
7.00931e-05
6.56071e-05
6.00436e-05
5.78402e-05
6.29011e-05
6.69856e-05
7.03979e-05
7.36324e-05
7.66614e-05
7.92494e-05
8.09984e-05
8.14546e-05
8.03031e-05
8.01481e-05
8.14232e-05
8.10981e-05
7.94705e-05
7.69741e-05
7.39981e-05
7.07814e-05
6.73287e-05
6.31901e-05
5.80998e-05
5.53389e-05
6.00458e-05
6.38981e-05
6.70334e-05
6.98258e-05
7.2309e-05
7.43362e-05
7.5598e-05
7.5714e-05
7.43349e-05
7.41267e-05
7.56166e-05
7.56166e-05
7.44712e-05
7.25231e-05
7.00931e-05
6.73287e-05
6.41865e-05
6.03146e-05
5.56084e-05
5.19572e-05
5.64179e-05
6.01025e-05
6.30022e-05
6.54581e-05
6.7515e-05
6.9078e-05
6.99565e-05
6.98883e-05
6.86513e-05
6.84288e-05
6.97593e-05
6.9906e-05
6.91124e-05
6.76144e-05
6.56071e-05
6.31901e-05
6.03146e-05
5.66525e-05
5.22385e-05
4.77605e-05
5.20591e-05
5.54853e-05
5.80211e-05
6.00082e-05
6.15324e-05
6.25772e-05
6.30577e-05
6.28173e-05
6.16696e-05
6.14309e-05
6.26657e-05
6.2951e-05
6.25222e-05
6.15245e-05
6.00436e-05
5.80998e-05
5.56084e-05
5.22385e-05
4.8039e-05
)
;
    }
    fixedWalls
    {
        type            nutkWallFunction;
        Cmu             0.09;
        kappa           0.41;
        E               9.8;
        value           nonuniform List<scalar> 
800
(
3.35237e-05
3.87706e-05
4.10152e-05
4.2182e-05
4.29472e-05
4.3579e-05
4.42291e-05
4.49856e-05
4.59996e-05
4.74755e-05
2.81311e-05
3.66477e-05
3.95606e-05
4.13568e-05
4.28616e-05
4.43064e-05
4.57826e-05
4.73519e-05
4.93145e-05
5.17375e-05
1.91238e-05
3.33497e-05
3.6948e-05
3.89716e-05
4.14393e-05
4.41478e-05
4.66866e-05
4.91433e-05
5.19013e-05
5.51532e-05
1.04694e-05
3.05312e-05
3.3601e-05
3.54209e-05
3.93327e-05
4.35725e-05
4.71822e-05
5.04166e-05
5.38236e-05
5.76879e-05
8.67121e-06
2.68711e-05
2.95853e-05
3.07572e-05
3.69235e-05
4.27986e-05
4.74133e-05
5.1337e-05
5.52867e-05
5.96811e-05
7.52358e-06
2.21672e-05
2.52286e-05
2.59961e-05
3.46671e-05
4.19192e-05
4.7367e-05
5.18883e-05
5.6314e-05
6.12101e-05
5.39032e-06
1.16432e-05
2.01971e-05
2.16699e-05
3.27676e-05
4.10207e-05
4.70386e-05
5.20358e-05
5.688e-05
6.22558e-05
3.54527e-06
7.51953e-06
1.28897e-05
1.74151e-05
3.12085e-05
4.00833e-05
4.64432e-05
5.17299e-05
5.68809e-05
6.27388e-05
3.12741e-06
7.13735e-06
8.8105e-06
1.46004e-05
3.00237e-05
3.91017e-05
4.55506e-05
5.08899e-05
5.61549e-05
6.2493e-05
3.2445e-06
7.72415e-06
9.9329e-06
1.37619e-05
2.90166e-05
3.80638e-05
4.43931e-05
4.95574e-05
5.4658e-05
6.13248e-05
3.36177e-06
7.80944e-06
9.847e-06
1.32362e-05
2.87412e-05
3.77551e-05
4.41136e-05
4.92989e-05
5.44078e-05
6.11224e-05
3.35193e-06
7.40726e-06
8.61361e-06
1.42858e-05
2.95954e-05
3.86641e-05
4.51774e-05
5.05693e-05
5.5899e-05
6.23619e-05
3.77555e-06
7.90846e-06
1.46194e-05
1.79935e-05
3.08362e-05
3.96742e-05
4.60959e-05
5.14455e-05
5.66829e-05
6.26717e-05
5.38467e-06
1.18427e-05
2.0926e-05
2.20722e-05
3.24945e-05
4.06966e-05
4.67669e-05
5.18282e-05
5.67663e-05
6.22548e-05
7.38586e-06
2.20834e-05
2.59195e-05
2.63646e-05
3.44953e-05
4.16993e-05
4.71875e-05
5.17689e-05
5.62852e-05
6.1265e-05
8.50493e-06
2.64039e-05
3.01465e-05
3.10924e-05
3.68541e-05
4.26841e-05
4.73303e-05
5.13073e-05
5.53366e-05
5.97843e-05
1.07734e-05
2.97849e-05
3.39536e-05
3.56056e-05
3.93502e-05
4.35628e-05
4.71944e-05
5.04703e-05
5.39374e-05
5.78328e-05
2.03759e-05
3.26656e-05
3.71258e-05
3.9116e-05
4.15617e-05
4.4252e-05
4.67957e-05
4.92724e-05
5.20669e-05
5.5331e-05
2.94856e-05
3.68356e-05
3.98254e-05
4.16125e-05
4.31066e-05
4.45276e-05
4.59915e-05
4.75586e-05
4.95304e-05
5.19486e-05
3.44751e-05
3.91777e-05
4.13708e-05
4.25255e-05
4.32818e-05
4.39012e-05
4.45383e-05
4.52827e-05
4.62863e-05
4.77511e-05
3.44751e-05
3.91777e-05
4.13708e-05
4.25255e-05
4.32818e-05
4.39012e-05
4.45383e-05
4.52827e-05
4.62863e-05
4.77511e-05
2.97256e-05
3.69094e-05
3.98788e-05
4.16613e-05
4.31646e-05
4.46098e-05
4.60963e-05
4.76757e-05
4.96425e-05
5.20506e-05
2.13495e-05
3.27322e-05
3.72163e-05
3.92138e-05
4.16742e-05
4.43925e-05
4.69683e-05
4.94636e-05
5.22515e-05
5.54774e-05
1.08347e-05
2.98828e-05
3.40798e-05
3.57405e-05
3.94998e-05
4.37524e-05
4.7426e-05
5.07239e-05
5.41834e-05
5.80137e-05
8.591e-06
2.65761e-05
3.026e-05
3.1184e-05
3.6997e-05
4.29161e-05
4.7624e-05
5.16257e-05
5.5642e-05
6.00012e-05
7.12039e-06
2.24338e-05
2.59649e-05
2.62672e-05
3.45922e-05
4.1966e-05
4.75467e-05
5.21595e-05
5.66521e-05
6.15256e-05
5.11885e-06
1.20727e-05
2.05865e-05
2.15744e-05
3.25679e-05
4.10092e-05
4.71918e-05
5.22972e-05
5.7206e-05
6.25706e-05
3.18862e-06
6.95413e-06
1.33908e-05
1.68557e-05
3.09282e-05
4.00338e-05
4.65794e-05
5.19886e-05
5.72053e-05
6.30513e-05
2.73564e-06
6.85876e-06
8.53965e-06
1.36793e-05
2.97542e-05
3.90377e-05
4.56837e-05
5.11576e-05
5.64937e-05
6.28108e-05
2.84993e-06
7.49248e-06
9.76397e-06
1.31057e-05
2.8795e-05
3.8007e-05
4.45468e-05
4.98614e-05
5.50351e-05
6.16629e-05
2.9839e-06
7.59138e-06
9.67661e-06
1.25899e-05
2.84027e-05
3.75848e-05
4.41825e-05
4.95375e-05
5.47316e-05
6.14241e-05
2.97962e-06
7.18343e-06
8.53449e-06
1.35176e-05
2.92517e-05
3.84944e-05
4.52345e-05
5.07923e-05
5.62162e-05
6.26592e-05
3.54489e-06
7.58093e-06
1.41015e-05
1.73796e-05
3.05442e-05
3.95284e-05
4.61464e-05
5.16467e-05
5.69703e-05
6.29445e-05
5.67438e-06
1.3822e-05
2.07553e-05
2.17032e-05
3.2292e-05
4.06017e-05
4.68341e-05
5.20236e-05
5.70412e-05
6.25156e-05
6.96773e-06
2.33025e-05
2.60934e-05
2.61389e-05
3.43928e-05
4.1673e-05
4.72874e-05
5.19706e-05
5.65595e-05
6.15178e-05
8.1974e-06
2.71566e-05
3.03771e-05
3.1096e-05
3.68775e-05
4.2745e-05
4.74752e-05
5.15288e-05
5.56193e-05
6.00366e-05
1.13225e-05
3.02526e-05
3.41789e-05
3.57638e-05
3.94935e-05
4.37155e-05
4.73942e-05
5.07218e-05
5.42274e-05
5.80924e-05
2.51084e-05
3.31504e-05
3.73794e-05
3.93696e-05
4.18177e-05
4.45038e-05
4.70617e-05
4.9558e-05
5.23644e-05
5.56005e-05
3.20153e-05
3.75873e-05
4.0301e-05
4.20113e-05
4.34608e-05
4.48661e-05
4.63192e-05
4.78765e-05
4.98355e-05
5.223e-05
3.59284e-05
3.99037e-05
4.18999e-05
4.29755e-05
4.36879e-05
4.4276e-05
4.48863e-05
4.5606e-05
4.65868e-05
4.80297e-05
3.35237e-05
3.87706e-05
4.10152e-05
4.2182e-05
4.29472e-05
4.3579e-05
4.42291e-05
4.49856e-05
4.59996e-05
4.74755e-05
2.81311e-05
3.66477e-05
3.95606e-05
4.13568e-05
4.28616e-05
4.43064e-05
4.57826e-05
4.73519e-05
4.93145e-05
5.17375e-05
1.91238e-05
3.33497e-05
3.6948e-05
3.89716e-05
4.14393e-05
4.41478e-05
4.66866e-05
4.91433e-05
5.19013e-05
5.51532e-05
1.04694e-05
3.05312e-05
3.3601e-05
3.54209e-05
3.93327e-05
4.35725e-05
4.71822e-05
5.04166e-05
5.38236e-05
5.76879e-05
8.67121e-06
2.68711e-05
2.95853e-05
3.07572e-05
3.69235e-05
4.27986e-05
4.74133e-05
5.1337e-05
5.52867e-05
5.96811e-05
7.52358e-06
2.21672e-05
2.52286e-05
2.59961e-05
3.46671e-05
4.19192e-05
4.7367e-05
5.18883e-05
5.6314e-05
6.12101e-05
5.39032e-06
1.16432e-05
2.01971e-05
2.16699e-05
3.27676e-05
4.10207e-05
4.70386e-05
5.20358e-05
5.688e-05
6.22558e-05
3.54527e-06
7.51953e-06
1.28897e-05
1.74151e-05
3.12085e-05
4.00833e-05
4.64432e-05
5.17299e-05
5.68809e-05
6.27388e-05
3.12741e-06
7.13735e-06
8.8105e-06
1.46004e-05
3.00237e-05
3.91017e-05
4.55506e-05
5.08899e-05
5.61549e-05
6.2493e-05
3.2445e-06
7.72415e-06
9.9329e-06
1.37619e-05
2.90166e-05
3.80638e-05
4.43931e-05
4.95574e-05
5.4658e-05
6.13248e-05
3.36177e-06
7.80944e-06
9.847e-06
1.32362e-05
2.87412e-05
3.77551e-05
4.41136e-05
4.92989e-05
5.44078e-05
6.11224e-05
3.35193e-06
7.40726e-06
8.61361e-06
1.42858e-05
2.95954e-05
3.86641e-05
4.51774e-05
5.05693e-05
5.5899e-05
6.23619e-05
3.77555e-06
7.90846e-06
1.46194e-05
1.79935e-05
3.08362e-05
3.96742e-05
4.60959e-05
5.14455e-05
5.66829e-05
6.26717e-05
5.38467e-06
1.18427e-05
2.0926e-05
2.20722e-05
3.24945e-05
4.06966e-05
4.67669e-05
5.18282e-05
5.67663e-05
6.22548e-05
7.38586e-06
2.20834e-05
2.59195e-05
2.63646e-05
3.44953e-05
4.16993e-05
4.71875e-05
5.17689e-05
5.62852e-05
6.1265e-05
8.50493e-06
2.64039e-05
3.01465e-05
3.10924e-05
3.68541e-05
4.26841e-05
4.73303e-05
5.13073e-05
5.53366e-05
5.97843e-05
1.07734e-05
2.97849e-05
3.39536e-05
3.56056e-05
3.93502e-05
4.35628e-05
4.71944e-05
5.04703e-05
5.39374e-05
5.78328e-05
2.03759e-05
3.26656e-05
3.71257e-05
3.9116e-05
4.15617e-05
4.4252e-05
4.67957e-05
4.92724e-05
5.20669e-05
5.5331e-05
2.94856e-05
3.68355e-05
3.98253e-05
4.16125e-05
4.31066e-05
4.45276e-05
4.59915e-05
4.75586e-05
4.95304e-05
5.19486e-05
3.44751e-05
3.91777e-05
4.13708e-05
4.25255e-05
4.32818e-05
4.39012e-05
4.45383e-05
4.52827e-05
4.62863e-05
4.77511e-05
3.44751e-05
3.91777e-05
4.13708e-05
4.25255e-05
4.32818e-05
4.39012e-05
4.45383e-05
4.52827e-05
4.62863e-05
4.77511e-05
2.97256e-05
3.69094e-05
3.98788e-05
4.16613e-05
4.31646e-05
4.46098e-05
4.60963e-05
4.76757e-05
4.96425e-05
5.20506e-05
2.13496e-05
3.27322e-05
3.72163e-05
3.92138e-05
4.16742e-05
4.43925e-05
4.69683e-05
4.94636e-05
5.22515e-05
5.54774e-05
1.08347e-05
2.98828e-05
3.40798e-05
3.57405e-05
3.94998e-05
4.37524e-05
4.7426e-05
5.07239e-05
5.41834e-05
5.80137e-05
8.591e-06
2.65761e-05
3.026e-05
3.1184e-05
3.6997e-05
4.29161e-05
4.7624e-05
5.16257e-05
5.5642e-05
6.00012e-05
7.12039e-06
2.24338e-05
2.59649e-05
2.62672e-05
3.45922e-05
4.1966e-05
4.75467e-05
5.21595e-05
5.66521e-05
6.15256e-05
5.11884e-06
1.20727e-05
2.05865e-05
2.15744e-05
3.25679e-05
4.10092e-05
4.71918e-05
5.22972e-05
5.7206e-05
6.25706e-05
3.18862e-06
6.95412e-06
1.33908e-05
1.68557e-05
3.09282e-05
4.00338e-05
4.65794e-05
5.19886e-05
5.72053e-05
6.30513e-05
2.73563e-06
6.85876e-06
8.53965e-06
1.36793e-05
2.97542e-05
3.90377e-05
4.56837e-05
5.11576e-05
5.64937e-05
6.28108e-05
2.84993e-06
7.49248e-06
9.76397e-06
1.31057e-05
2.8795e-05
3.8007e-05
4.45468e-05
4.98614e-05
5.50351e-05
6.16629e-05
2.9839e-06
7.59138e-06
9.67661e-06
1.25899e-05
2.84027e-05
3.75848e-05
4.41825e-05
4.95375e-05
5.47316e-05
6.14241e-05
2.97961e-06
7.18343e-06
8.53449e-06
1.35176e-05
2.92517e-05
3.84944e-05
4.52345e-05
5.07923e-05
5.62162e-05
6.26592e-05
3.54489e-06
7.58093e-06
1.41015e-05
1.73796e-05
3.05442e-05
3.95284e-05
4.61464e-05
5.16467e-05
5.69703e-05
6.29445e-05
5.67438e-06
1.3822e-05
2.07553e-05
2.17032e-05
3.2292e-05
4.06017e-05
4.68341e-05
5.20236e-05
5.70412e-05
6.25156e-05
6.96773e-06
2.33025e-05
2.60934e-05
2.61389e-05
3.43928e-05
4.1673e-05
4.72874e-05
5.19706e-05
5.65595e-05
6.15178e-05
8.1974e-06
2.71566e-05
3.03771e-05
3.1096e-05
3.68775e-05
4.2745e-05
4.74752e-05
5.15288e-05
5.56193e-05
6.00366e-05
1.13225e-05
3.02526e-05
3.41789e-05
3.57638e-05
3.94935e-05
4.37155e-05
4.73942e-05
5.07218e-05
5.42274e-05
5.80924e-05
2.51084e-05
3.31504e-05
3.73794e-05
3.93696e-05
4.18177e-05
4.45038e-05
4.70617e-05
4.9558e-05
5.23644e-05
5.56005e-05
3.20153e-05
3.75873e-05
4.0301e-05
4.20113e-05
4.34608e-05
4.48661e-05
4.63192e-05
4.78765e-05
4.98355e-05
5.223e-05
3.59284e-05
3.99037e-05
4.18999e-05
4.29755e-05
4.36879e-05
4.4276e-05
4.48863e-05
4.5606e-05
4.65868e-05
4.80297e-05
)
;
    }
}


// ************************************************************************* //
