/*--------------------------------*- C++ -*----------------------------------*\
  =========                 |
  \\      /  F ield         | OpenFOAM: The Open Source CFD Toolbox
   \\    /   O peration     | Website:  https://openfoam.org
    \\  /    A nd           | Version:  9
     \\/     M anipulation  |
\*---------------------------------------------------------------------------*/
FoamFile
{
    format      ascii;
    class       volScalarField;
    location    "1800";
    object      T;
}
// * * * * * * * * * * * * * * * * * * * * * * * * * * * * * * * * * * * * * //

dimensions      [0 0 0 1 0 0 0];

internalField   nonuniform List<scalar> 
4000
(
300.539
300.519
300.477
300.459
300.466
300.474
300.479
300.477
300.477
300.478
300.478
300.477
300.476
300.477
300.472
300.466
300.461
300.485
300.526
300.54
300.547
300.547
300.539
300.534
300.526
300.52
300.52
300.522
300.522
300.522
300.522
300.522
300.522
300.519
300.518
300.522
300.529
300.535
300.547
300.547
300.543
300.545
300.547
300.548
300.544
300.537
300.533
300.533
300.533
300.533
300.533
300.533
300.532
300.533
300.537
300.544
300.548
300.547
300.546
300.543
300.538
300.541
300.544
300.546
300.546
300.542
300.539
300.537
300.536
300.535
300.535
300.535
300.537
300.538
300.542
300.546
300.546
300.545
300.542
300.538
300.533
300.537
300.54
300.542
300.543
300.543
300.543
300.543
300.543
300.543
300.543
300.543
300.543
300.543
300.544
300.543
300.543
300.541
300.537
300.533
300.528
300.531
300.535
300.537
300.539
300.54
300.54
300.541
300.541
300.541
300.541
300.541
300.541
300.541
300.54
300.539
300.538
300.536
300.532
300.528
300.522
300.526
300.53
300.532
300.534
300.535
300.536
300.537
300.537
300.537
300.537
300.537
300.537
300.536
300.536
300.534
300.533
300.53
300.527
300.523
300.516
300.52
300.524
300.526
300.528
300.53
300.531
300.532
300.532
300.532
300.532
300.532
300.532
300.531
300.53
300.529
300.527
300.524
300.521
300.517
300.51
300.513
300.517
300.52
300.522
300.524
300.525
300.526
300.527
300.527
300.527
300.527
300.527
300.526
300.524
300.523
300.52
300.518
300.514
300.511
300.502
300.504
300.507
300.51
300.513
300.515
300.517
300.518
300.519
300.519
300.519
300.52
300.519
300.518
300.516
300.513
300.511
300.508
300.505
300.502
300.519
300.504
300.466
300.459
300.466
300.474
300.48
300.477
300.477
300.477
300.477
300.477
300.477
300.477
300.473
300.466
300.46
300.472
300.513
300.527
300.547
300.538
300.535
300.531
300.525
300.52
300.518
300.522
300.523
300.522
300.522
300.522
300.521
300.518
300.518
300.521
300.526
300.53
300.539
300.547
300.545
300.546
300.547
300.547
300.543
300.536
300.533
300.533
300.533
300.533
300.533
300.532
300.532
300.533
300.537
300.543
300.547
300.547
300.546
300.546
300.541
300.543
300.545
300.546
300.545
300.541
300.537
300.536
300.535
300.535
300.535
300.534
300.535
300.537
300.541
300.545
300.546
300.545
300.543
300.542
300.537
300.538
300.541
300.543
300.543
300.542
300.54
300.539
300.539
300.538
300.538
300.539
300.539
300.54
300.542
300.543
300.543
300.541
300.539
300.537
300.531
300.534
300.537
300.539
300.54
300.54
300.539
300.539
300.538
300.538
300.538
300.539
300.539
300.539
300.54
300.54
300.539
300.537
300.534
300.532
300.526
300.529
300.532
300.535
300.536
300.536
300.536
300.537
300.537
300.537
300.537
300.537
300.537
300.537
300.536
300.536
300.535
300.533
300.529
300.527
300.52
300.524
300.527
300.53
300.532
300.532
300.533
300.533
300.533
300.533
300.533
300.533
300.533
300.533
300.533
300.532
300.531
300.528
300.524
300.521
300.513
300.518
300.521
300.525
300.527
300.529
300.53
300.531
300.532
300.532
300.532
300.532
300.532
300.531
300.529
300.527
300.525
300.522
300.518
300.514
300.504
300.507
300.51
300.514
300.517
300.52
300.522
300.524
300.525
300.525
300.525
300.525
300.524
300.523
300.52
300.517
300.514
300.511
300.508
300.505
300.477
300.466
300.46
300.462
300.468
300.475
300.48
300.478
300.477
300.477
300.477
300.477
300.478
300.478
300.474
300.468
300.462
300.459
300.473
300.489
300.539
300.535
300.533
300.528
300.523
300.519
300.518
300.521
300.523
300.522
300.523
300.523
300.521
300.517
300.517
300.52
300.524
300.528
300.53
300.535
300.547
300.547
300.548
300.546
300.541
300.535
300.533
300.532
300.533
300.533
300.533
300.532
300.532
300.533
300.535
300.541
300.546
300.547
300.547
300.548
300.544
300.545
300.546
300.546
300.544
300.54
300.537
300.535
300.535
300.536
300.535
300.535
300.535
300.537
300.54
300.544
300.546
300.546
300.545
300.545
300.54
300.541
300.542
300.543
300.543
300.54
300.538
300.537
300.536
300.536
300.536
300.536
300.537
300.538
300.541
300.543
300.543
300.542
300.541
300.541
300.535
300.537
300.538
300.539
300.54
300.539
300.537
300.536
300.535
300.535
300.535
300.536
300.536
300.537
300.539
300.54
300.54
300.539
300.537
300.536
300.53
300.532
300.534
300.535
300.536
300.536
300.535
300.535
300.534
300.534
300.534
300.534
300.535
300.535
300.536
300.536
300.536
300.535
300.533
300.53
300.524
300.527
300.53
300.531
300.532
300.532
300.531
300.531
300.531
300.53
300.53
300.531
300.531
300.531
300.532
300.532
300.531
300.53
300.528
300.524
300.517
300.521
300.525
300.528
300.53
300.531
300.532
300.533
300.533
300.532
300.532
300.533
300.533
300.532
300.531
300.53
300.528
300.526
300.522
300.518
300.507
300.51
300.514
300.517
300.521
300.524
300.527
300.53
300.531
300.531
300.531
300.532
300.53
300.528
300.525
300.521
300.518
300.515
300.511
300.508
300.459
300.459
300.462
300.466
300.472
300.478
300.481
300.479
300.477
300.477
300.477
300.478
300.478
300.479
300.476
300.47
300.465
300.462
300.459
300.461
300.534
300.531
300.528
300.524
300.52
300.518
300.518
300.522
300.523
300.523
300.523
300.523
300.521
300.517
300.516
300.518
300.521
300.524
300.527
300.529
300.548
300.547
300.546
300.542
300.538
300.534
300.532
300.532
300.533
300.534
300.533
300.533
300.532
300.532
300.534
300.538
300.543
300.546
300.547
300.548
300.546
300.546
300.546
300.545
300.542
300.539
300.536
300.535
300.536
300.536
300.536
300.535
300.535
300.536
300.539
300.542
300.545
300.546
300.546
300.546
300.542
300.543
300.543
300.543
300.542
300.539
300.537
300.536
300.536
300.536
300.536
300.535
300.536
300.537
300.539
300.542
300.543
300.543
300.543
300.543
300.537
300.539
300.539
300.54
300.539
300.538
300.536
300.535
300.534
300.534
300.534
300.534
300.535
300.536
300.538
300.539
300.54
300.54
300.539
300.538
300.532
300.535
300.535
300.536
300.536
300.535
300.534
300.533
300.533
300.533
300.533
300.533
300.533
300.534
300.535
300.536
300.536
300.536
300.535
300.533
300.526
300.53
300.531
300.531
300.531
300.531
300.53
300.53
300.529
300.529
300.529
300.529
300.53
300.53
300.531
300.531
300.531
300.532
300.531
300.527
300.52
300.525
300.528
300.53
300.53
300.531
300.531
300.532
300.533
300.532
300.532
300.533
300.532
300.532
300.531
300.53
300.53
300.528
300.525
300.521
300.51
300.514
300.517
300.521
300.525
300.529
300.532
300.536
300.538
300.538
300.538
300.538
300.536
300.533
300.529
300.526
300.522
300.518
300.514
300.511
300.466
300.466
300.468
300.472
300.476
300.48
300.481
300.48
300.478
300.478
300.478
300.478
300.479
300.48
300.478
300.474
300.47
300.467
300.465
300.465
300.526
300.525
300.523
300.52
300.518
300.517
300.52
300.522
300.523
300.523
300.523
300.523
300.522
300.519
300.517
300.517
300.518
300.52
300.522
300.522
300.544
300.543
300.541
300.538
300.534
300.532
300.532
300.533
300.534
300.534
300.534
300.533
300.532
300.531
300.532
300.534
300.538
300.541
300.543
300.544
300.546
300.545
300.544
300.542
300.54
300.537
300.535
300.535
300.536
300.537
300.536
300.535
300.535
300.535
300.537
300.54
300.542
300.544
300.545
300.546
300.543
300.543
300.543
300.542
300.54
300.538
300.536
300.535
300.535
300.536
300.536
300.535
300.535
300.536
300.538
300.54
300.542
300.543
300.544
300.544
300.539
300.54
300.54
300.539
300.538
300.537
300.535
300.534
300.533
300.533
300.533
300.533
300.534
300.535
300.537
300.538
300.539
300.54
300.54
300.539
300.534
300.536
300.536
300.536
300.535
300.534
300.533
300.532
300.532
300.532
300.532
300.532
300.532
300.533
300.534
300.535
300.536
300.536
300.536
300.535
300.528
300.532
300.532
300.531
300.531
300.531
300.53
300.529
300.529
300.528
300.528
300.529
300.529
300.53
300.531
300.531
300.531
300.532
300.532
300.529
300.522
300.527
300.53
300.53
300.53
300.531
300.532
300.533
300.534
300.533
300.533
300.534
300.533
300.532
300.531
300.531
300.53
300.53
300.528
300.523
300.513
300.517
300.521
300.525
300.529
300.534
300.538
300.542
300.545
300.546
300.546
300.545
300.543
300.539
300.534
300.53
300.526
300.522
300.517
300.514
300.474
300.474
300.475
300.478
300.48
300.482
300.482
300.48
300.479
300.479
300.479
300.48
300.48
300.48
300.48
300.478
300.475
300.474
300.473
300.472
300.52
300.52
300.519
300.518
300.517
300.519
300.521
300.523
300.524
300.524
300.524
300.524
300.523
300.521
300.518
300.517
300.517
300.518
300.518
300.519
300.537
300.536
300.535
300.534
300.532
300.532
300.532
300.533
300.534
300.534
300.534
300.534
300.532
300.531
300.531
300.532
300.534
300.535
300.537
300.537
300.542
300.541
300.54
300.539
300.537
300.536
300.535
300.535
300.536
300.537
300.537
300.536
300.535
300.535
300.535
300.537
300.539
300.54
300.541
300.542
300.543
300.542
300.54
300.539
300.538
300.536
300.535
300.535
300.535
300.536
300.536
300.535
300.535
300.535
300.536
300.538
300.539
300.541
300.542
300.544
300.54
300.54
300.539
300.538
300.537
300.535
300.534
300.533
300.533
300.533
300.533
300.533
300.533
300.534
300.535
300.537
300.538
300.539
300.54
300.54
300.535
300.536
300.536
300.535
300.534
300.533
300.532
300.532
300.531
300.531
300.531
300.531
300.532
300.532
300.533
300.534
300.535
300.536
300.536
300.536
300.53
300.532
300.532
300.531
300.531
300.53
300.53
300.529
300.528
300.528
300.527
300.528
300.529
300.529
300.53
300.531
300.531
300.532
300.533
300.531
300.524
300.529
300.531
300.531
300.531
300.532
300.534
300.535
300.535
300.534
300.534
300.536
300.535
300.534
300.532
300.531
300.531
300.531
300.529
300.525
300.515
300.52
300.524
300.529
300.534
300.539
300.544
300.55
300.554
300.555
300.556
300.554
300.55
300.545
300.54
300.534
300.529
300.525
300.52
300.516
300.479
300.48
300.48
300.481
300.481
300.482
300.482
300.481
300.48
300.48
300.481
300.481
300.481
300.481
300.48
300.48
300.479
300.478
300.478
300.477
300.52
300.518
300.518
300.518
300.52
300.521
300.523
300.524
300.524
300.524
300.524
300.524
300.524
300.523
300.521
300.519
300.518
300.518
300.518
300.52
300.533
300.533
300.533
300.532
300.532
300.532
300.533
300.534
300.534
300.535
300.535
300.534
300.533
300.532
300.531
300.532
300.532
300.533
300.533
300.533
300.539
300.537
300.537
300.536
300.535
300.535
300.535
300.536
300.537
300.537
300.537
300.536
300.535
300.535
300.535
300.535
300.536
300.536
300.537
300.538
300.543
300.54
300.538
300.537
300.536
300.535
300.535
300.535
300.536
300.536
300.536
300.535
300.535
300.535
300.535
300.536
300.537
300.538
300.54
300.543
300.54
300.539
300.537
300.536
300.535
300.534
300.533
300.533
300.533
300.533
300.532
300.532
300.533
300.533
300.534
300.535
300.536
300.537
300.539
300.541
300.536
300.536
300.535
300.534
300.533
300.532
300.532
300.531
300.531
300.531
300.531
300.531
300.531
300.532
300.532
300.533
300.534
300.535
300.537
300.537
300.531
300.533
300.531
300.53
300.53
300.53
300.529
300.529
300.528
300.527
300.527
300.528
300.529
300.529
300.529
300.53
300.53
300.531
300.533
300.532
300.525
300.53
300.532
300.531
300.532
300.534
300.535
300.537
300.538
300.538
300.538
300.538
300.537
300.536
300.534
300.532
300.532
300.532
300.531
300.526
300.517
300.522
300.527
300.532
300.538
300.544
300.551
300.558
300.564
300.567
300.568
300.564
300.558
300.552
300.545
300.539
300.533
300.528
300.523
300.518
300.477
300.477
300.478
300.479
300.48
300.48
300.481
300.481
300.482
300.483
300.484
300.483
300.482
300.481
300.48
300.479
300.478
300.477
300.476
300.476
300.522
300.522
300.521
300.522
300.522
300.523
300.524
300.525
300.525
300.525
300.525
300.525
300.525
300.524
300.523
300.522
300.521
300.521
300.521
300.522
300.533
300.533
300.532
300.532
300.533
300.533
300.534
300.534
300.535
300.535
300.535
300.535
300.534
300.533
300.533
300.532
300.532
300.532
300.532
300.533
300.537
300.536
300.535
300.535
300.535
300.535
300.536
300.536
300.537
300.538
300.537
300.537
300.536
300.535
300.535
300.535
300.535
300.535
300.535
300.536
300.543
300.539
300.537
300.536
300.535
300.535
300.535
300.535
300.536
300.537
300.537
300.536
300.535
300.535
300.535
300.535
300.535
300.536
300.539
300.543
300.541
300.539
300.536
300.535
300.534
300.533
300.533
300.533
300.532
300.534
300.533
300.532
300.532
300.533
300.533
300.534
300.534
300.536
300.539
300.541
300.537
300.537
300.535
300.533
300.532
300.532
300.531
300.531
300.53
300.531
300.531
300.53
300.531
300.531
300.531
300.532
300.533
300.535
300.537
300.537
300.532
300.533
300.531
300.53
300.529
300.529
300.529
300.528
300.528
300.529
300.529
300.528
300.528
300.528
300.529
300.529
300.53
300.531
300.534
300.533
300.526
300.531
300.533
300.532
300.533
300.535
300.537
300.539
300.542
300.549
300.549
300.542
300.54
300.537
300.535
300.533
300.532
300.533
300.532
300.527
300.518
300.524
300.53
300.536
300.542
300.55
300.558
300.567
300.576
300.584
300.585
300.576
300.567
300.558
300.55
300.543
300.536
300.53
300.525
300.519
300.477
300.477
300.477
300.477
300.478
300.479
300.48
300.482
300.484
300.488
300.488
300.484
300.482
300.48
300.479
300.478
300.477
300.476
300.476
300.476
300.522
300.523
300.523
300.523
300.523
300.524
300.524
300.525
300.526
300.533
300.534
300.526
300.525
300.524
300.524
300.523
300.523
300.523
300.522
300.522
300.533
300.533
300.533
300.533
300.534
300.534
300.534
300.535
300.536
300.542
300.542
300.535
300.535
300.534
300.534
300.533
300.533
300.533
300.533
300.534
300.536
300.535
300.535
300.536
300.536
300.536
300.537
300.537
300.538
300.546
300.546
300.537
300.537
300.536
300.536
300.535
300.535
300.535
300.534
300.535
300.543
300.539
300.536
300.536
300.535
300.535
300.536
300.536
300.537
300.548
300.548
300.537
300.535
300.535
300.535
300.535
300.535
300.536
300.539
300.543
300.541
300.538
300.535
300.534
300.533
300.533
300.533
300.532
300.534
300.547
300.547
300.534
300.532
300.532
300.533
300.533
300.534
300.535
300.539
300.541
300.537
300.537
300.534
300.533
300.532
300.531
300.531
300.53
300.532
300.545
300.545
300.532
300.53
300.531
300.531
300.532
300.533
300.534
300.537
300.538
300.532
300.533
300.531
300.529
300.529
300.528
300.528
300.528
300.53
300.548
300.548
300.53
300.528
300.528
300.528
300.529
300.529
300.531
300.534
300.533
300.527
300.532
300.533
300.533
300.534
300.535
300.538
300.542
300.552
300.577
300.578
300.552
300.542
300.538
300.536
300.534
300.533
300.533
300.533
300.528
300.519
300.525
300.531
300.538
300.545
300.554
300.564
300.576
300.59
300.609
300.61
300.591
300.576
300.564
300.554
300.546
300.538
300.532
300.526
300.52
300.478
300.477
300.477
300.477
300.478
300.479
300.48
300.483
300.488
300.941
300.941
300.488
300.483
300.48
300.478
300.477
300.476
300.476
300.476
300.476
300.522
300.522
300.522
300.523
300.523
300.524
300.524
300.525
300.533
300.827
300.829
300.533
300.525
300.524
300.524
300.523
300.523
300.523
300.522
300.522
300.533
300.533
300.533
300.534
300.534
300.534
300.535
300.535
300.542
300.771
300.773
300.542
300.535
300.535
300.534
300.534
300.534
300.533
300.533
300.534
300.535
300.535
300.536
300.536
300.537
300.537
300.537
300.538
300.546
300.737
300.739
300.546
300.537
300.537
300.537
300.536
300.536
300.536
300.535
300.535
300.543
300.538
300.536
300.536
300.536
300.536
300.536
300.537
300.548
300.712
300.714
300.548
300.537
300.536
300.536
300.536
300.536
300.536
300.538
300.543
300.541
300.538
300.535
300.534
300.533
300.533
300.533
300.534
300.547
300.693
300.695
300.547
300.533
300.532
300.533
300.533
300.533
300.535
300.538
300.541
300.537
300.537
300.534
300.533
300.532
300.531
300.531
300.531
300.545
300.678
300.68
300.545
300.531
300.53
300.531
300.532
300.532
300.534
300.537
300.538
300.532
300.533
300.53
300.529
300.528
300.528
300.527
300.529
300.548
300.669
300.671
300.549
300.529
300.527
300.527
300.528
300.529
300.53
300.533
300.533
300.527
300.532
300.532
300.532
300.533
300.534
300.538
300.549
300.577
300.661
300.663
300.578
300.549
300.538
300.534
300.533
300.532
300.533
300.533
300.528
300.519
300.525
300.531
300.538
300.546
300.555
300.567
300.584
300.609
300.651
300.653
300.61
300.585
300.568
300.556
300.546
300.538
300.532
300.526
300.52
300.478
300.477
300.477
300.477
300.478
300.479
300.481
300.484
300.488
300.941
300.934
300.486
300.482
300.479
300.478
300.477
300.476
300.476
300.476
300.476
300.522
300.522
300.523
300.523
300.523
300.524
300.524
300.525
300.534
300.829
300.824
300.533
300.525
300.524
300.524
300.523
300.523
300.523
300.522
300.522
300.533
300.533
300.533
300.533
300.534
300.534
300.535
300.535
300.542
300.773
300.769
300.542
300.535
300.535
300.534
300.534
300.534
300.533
300.533
300.533
300.535
300.535
300.535
300.536
300.536
300.537
300.537
300.537
300.546
300.739
300.736
300.546
300.537
300.537
300.537
300.536
300.536
300.536
300.535
300.535
300.543
300.538
300.536
300.536
300.536
300.536
300.536
300.537
300.548
300.714
300.712
300.547
300.537
300.536
300.536
300.536
300.536
300.536
300.539
300.543
300.541
300.538
300.535
300.534
300.533
300.533
300.532
300.533
300.547
300.695
300.693
300.546
300.533
300.532
300.533
300.533
300.534
300.535
300.538
300.541
300.537
300.537
300.534
300.533
300.532
300.531
300.531
300.531
300.545
300.68
300.678
300.545
300.531
300.531
300.531
300.532
300.533
300.534
300.537
300.538
300.532
300.533
300.53
300.529
300.528
300.527
300.527
300.529
300.548
300.671
300.669
300.548
300.529
300.527
300.527
300.528
300.529
300.531
300.533
300.533
300.527
300.532
300.532
300.532
300.533
300.534
300.538
300.549
300.578
300.663
300.662
300.578
300.549
300.538
300.534
300.533
300.532
300.533
300.533
300.528
300.519
300.525
300.531
300.538
300.546
300.556
300.568
300.585
300.61
300.653
300.652
300.61
300.585
300.568
300.556
300.547
300.539
300.532
300.526
300.52
300.477
300.477
300.477
300.478
300.478
300.48
300.481
300.483
300.484
300.488
300.486
300.482
300.481
300.479
300.478
300.477
300.477
300.476
300.476
300.476
300.522
300.522
300.523
300.523
300.523
300.524
300.524
300.525
300.526
300.533
300.533
300.526
300.525
300.524
300.524
300.523
300.523
300.523
300.522
300.522
300.533
300.532
300.532
300.533
300.533
300.534
300.534
300.535
300.535
300.542
300.542
300.535
300.535
300.534
300.534
300.533
300.533
300.532
300.532
300.533
300.535
300.534
300.535
300.535
300.535
300.536
300.536
300.537
300.537
300.546
300.546
300.537
300.537
300.536
300.536
300.535
300.535
300.535
300.535
300.535
300.543
300.539
300.536
300.535
300.535
300.535
300.535
300.536
300.537
300.548
300.547
300.537
300.536
300.535
300.535
300.535
300.536
300.536
300.539
300.543
300.541
300.539
300.536
300.534
300.533
300.533
300.532
300.532
300.534
300.547
300.546
300.534
300.532
300.532
300.533
300.533
300.534
300.536
300.539
300.542
300.537
300.537
300.534
300.533
300.532
300.531
300.531
300.53
300.532
300.545
300.545
300.532
300.53
300.531
300.531
300.532
300.533
300.535
300.537
300.538
300.532
300.533
300.531
300.529
300.529
300.528
300.528
300.528
300.53
300.549
300.548
300.53
300.528
300.528
300.528
300.529
300.529
300.531
300.534
300.533
300.527
300.532
300.533
300.533
300.534
300.536
300.538
300.542
300.552
300.578
300.578
300.553
300.543
300.538
300.536
300.534
300.533
300.533
300.533
300.528
300.52
300.525
300.532
300.538
300.545
300.554
300.564
300.576
300.591
300.61
300.61
300.591
300.577
300.565
300.555
300.546
300.539
300.532
300.526
300.52
300.476
300.477
300.478
300.478
300.479
300.48
300.481
300.482
300.482
300.483
300.482
300.481
300.48
300.479
300.479
300.478
300.478
300.477
300.477
300.476
300.522
300.521
300.521
300.521
300.522
300.523
300.524
300.525
300.525
300.525
300.525
300.525
300.524
300.524
300.523
300.522
300.521
300.521
300.521
300.521
300.532
300.532
300.532
300.532
300.532
300.532
300.533
300.534
300.535
300.535
300.535
300.535
300.534
300.533
300.532
300.532
300.532
300.532
300.532
300.532
300.537
300.535
300.535
300.535
300.535
300.535
300.535
300.536
300.537
300.537
300.537
300.537
300.536
300.535
300.535
300.535
300.535
300.535
300.536
300.537
300.543
300.539
300.537
300.536
300.535
300.535
300.535
300.535
300.535
300.537
300.537
300.536
300.535
300.535
300.535
300.535
300.536
300.537
300.539
300.544
300.541
300.539
300.536
300.535
300.534
300.533
300.533
300.532
300.532
300.533
300.533
300.532
300.532
300.533
300.533
300.534
300.535
300.536
300.539
300.542
300.537
300.537
300.535
300.533
300.532
300.532
300.531
300.531
300.53
300.531
300.531
300.53
300.531
300.531
300.532
300.532
300.533
300.535
300.537
300.538
300.532
300.533
300.531
300.53
300.529
300.529
300.529
300.528
300.528
300.529
300.529
300.528
300.528
300.529
300.529
300.529
300.53
300.531
300.534
300.533
300.527
300.532
300.533
300.532
300.533
300.535
300.537
300.54
300.542
300.549
300.549
300.543
300.54
300.538
300.535
300.534
300.533
300.533
300.532
300.528
300.519
300.524
300.53
300.536
300.543
300.55
300.558
300.567
300.576
300.585
300.585
300.577
300.568
300.559
300.551
300.543
300.537
300.531
300.525
300.52
300.477
300.477
300.478
300.479
300.48
300.48
300.481
300.481
300.48
300.48
300.479
300.479
300.479
300.48
300.479
300.478
300.477
300.476
300.476
300.476
300.519
300.518
300.517
300.517
300.519
300.521
300.523
300.524
300.524
300.524
300.524
300.524
300.524
300.522
300.521
300.519
300.518
300.519
300.519
300.52
300.533
300.533
300.533
300.532
300.531
300.531
300.532
300.533
300.534
300.535
300.535
300.534
300.533
300.532
300.531
300.532
300.532
300.533
300.533
300.533
300.538
300.537
300.537
300.536
300.535
300.535
300.535
300.535
300.536
300.537
300.537
300.536
300.535
300.535
300.535
300.535
300.536
300.537
300.537
300.539
300.543
300.54
300.538
300.537
300.536
300.535
300.535
300.535
300.535
300.536
300.536
300.535
300.535
300.535
300.535
300.536
300.537
300.538
300.54
300.544
300.541
300.539
300.537
300.536
300.535
300.534
300.533
300.533
300.532
300.532
300.532
300.532
300.533
300.533
300.534
300.535
300.536
300.537
300.54
300.541
300.536
300.537
300.535
300.534
300.533
300.532
300.532
300.531
300.531
300.53
300.531
300.531
300.531
300.532
300.532
300.533
300.534
300.535
300.537
300.537
300.531
300.533
300.531
300.53
300.53
300.529
300.529
300.528
300.528
300.527
300.527
300.528
300.529
300.529
300.529
300.53
300.531
300.532
300.534
300.532
300.526
300.531
300.532
300.532
300.532
300.534
300.536
300.537
300.538
300.538
300.538
300.538
300.538
300.536
300.534
300.533
300.532
300.532
300.531
300.527
300.518
300.523
300.528
300.533
300.539
300.545
300.552
300.558
300.564
300.568
300.568
300.565
300.559
300.552
300.546
300.539
300.534
300.528
300.523
300.518
300.472
300.473
300.474
300.476
300.478
300.48
300.48
300.48
300.479
300.478
300.478
300.478
300.479
300.479
300.478
300.475
300.472
300.47
300.47
300.469
300.518
300.518
300.517
300.516
300.517
300.518
300.521
300.523
300.524
300.524
300.524
300.524
300.523
300.521
300.518
300.518
300.519
300.52
300.52
300.52
300.537
300.537
300.535
300.534
300.532
300.531
300.531
300.533
300.534
300.534
300.534
300.534
300.532
300.531
300.532
300.533
300.534
300.536
300.537
300.538
300.542
300.541
300.54
300.539
300.537
300.535
300.535
300.535
300.536
300.537
300.537
300.536
300.535
300.535
300.535
300.537
300.539
300.54
300.541
300.542
300.544
300.542
300.541
300.539
300.538
300.536
300.535
300.535
300.535
300.536
300.536
300.535
300.535
300.535
300.537
300.538
300.54
300.541
300.542
300.544
300.54
300.54
300.539
300.538
300.537
300.535
300.534
300.533
300.533
300.533
300.533
300.533
300.533
300.534
300.535
300.537
300.538
300.539
300.54
300.541
300.536
300.536
300.536
300.535
300.534
300.533
300.532
300.531
300.531
300.531
300.531
300.531
300.532
300.532
300.533
300.534
300.535
300.536
300.537
300.536
300.53
300.533
300.532
300.531
300.531
300.53
300.529
300.529
300.528
300.527
300.527
300.528
300.529
300.529
300.53
300.531
300.531
300.532
300.533
300.531
300.524
300.529
300.531
300.531
300.531
300.532
300.534
300.535
300.536
300.534
300.534
300.536
300.535
300.534
300.533
300.532
300.531
300.532
300.53
300.525
300.516
300.52
300.525
300.529
300.534
300.54
300.545
300.55
300.554
300.556
300.556
300.555
300.551
300.546
300.54
300.535
300.53
300.525
300.521
300.517
300.466
300.466
300.468
300.47
300.474
300.478
300.48
300.479
300.478
300.477
300.477
300.477
300.478
300.478
300.475
300.471
300.466
300.463
300.461
300.462
300.522
300.521
300.52
300.518
300.517
300.517
300.519
300.522
300.523
300.523
300.523
300.523
300.522
300.519
300.518
300.519
300.52
300.522
300.523
300.523
300.544
300.543
300.541
300.538
300.534
300.532
300.532
300.532
300.533
300.534
300.534
300.533
300.532
300.532
300.533
300.535
300.539
300.542
300.544
300.545
300.546
300.545
300.544
300.542
300.54
300.537
300.535
300.535
300.535
300.536
300.536
300.535
300.535
300.535
300.537
300.54
300.543
300.545
300.546
300.546
300.543
300.543
300.543
300.542
300.54
300.538
300.536
300.535
300.535
300.536
300.536
300.535
300.535
300.536
300.538
300.541
300.542
300.543
300.544
300.544
300.539
300.54
300.54
300.539
300.538
300.537
300.535
300.534
300.533
300.533
300.533
300.533
300.534
300.535
300.537
300.538
300.539
300.54
300.54
300.54
300.534
300.536
300.536
300.536
300.535
300.534
300.533
300.532
300.532
300.532
300.532
300.532
300.532
300.533
300.534
300.535
300.536
300.536
300.536
300.535
300.529
300.532
300.532
300.531
300.531
300.531
300.53
300.529
300.529
300.528
300.528
300.529
300.529
300.53
300.531
300.531
300.532
300.532
300.533
300.53
300.523
300.527
300.53
300.53
300.531
300.531
300.532
300.533
300.534
300.533
300.533
300.534
300.534
300.533
300.532
300.531
300.531
300.53
300.528
300.524
300.513
300.517
300.521
300.526
300.53
300.534
300.539
300.543
300.546
300.546
300.547
300.546
300.543
300.539
300.535
300.531
300.526
300.522
300.518
300.514
300.461
300.46
300.462
300.465
300.47
300.475
300.479
300.478
300.477
300.476
300.476
300.477
300.478
300.477
300.472
300.466
300.46
300.457
300.456
300.458
300.529
300.526
300.524
300.521
300.518
300.517
300.518
300.521
300.523
300.523
300.523
300.523
300.521
300.518
300.519
300.52
300.522
300.524
300.526
300.529
300.548
300.547
300.546
300.543
300.538
300.534
300.532
300.532
300.533
300.534
300.534
300.533
300.532
300.532
300.534
300.539
300.544
300.547
300.548
300.548
300.546
300.546
300.546
300.545
300.542
300.539
300.536
300.535
300.535
300.536
300.536
300.535
300.535
300.536
300.539
300.543
300.546
300.546
300.547
300.547
300.543
300.543
300.543
300.543
300.542
300.539
300.537
300.535
300.535
300.536
300.536
300.536
300.536
300.537
300.54
300.542
300.544
300.544
300.544
300.543
300.538
300.539
300.54
300.54
300.539
300.538
300.536
300.534
300.534
300.533
300.534
300.534
300.535
300.536
300.538
300.539
300.54
300.54
300.54
300.539
300.533
300.535
300.536
300.536
300.536
300.535
300.534
300.533
300.533
300.532
300.533
300.533
300.533
300.534
300.535
300.536
300.536
300.536
300.536
300.534
300.527
300.531
300.531
300.531
300.531
300.531
300.53
300.53
300.529
300.529
300.529
300.529
300.53
300.531
300.531
300.532
300.532
300.532
300.531
300.528
300.52
300.525
300.528
300.53
300.53
300.531
300.532
300.532
300.533
300.532
300.532
300.533
300.533
300.532
300.531
300.531
300.53
300.529
300.526
300.521
300.511
300.514
300.518
300.522
300.526
300.529
300.533
300.536
300.538
300.538
300.539
300.539
300.537
300.534
300.53
300.526
300.523
300.519
300.515
300.512
300.485
300.472
300.459
300.462
300.467
300.474
300.478
300.477
300.476
300.476
300.476
300.476
300.477
300.476
300.47
300.463
300.457
300.458
300.487
300.502
300.535
300.53
300.528
300.524
300.52
300.518
300.518
300.521
300.523
300.523
300.523
300.523
300.521
300.519
300.52
300.522
300.524
300.527
300.529
300.537
300.547
300.547
300.547
300.546
300.541
300.535
300.533
300.532
300.533
300.533
300.533
300.532
300.532
300.533
300.536
300.542
300.547
300.548
300.548
300.548
300.545
300.545
300.546
300.546
300.544
300.54
300.536
300.535
300.535
300.536
300.536
300.535
300.535
300.537
300.54
300.545
300.546
300.546
300.546
300.545
300.541
300.541
300.542
300.543
300.543
300.541
300.538
300.536
300.536
300.536
300.536
300.536
300.537
300.538
300.541
300.543
300.544
300.543
300.542
300.541
300.536
300.537
300.539
300.54
300.54
300.539
300.537
300.536
300.535
300.535
300.535
300.536
300.536
300.537
300.539
300.54
300.54
300.539
300.538
300.537
300.53
300.533
300.535
300.536
300.536
300.536
300.535
300.535
300.534
300.534
300.534
300.535
300.535
300.535
300.536
300.536
300.536
300.535
300.533
300.531
300.524
300.528
300.53
300.532
300.532
300.532
300.531
300.531
300.531
300.53
300.531
300.531
300.531
300.532
300.532
300.532
300.532
300.531
300.529
300.525
300.518
300.522
300.526
300.528
300.53
300.531
300.532
300.533
300.533
300.533
300.533
300.533
300.533
300.532
300.532
300.53
300.529
300.526
300.523
300.519
300.508
300.511
300.515
300.518
300.522
300.525
300.528
300.53
300.532
300.532
300.532
300.532
300.531
300.528
300.525
300.522
300.519
300.515
300.512
300.509
300.526
300.513
300.473
300.459
300.465
300.473
300.478
300.476
300.476
300.476
300.476
300.476
300.477
300.476
300.47
300.461
300.456
300.487
300.521
300.533
300.547
300.539
300.53
300.527
300.522
300.518
300.518
300.521
300.522
300.522
300.522
300.522
300.521
300.519
300.52
300.523
300.526
300.529
300.542
300.548
300.546
300.546
300.547
300.547
300.543
300.537
300.533
300.532
300.533
300.533
300.533
300.532
300.532
300.533
300.537
300.544
300.548
300.548
300.547
300.546
300.542
300.543
300.545
300.546
300.545
300.541
300.537
300.535
300.534
300.535
300.535
300.535
300.536
300.537
300.541
300.546
300.547
300.546
300.544
300.542
300.537
300.539
300.541
300.543
300.544
300.542
300.54
300.539
300.539
300.538
300.539
300.539
300.539
300.54
300.542
300.544
300.544
300.542
300.54
300.538
300.532
300.534
300.537
300.539
300.54
300.54
300.539
300.539
300.539
300.538
300.538
300.539
300.539
300.54
300.54
300.54
300.54
300.538
300.535
300.533
300.527
300.529
300.533
300.535
300.536
300.536
300.537
300.537
300.537
300.537
300.537
300.537
300.537
300.537
300.537
300.536
300.536
300.533
300.53
300.528
300.521
300.524
300.528
300.531
300.532
300.533
300.533
300.534
300.534
300.533
300.533
300.534
300.534
300.534
300.533
300.533
300.531
300.529
300.525
300.522
300.514
300.518
300.522
300.525
300.528
300.529
300.531
300.532
300.533
300.533
300.533
300.533
300.532
300.531
300.53
300.528
300.526
300.523
300.519
300.515
300.505
300.508
300.511
300.514
300.517
300.52
300.523
300.525
300.526
300.526
300.526
300.526
300.525
300.523
300.521
300.518
300.515
300.512
300.509
300.506
300.54
300.527
300.489
300.461
300.465
300.472
300.477
300.476
300.476
300.476
300.476
300.476
300.476
300.476
300.469
300.462
300.458
300.502
300.533
300.542
300.547
300.547
300.535
300.529
300.522
300.519
300.52
300.522
300.522
300.522
300.522
300.522
300.521
300.52
300.52
300.523
300.529
300.537
300.548
300.548
300.543
300.546
300.548
300.548
300.544
300.537
300.533
300.533
300.534
300.534
300.533
300.533
300.532
300.533
300.538
300.545
300.548
300.548
300.546
300.544
300.538
300.542
300.545
300.546
300.546
300.542
300.538
300.536
300.535
300.535
300.535
300.535
300.537
300.539
300.542
300.546
300.547
300.545
300.542
300.539
300.533
300.537
300.541
300.543
300.544
300.544
300.543
300.543
300.543
300.543
300.543
300.543
300.544
300.544
300.544
300.544
300.543
300.541
300.538
300.534
300.528
300.532
300.536
300.538
300.539
300.54
300.541
300.541
300.541
300.541
300.541
300.542
300.542
300.541
300.541
300.54
300.539
300.537
300.533
300.529
300.523
300.527
300.53
300.533
300.535
300.536
300.537
300.537
300.538
300.538
300.538
300.538
300.538
300.537
300.536
300.535
300.534
300.531
300.528
300.524
300.517
300.521
300.524
300.527
300.529
300.531
300.532
300.533
300.533
300.533
300.533
300.533
300.533
300.532
300.531
300.53
300.528
300.525
300.522
300.518
300.511
300.514
300.518
300.521
300.523
300.525
300.526
300.527
300.528
300.528
300.528
300.528
300.528
300.527
300.525
300.524
300.521
300.519
300.515
300.512
300.502
300.505
300.508
300.511
300.514
300.516
300.518
300.519
300.52
300.52
300.52
300.52
300.52
300.518
300.517
300.514
300.512
300.509
300.506
300.503
)
;

boundaryField
{
    floor
    {
        type            fixedValue;
        value           nonuniform List<scalar> 
400
(
300
300
300
300
300
300
300
300
300
300
300
300
300
300
300
300
300
300
300
300
300
300
300
300
300
300
300
300
300
300
300
300
300
300
300
300
300
300
300
300
300
300
300
300
300
300
300
300
300
300
300
300
300
300
300
300
300
300
300
300
300
300
300
300
300
300
300
300
300
300
300
300
300
300
300
300
300
300
300
300
300
300
300
300
300
300
300
300
300
300
300
300
300
300
300
300
300
300
300
300
300
300
300
300
300
300
300
300
300
300
300
300
300
300
300
300
300
300
300
300
300
300
300
300
300
300
300
300
300
300
300
300
300
300
300
300
300
300
300
300
300
300
300
300
300
300
300
300
300
300
300
300
300
300
300
300
300
300
300
300
300
300
300
300
300
300
300
300
300
300
300
300
300
300
300
300
300
300
300
300
300
300
300
300
300
300
300
300
300
600
600
300
300
300
300
300
300
300
300
300
300
300
300
300
300
300
300
300
300
600
600
300
300
300
300
300
300
300
300
300
300
300
300
300
300
300
300
300
300
300
300
300
300
300
300
300
300
300
300
300
300
300
300
300
300
300
300
300
300
300
300
300
300
300
300
300
300
300
300
300
300
300
300
300
300
300
300
300
300
300
300
300
300
300
300
300
300
300
300
300
300
300
300
300
300
300
300
300
300
300
300
300
300
300
300
300
300
300
300
300
300
300
300
300
300
300
300
300
300
300
300
300
300
300
300
300
300
300
300
300
300
300
300
300
300
300
300
300
300
300
300
300
300
300
300
300
300
300
300
300
300
300
300
300
300
300
300
300
300
300
300
300
300
300
300
300
300
300
300
300
300
300
300
300
300
300
300
300
300
300
300
300
300
300
300
300
300
300
300
300
300
300
300
300
300
300
300
300
300
300
300
300
300
300
300
300
300
300
300
300
)
;
    }
    ceiling
    {
        type            fixedValue;
        value           uniform 300;
    }
    fixedWalls
    {
        type            zeroGradient;
    }
}


// ************************************************************************* //
