/*--------------------------------*- C++ -*----------------------------------*\
  =========                 |
  \\      /  F ield         | OpenFOAM: The Open Source CFD Toolbox
   \\    /   O peration     | Website:  https://openfoam.org
    \\  /    A nd           | Version:  9
     \\/     M anipulation  |
\*---------------------------------------------------------------------------*/
FoamFile
{
    format      ascii;
    class       volScalarField;
    location    "700";
    object      T;
}
// * * * * * * * * * * * * * * * * * * * * * * * * * * * * * * * * * * * * * //

dimensions      [0 0 0 1 0 0 0];

internalField   nonuniform List<scalar> 
4000
(
300.453
300.442
300.439
300.443
300.448
300.455
300.46
300.465
300.47
300.474
300.477
300.477
300.476
300.473
300.471
300.465
300.458
300.452
300.453
300.472
300.48
300.476
300.477
300.482
300.493
300.499
300.504
300.509
300.511
300.514
300.516
300.516
300.515
300.512
300.506
300.503
300.502
300.503
300.506
300.511
300.542
300.54
300.533
300.523
300.517
300.516
300.519
300.523
300.527
300.53
300.531
300.53
300.527
300.526
300.527
300.529
300.536
300.546
300.553
300.554
300.548
300.551
300.553
300.552
300.544
300.538
300.535
300.535
300.538
300.54
300.541
300.539
300.538
300.539
300.542
300.546
300.552
300.555
300.553
300.55
300.542
300.546
300.55
300.553
300.553
300.552
300.552
300.552
300.553
300.553
300.552
300.551
300.551
300.552
300.553
300.555
300.555
300.553
300.549
300.545
300.536
300.54
300.545
300.547
300.549
300.55
300.551
300.552
300.552
300.553
300.554
300.554
300.554
300.553
300.553
300.552
300.55
300.548
300.544
300.54
300.53
300.534
300.538
300.541
300.543
300.544
300.545
300.546
300.547
300.548
300.549
300.549
300.549
300.548
300.547
300.546
300.544
300.542
300.538
300.534
300.523
300.527
300.531
300.533
300.535
300.537
300.539
300.54
300.541
300.542
300.543
300.543
300.543
300.542
300.541
300.539
300.537
300.535
300.531
300.528
300.515
300.519
300.522
300.525
300.528
300.53
300.531
300.533
300.534
300.535
300.536
300.536
300.536
300.535
300.534
300.532
300.53
300.527
300.524
300.52
300.505
300.507
300.51
300.513
300.516
300.519
300.521
300.523
300.524
300.525
300.527
300.527
300.527
300.525
300.523
300.521
300.518
300.516
300.513
300.51
300.442
300.438
300.437
300.441
300.447
300.454
300.46
300.466
300.471
300.476
300.48
300.479
300.477
300.473
300.47
300.464
300.456
300.45
300.45
300.462
300.476
300.477
300.479
300.484
300.492
300.497
300.503
300.509
300.513
300.517
300.519
300.518
300.515
300.511
300.505
300.501
300.499
300.496
300.495
300.496
300.54
300.536
300.528
300.52
300.516
300.516
300.518
300.522
300.527
300.531
300.532
300.53
300.527
300.525
300.525
300.526
300.53
300.537
300.542
300.543
300.551
300.552
300.553
300.548
300.541
300.536
300.533
300.534
300.535
300.538
300.539
300.538
300.537
300.538
300.54
300.544
300.55
300.554
300.554
300.553
300.546
300.548
300.551
300.553
300.552
300.549
300.547
300.546
300.547
300.547
300.547
300.547
300.547
300.548
300.55
300.552
300.554
300.553
300.551
300.549
300.54
300.543
300.547
300.549
300.551
300.551
300.55
300.55
300.55
300.551
300.551
300.551
300.551
300.551
300.552
300.552
300.551
300.549
300.546
300.544
300.534
300.537
300.541
300.545
300.546
300.547
300.548
300.548
300.549
300.549
300.55
300.55
300.55
300.55
300.549
300.548
300.547
300.544
300.541
300.538
300.527
300.531
300.535
300.539
300.541
300.543
300.544
300.545
300.545
300.546
300.546
300.546
300.546
300.546
300.545
300.544
300.542
300.539
300.535
300.532
300.519
300.523
300.528
300.531
300.534
300.536
300.538
300.54
300.541
300.542
300.543
300.543
300.542
300.541
300.54
300.538
300.535
300.532
300.528
300.524
300.507
300.51
300.513
300.517
300.52
300.524
300.527
300.529
300.531
300.532
300.534
300.534
300.533
300.531
300.529
300.526
300.523
300.519
300.516
300.513
300.439
300.437
300.438
300.441
300.446
300.452
300.459
300.465
300.471
300.477
300.481
300.48
300.477
300.472
300.468
300.462
300.454
300.448
300.447
300.451
300.477
300.479
300.482
300.486
300.491
300.496
300.502
300.508
300.513
300.518
300.52
300.518
300.515
300.51
300.503
300.5
300.496
300.491
300.486
300.483
300.533
300.528
300.522
300.518
300.515
300.515
300.517
300.522
300.528
300.532
300.533
300.53
300.526
300.523
300.523
300.522
300.524
300.527
300.528
300.525
300.553
300.553
300.55
300.544
300.538
300.534
300.532
300.532
300.534
300.538
300.539
300.537
300.536
300.536
300.537
300.541
300.545
300.55
300.553
300.554
300.55
300.551
300.552
300.552
300.549
300.545
300.543
300.542
300.543
300.544
300.544
300.544
300.544
300.545
300.547
300.55
300.553
300.553
300.553
300.552
300.545
300.547
300.549
300.55
300.55
300.549
300.547
300.547
300.547
300.547
300.547
300.547
300.547
300.548
300.549
300.551
300.551
300.55
300.549
300.548
300.538
300.541
300.544
300.546
300.548
300.547
300.547
300.547
300.547
300.547
300.547
300.547
300.547
300.548
300.548
300.549
300.548
300.546
300.544
300.542
300.531
300.535
300.539
300.542
300.544
300.544
300.544
300.544
300.544
300.544
300.544
300.544
300.545
300.545
300.545
300.545
300.544
300.542
300.539
300.536
300.522
300.528
300.533
300.536
300.539
300.541
300.542
300.543
300.544
300.544
300.544
300.545
300.545
300.544
300.543
300.541
300.539
300.536
300.532
300.528
300.51
300.513
300.517
300.521
300.525
300.529
300.533
300.536
300.539
300.54
300.542
300.542
300.54
300.538
300.534
300.531
300.527
300.523
300.52
300.517
300.443
300.441
300.441
300.443
300.447
300.451
300.457
300.463
300.47
300.477
300.482
300.48
300.476
300.471
300.467
300.46
300.453
300.447
300.445
300.446
300.482
300.484
300.486
300.488
300.491
300.496
300.502
300.508
300.513
300.518
300.52
300.518
300.514
300.509
300.503
300.499
300.495
300.489
300.482
300.476
300.523
300.52
300.518
300.515
300.514
300.514
300.517
300.523
300.528
300.532
300.533
300.53
300.526
300.522
300.52
300.519
300.519
300.519
300.518
300.514
300.552
300.548
300.544
300.539
300.535
300.532
300.531
300.531
300.534
300.538
300.539
300.537
300.535
300.534
300.535
300.536
300.539
300.543
300.546
300.547
300.553
300.553
300.552
300.55
300.546
300.543
300.54
300.54
300.541
300.541
300.542
300.542
300.542
300.542
300.544
300.547
300.55
300.552
300.553
300.554
300.547
300.549
300.55
300.55
300.549
300.547
300.545
300.544
300.544
300.544
300.544
300.544
300.544
300.545
300.547
300.549
300.551
300.551
300.551
300.55
300.541
300.545
300.546
300.547
300.547
300.546
300.545
300.544
300.544
300.544
300.544
300.544
300.545
300.545
300.547
300.548
300.548
300.548
300.547
300.545
300.533
300.539
300.542
300.544
300.544
300.544
300.543
300.543
300.542
300.542
300.542
300.542
300.543
300.543
300.544
300.544
300.544
300.543
300.542
300.538
300.525
300.531
300.536
300.54
300.541
300.542
300.543
300.543
300.544
300.544
300.544
300.545
300.544
300.544
300.543
300.542
300.541
300.539
300.536
300.531
300.513
300.517
300.521
300.526
300.53
300.535
300.54
300.544
300.547
300.549
300.551
300.55
300.548
300.545
300.541
300.536
300.532
300.528
300.524
300.52
300.448
300.447
300.446
300.447
300.448
300.451
300.455
300.461
300.468
300.477
300.482
300.48
300.475
300.47
300.465
300.459
300.452
300.447
300.445
300.444
300.493
300.492
300.491
300.491
300.494
300.497
300.501
300.507
300.513
300.518
300.52
300.518
300.514
300.508
300.503
300.499
300.495
300.491
300.486
300.482
300.517
300.516
300.515
300.514
300.513
300.514
300.518
300.523
300.528
300.532
300.532
300.53
300.526
300.522
300.519
300.517
300.516
300.515
300.514
300.511
300.544
300.541
300.538
300.535
300.532
300.53
300.53
300.531
300.535
300.538
300.538
300.536
300.534
300.533
300.532
300.533
300.534
300.536
300.538
300.539
300.553
300.552
300.549
300.546
300.543
300.54
300.539
300.539
300.539
300.54
300.541
300.54
300.54
300.54
300.541
300.543
300.546
300.548
300.55
300.553
300.549
300.551
300.55
300.549
300.547
300.545
300.543
300.542
300.542
300.542
300.542
300.542
300.542
300.543
300.545
300.547
300.549
300.55
300.551
300.552
300.543
300.546
300.548
300.547
300.546
300.545
300.544
300.543
300.542
300.542
300.542
300.542
300.543
300.544
300.545
300.546
300.547
300.548
300.548
300.547
300.535
300.541
300.544
300.544
300.544
300.543
300.542
300.542
300.541
300.541
300.54
300.541
300.541
300.542
300.543
300.543
300.544
300.544
300.544
300.541
300.528
300.534
300.539
300.541
300.542
300.542
300.543
300.545
300.545
300.545
300.545
300.546
300.545
300.544
300.544
300.543
300.542
300.541
300.538
300.534
300.516
300.52
300.525
300.53
300.535
300.541
300.547
300.552
300.556
300.559
300.561
300.56
300.557
300.552
300.547
300.542
300.537
300.532
300.528
300.523
300.455
300.454
300.452
300.451
300.451
300.452
300.455
300.46
300.467
300.476
300.482
300.48
300.475
300.469
300.463
300.457
300.452
300.448
300.446
300.445
300.499
300.497
300.496
300.496
300.497
300.499
300.502
300.506
300.512
300.518
300.519
300.517
300.513
300.508
300.504
300.5
300.496
300.493
300.491
300.491
300.516
300.516
300.515
300.514
300.514
300.516
300.519
300.523
300.528
300.531
300.532
300.53
300.526
300.522
300.519
300.516
300.515
300.514
300.513
300.511
300.538
300.536
300.534
300.532
300.53
300.529
300.529
300.531
300.535
300.537
300.537
300.536
300.533
300.531
300.53
300.53
300.53
300.531
300.533
300.533
300.552
300.549
300.545
300.543
300.54
300.539
300.538
300.538
300.538
300.54
300.54
300.539
300.539
300.538
300.539
300.54
300.541
300.543
300.546
300.55
300.55
300.551
300.549
300.547
300.545
300.543
300.542
300.541
300.541
300.541
300.541
300.541
300.541
300.541
300.543
300.544
300.546
300.548
300.55
300.552
300.544
300.547
300.547
300.546
300.545
300.544
300.542
300.542
300.541
300.54
300.54
300.54
300.541
300.542
300.543
300.544
300.546
300.547
300.549
300.548
300.537
300.543
300.544
300.544
300.543
300.542
300.542
300.541
300.54
300.54
300.539
300.54
300.54
300.541
300.541
300.542
300.543
300.544
300.545
300.543
300.53
300.536
300.541
300.542
300.542
300.544
300.545
300.547
300.548
300.548
300.548
300.548
300.548
300.546
300.545
300.543
300.543
300.542
300.541
300.536
300.519
300.524
300.529
300.535
300.541
300.548
300.555
300.562
300.567
300.571
300.574
300.571
300.567
300.561
300.554
300.548
300.542
300.537
300.532
300.527
300.46
300.46
300.459
300.457
300.455
300.455
300.456
300.46
300.466
300.475
300.482
300.479
300.474
300.467
300.461
300.456
300.452
300.449
300.448
300.447
300.504
300.503
300.502
300.502
300.501
300.502
300.503
300.506
300.511
300.517
300.518
300.516
300.512
300.508
300.504
300.501
300.499
300.497
300.496
300.497
300.519
300.518
300.517
300.517
300.518
300.519
300.521
300.524
300.527
300.531
300.531
300.529
300.526
300.523
300.52
300.518
300.516
300.515
300.514
300.514
300.535
300.533
300.532
300.531
300.53
300.529
300.53
300.532
300.535
300.537
300.537
300.535
300.533
300.531
300.529
300.529
300.528
300.528
300.529
300.529
300.552
300.547
300.543
300.54
300.539
300.538
300.537
300.537
300.538
300.539
300.539
300.538
300.537
300.537
300.537
300.537
300.538
300.539
300.542
300.547
300.551
300.55
300.547
300.545
300.543
300.542
300.541
300.54
300.54
300.54
300.54
300.539
300.539
300.54
300.54
300.541
300.543
300.545
300.549
300.553
300.545
300.548
300.547
300.545
300.544
300.542
300.541
300.541
300.54
300.539
300.539
300.539
300.539
300.54
300.541
300.543
300.544
300.546
300.549
300.55
300.539
300.544
300.544
300.543
300.542
300.542
300.541
300.541
300.54
300.54
300.54
300.539
300.539
300.54
300.54
300.541
300.542
300.544
300.546
300.544
300.531
300.538
300.542
300.543
300.543
300.545
300.547
300.55
300.552
300.555
300.555
300.553
300.551
300.548
300.546
300.545
300.544
300.544
300.543
300.538
300.521
300.527
300.533
300.54
300.547
300.555
300.563
300.572
300.58
300.587
300.59
300.585
300.577
300.569
300.562
300.554
300.547
300.541
300.535
300.529
300.465
300.466
300.465
300.463
300.461
300.46
300.46
300.462
300.466
300.473
300.48
300.478
300.473
300.467
300.461
300.456
300.453
300.451
300.451
300.451
300.509
300.509
300.508
300.508
300.507
300.506
300.506
300.508
300.511
300.516
300.518
300.515
300.511
300.509
300.506
300.504
300.502
300.5
300.5
300.5
300.523
300.522
300.522
300.523
300.523
300.523
300.524
300.525
300.527
300.532
300.532
300.528
300.525
300.524
300.522
300.52
300.519
300.517
300.516
300.516
300.535
300.534
300.532
300.531
300.531
300.531
300.532
300.533
300.535
300.54
300.539
300.535
300.533
300.531
300.53
300.529
300.528
300.528
300.527
300.527
300.552
300.546
300.542
300.54
300.539
300.538
300.537
300.537
300.539
300.543
300.542
300.538
300.536
300.536
300.536
300.536
300.536
300.537
300.54
300.546
300.552
300.55
300.547
300.544
300.542
300.541
300.54
300.539
300.54
300.544
300.543
300.539
300.538
300.538
300.539
300.54
300.541
300.544
300.548
300.553
300.546
300.548
300.547
300.544
300.543
300.542
300.541
300.54
300.54
300.544
300.543
300.538
300.538
300.539
300.54
300.541
300.543
300.546
300.549
300.551
300.54
300.545
300.544
300.543
300.542
300.541
300.541
300.54
300.542
300.547
300.547
300.54
300.539
300.539
300.539
300.54
300.541
300.543
300.547
300.546
300.533
300.54
300.543
300.543
300.545
300.547
300.55
300.554
300.56
300.572
300.573
300.562
300.555
300.551
300.548
300.546
300.545
300.545
300.544
300.54
300.523
300.529
300.536
300.544
300.552
300.562
300.572
300.583
300.596
300.608
300.613
300.601
300.589
300.578
300.569
300.56
300.552
300.545
300.538
300.532
300.47
300.471
300.471
300.47
300.468
300.467
300.466
300.466
300.467
300.481
300.489
300.475
300.472
300.468
300.464
300.46
300.457
300.455
300.455
300.456
300.511
300.513
300.513
300.513
300.513
300.512
300.511
300.511
300.513
300.538
300.538
300.515
300.511
300.51
300.509
300.507
300.505
300.504
300.503
300.503
300.527
300.527
300.528
300.528
300.528
300.528
300.527
300.527
300.531
300.557
300.555
300.53
300.526
300.525
300.524
300.523
300.522
300.52
300.519
300.518
300.538
300.535
300.534
300.534
300.535
300.535
300.535
300.535
300.54
300.568
300.566
300.539
300.533
300.532
300.531
300.531
300.53
300.529
300.527
300.526
300.553
300.547
300.543
300.541
300.539
300.538
300.538
300.539
300.545
300.575
300.573
300.543
300.536
300.535
300.535
300.535
300.535
300.536
300.54
300.546
300.552
300.55
300.547
300.544
300.542
300.541
300.54
300.54
300.547
300.577
300.576
300.545
300.537
300.537
300.537
300.538
300.54
300.543
300.548
300.554
300.547
300.549
300.547
300.544
300.542
300.541
300.54
300.54
300.548
300.578
300.578
300.545
300.537
300.537
300.538
300.54
300.542
300.545
300.549
300.551
300.541
300.545
300.544
300.542
300.541
300.54
300.54
300.542
300.552
300.587
300.587
300.551
300.54
300.538
300.538
300.539
300.54
300.543
300.547
300.547
300.534
300.541
300.544
300.544
300.545
300.548
300.552
300.56
300.577
300.612
300.613
300.58
300.563
300.554
300.55
300.547
300.546
300.546
300.546
300.541
300.524
300.531
300.539
300.547
300.556
300.567
300.58
300.596
300.615
300.639
300.646
300.621
300.602
300.587
300.574
300.564
300.555
300.547
300.54
300.533
300.474
300.476
300.477
300.477
300.477
300.476
300.475
300.473
300.481
301.147
301.159
300.484
300.473
300.472
300.469
300.466
300.463
300.462
300.461
300.46
300.514
300.517
300.518
300.518
300.518
300.518
300.517
300.516
300.538
300.97
300.983
300.535
300.513
300.512
300.511
300.51
300.508
300.507
300.505
300.504
300.53
300.531
300.532
300.532
300.532
300.531
300.531
300.532
300.557
300.886
300.897
300.553
300.527
300.526
300.525
300.524
300.524
300.522
300.521
300.519
300.54
300.538
300.538
300.538
300.538
300.537
300.537
300.54
300.568
300.833
300.843
300.563
300.535
300.532
300.532
300.532
300.531
300.531
300.529
300.528
300.553
300.547
300.544
300.541
300.54
300.54
300.539
300.543
300.575
300.795
300.804
300.569
300.538
300.534
300.535
300.535
300.536
300.537
300.539
300.546
300.553
300.551
300.547
300.544
300.542
300.541
300.54
300.544
300.577
300.764
300.773
300.572
300.539
300.535
300.536
300.538
300.54
300.543
300.548
300.554
300.548
300.549
300.547
300.544
300.542
300.54
300.539
300.544
300.578
300.74
300.749
300.574
300.539
300.536
300.537
300.539
300.542
300.546
300.549
300.552
300.542
300.546
300.544
300.542
300.541
300.54
300.54
300.547
300.587
300.721
300.731
300.588
300.545
300.537
300.536
300.537
300.539
300.543
300.547
300.547
300.535
300.542
300.544
300.544
300.545
300.548
300.555
300.572
300.612
300.706
300.716
300.617
300.575
300.558
300.55
300.546
300.545
300.546
300.547
300.542
300.525
300.532
300.54
300.549
300.559
300.571
300.587
300.608
300.639
300.69
300.701
300.647
300.615
300.594
300.578
300.566
300.556
300.549
300.541
300.534
300.477
300.48
300.481
300.482
300.482
300.482
300.482
300.48
300.489
301.159
301.112
300.482
300.475
300.473
300.471
300.469
300.467
300.466
300.465
300.464
300.516
300.519
300.52
300.52
300.52
300.519
300.518
300.518
300.538
300.983
300.924
300.531
300.513
300.512
300.511
300.51
300.509
300.508
300.506
300.505
300.531
300.532
300.533
300.533
300.532
300.532
300.531
300.532
300.555
300.897
300.839
300.546
300.526
300.525
300.525
300.524
300.523
300.522
300.521
300.519
300.541
300.539
300.539
300.539
300.538
300.537
300.537
300.539
300.566
300.843
300.791
300.556
300.533
300.531
300.531
300.531
300.531
300.531
300.53
300.529
300.552
300.547
300.544
300.542
300.541
300.54
300.539
300.542
300.573
300.804
300.759
300.562
300.536
300.534
300.534
300.535
300.536
300.537
300.539
300.544
300.554
300.551
300.547
300.544
300.542
300.541
300.54
300.543
300.576
300.773
300.735
300.566
300.537
300.534
300.536
300.537
300.54
300.543
300.548
300.554
300.549
300.55
300.547
300.544
300.542
300.54
300.539
300.543
300.578
300.749
300.72
300.569
300.538
300.535
300.536
300.539
300.542
300.546
300.55
300.553
300.543
300.546
300.544
300.542
300.54
300.539
300.54
300.547
300.587
300.731
300.71
300.584
300.543
300.536
300.535
300.537
300.539
300.543
300.548
300.549
300.536
300.543
300.544
300.544
300.545
300.548
300.555
300.573
300.613
300.716
300.703
300.613
300.574
300.557
300.549
300.546
300.545
300.547
300.548
300.544
300.527
300.534
300.542
300.551
300.561
300.574
300.59
300.613
300.646
300.701
300.693
300.645
300.615
300.595
300.58
300.568
300.558
300.551
300.543
300.536
300.477
300.479
300.48
300.48
300.48
300.48
300.479
300.478
300.475
300.484
300.482
300.475
300.474
300.472
300.47
300.468
300.466
300.465
300.465
300.464
300.516
300.518
300.518
300.518
300.518
300.517
300.516
300.515
300.515
300.535
300.531
300.513
300.511
300.51
300.509
300.508
300.507
300.506
300.505
300.504
300.53
300.53
300.53
300.53
300.53
300.53
300.529
300.528
300.53
300.553
300.546
300.526
300.524
300.524
300.523
300.522
300.521
300.52
300.519
300.518
300.539
300.538
300.537
300.537
300.536
300.536
300.535
300.535
300.539
300.563
300.556
300.534
300.53
300.53
300.53
300.53
300.53
300.529
300.529
300.529
300.551
300.547
300.544
300.542
300.54
300.539
300.538
300.538
300.543
300.569
300.562
300.538
300.533
300.534
300.535
300.535
300.536
300.537
300.54
300.545
300.554
300.551
300.547
300.544
300.542
300.541
300.539
300.539
300.545
300.572
300.566
300.54
300.534
300.535
300.537
300.538
300.54
300.543
300.548
300.554
300.549
300.55
300.547
300.544
300.542
300.54
300.539
300.538
300.545
300.574
300.569
300.541
300.535
300.536
300.538
300.54
300.543
300.546
300.55
300.554
300.543
300.546
300.544
300.542
300.541
300.54
300.539
300.54
300.551
300.588
300.584
300.548
300.537
300.536
300.536
300.538
300.54
300.544
300.549
300.55
300.536
300.543
300.545
300.545
300.546
300.548
300.553
300.562
300.58
300.617
300.613
300.58
300.564
300.555
300.55
300.547
300.546
300.548
300.549
300.544
300.527
300.534
300.542
300.55
300.56
300.571
300.585
300.601
300.621
300.647
300.645
300.622
300.604
300.59
300.578
300.567
300.559
300.551
300.544
300.537
300.476
300.477
300.477
300.476
300.475
300.475
300.474
300.473
300.472
300.473
300.475
300.474
300.472
300.469
300.466
300.464
300.463
300.462
300.462
300.462
300.515
300.515
300.515
300.514
300.514
300.513
300.512
300.511
300.511
300.513
300.513
300.511
300.509
300.507
300.505
300.503
300.502
300.501
300.501
300.501
300.527
300.527
300.526
300.526
300.526
300.526
300.526
300.525
300.526
300.527
300.526
300.524
300.523
300.521
300.52
300.518
300.517
300.516
300.516
300.515
300.538
300.537
300.536
300.535
300.534
300.533
300.533
300.533
300.533
300.535
300.533
300.53
300.53
300.529
300.529
300.528
300.528
300.528
300.528
300.529
300.551
300.547
300.544
300.542
300.54
300.539
300.537
300.536
300.536
300.538
300.536
300.533
300.534
300.534
300.535
300.536
300.537
300.539
300.541
300.546
300.554
300.551
300.547
300.544
300.542
300.541
300.539
300.538
300.537
300.539
300.537
300.534
300.535
300.537
300.538
300.54
300.542
300.545
300.549
300.554
300.549
300.55
300.547
300.545
300.543
300.541
300.539
300.538
300.537
300.539
300.538
300.535
300.536
300.538
300.539
300.541
300.544
300.547
300.551
300.554
300.543
300.546
300.545
300.543
300.541
300.54
300.539
300.539
300.54
300.545
300.543
300.537
300.536
300.537
300.538
300.539
300.541
300.545
300.549
300.55
300.536
300.542
300.545
300.544
300.545
300.548
300.551
300.555
300.563
300.575
300.574
300.564
300.557
300.553
300.55
300.548
300.547
300.548
300.549
300.544
300.527
300.533
300.54
300.548
300.557
300.567
300.577
300.589
300.602
300.615
300.615
300.604
300.594
300.583
300.574
300.565
300.557
300.55
300.543
300.537
300.473
300.473
300.472
300.471
300.47
300.469
300.467
300.467
300.468
300.472
300.473
300.472
300.469
300.465
300.461
300.459
300.458
300.458
300.459
300.459
300.512
300.511
300.51
300.509
300.508
300.508
300.508
300.509
300.51
300.512
300.512
300.51
300.507
300.504
300.501
300.499
300.497
300.496
300.496
300.496
300.526
300.525
300.523
300.522
300.522
300.522
300.523
300.524
300.525
300.526
300.525
300.524
300.521
300.519
300.516
300.514
300.513
300.512
300.511
300.511
300.539
300.538
300.536
300.534
300.533
300.531
300.531
300.531
300.532
300.532
300.531
300.53
300.529
300.528
300.527
300.527
300.527
300.528
300.529
300.53
300.552
300.548
300.545
300.542
300.54
300.538
300.537
300.536
300.535
300.534
300.534
300.534
300.534
300.535
300.536
300.538
300.539
300.541
300.544
300.548
300.553
300.551
300.548
300.545
300.543
300.541
300.54
300.538
300.537
300.535
300.534
300.535
300.537
300.539
300.54
300.542
300.544
300.547
300.55
300.555
300.548
300.55
300.548
300.545
300.544
300.542
300.54
300.539
300.537
300.536
300.535
300.536
300.538
300.539
300.541
300.543
300.545
300.548
300.551
300.553
300.542
300.546
300.545
300.543
300.542
300.541
300.54
300.539
300.538
300.537
300.536
300.536
300.537
300.538
300.539
300.541
300.543
300.546
300.549
300.549
300.535
300.541
300.544
300.544
300.544
300.546
300.548
300.551
300.554
300.558
300.557
300.555
300.553
300.551
300.549
300.547
300.547
300.548
300.548
300.543
300.525
300.531
300.538
300.545
300.552
300.561
300.569
300.578
300.587
300.594
300.595
300.59
300.583
300.576
300.568
300.561
300.554
300.548
300.541
300.535
300.471
300.47
300.468
300.467
300.465
300.463
300.461
300.461
300.464
300.469
300.471
300.47
300.466
300.461
300.457
300.454
300.453
300.452
300.453
300.455
300.506
300.505
300.503
300.503
300.503
300.504
300.504
300.506
300.509
300.511
300.511
300.509
300.505
300.501
300.497
300.494
300.491
300.49
300.489
300.49
300.527
300.525
300.523
300.52
300.519
300.519
300.52
300.522
300.524
300.525
300.525
300.523
300.52
300.516
300.513
300.51
300.509
300.508
300.509
300.51
300.542
300.54
300.537
300.535
300.532
300.53
300.529
300.53
300.531
300.532
300.531
300.53
300.529
300.527
300.527
300.527
300.528
300.529
300.53
300.531
300.553
300.55
300.547
300.544
300.541
300.539
300.537
300.536
300.535
300.535
300.534
300.535
300.535
300.536
300.538
300.54
300.542
300.544
300.546
300.55
300.553
300.552
300.549
300.547
300.545
300.543
300.54
300.539
300.537
300.536
300.536
300.537
300.538
300.54
300.543
300.545
300.547
300.549
300.552
300.555
300.547
300.549
300.548
300.547
300.545
300.543
300.541
300.54
300.538
300.537
300.536
300.538
300.539
300.541
300.543
300.545
300.547
300.549
300.551
300.553
300.541
300.545
300.545
300.544
300.543
300.541
300.54
300.539
300.538
300.536
300.535
300.536
300.538
300.539
300.541
300.542
300.544
300.546
300.549
300.548
300.534
300.54
300.543
300.543
300.544
300.545
300.546
300.548
300.55
300.55
300.549
300.55
300.55
300.549
300.547
300.546
300.546
300.547
300.546
300.542
300.523
300.529
300.534
300.541
300.547
300.554
300.562
300.569
300.574
300.578
300.58
300.578
300.574
300.568
300.562
300.556
300.55
300.544
300.539
300.533
300.465
300.464
300.462
300.46
300.459
300.457
300.456
300.456
300.46
300.466
300.469
300.468
300.464
300.459
300.454
300.451
300.448
300.447
300.447
300.449
300.503
300.501
300.5
300.499
300.499
300.5
300.501
300.504
300.507
300.51
300.51
300.508
300.503
300.499
300.494
300.49
300.486
300.484
300.484
300.485
300.529
300.526
300.522
300.519
300.517
300.516
300.518
300.52
300.523
300.524
300.524
300.522
300.518
300.514
300.51
300.508
300.507
300.507
300.508
300.509
300.546
300.544
300.541
300.536
300.533
300.53
300.529
300.529
300.531
300.532
300.531
300.53
300.528
300.527
300.527
300.528
300.529
300.531
300.533
300.534
300.555
300.552
300.55
300.547
300.543
300.54
300.537
300.536
300.535
300.535
300.535
300.535
300.536
300.538
300.54
300.542
300.544
300.547
300.549
300.552
300.552
300.552
300.551
300.549
300.547
300.544
300.541
300.54
300.538
300.538
300.537
300.538
300.54
300.542
300.545
300.547
300.549
300.551
300.553
300.555
300.546
300.548
300.549
300.548
300.546
300.544
300.543
300.541
300.54
300.539
300.539
300.54
300.541
300.543
300.545
300.547
300.548
300.55
300.551
300.552
300.539
300.544
300.545
300.544
300.543
300.542
300.541
300.54
300.539
300.537
300.537
300.538
300.539
300.541
300.542
300.543
300.545
300.547
300.548
300.546
300.532
300.538
300.541
300.542
300.543
300.543
300.545
300.546
300.547
300.546
300.546
300.547
300.548
300.547
300.546
300.546
300.546
300.546
300.544
300.54
300.521
300.526
300.531
300.536
300.542
300.548
300.554
300.56
300.564
300.566
300.568
300.567
300.565
300.561
300.556
300.551
300.546
300.541
300.536
300.531
300.458
300.456
300.454
300.453
300.452
300.452
300.452
300.453
300.457
300.463
300.467
300.466
300.463
300.458
300.453
300.448
300.445
300.443
300.443
300.445
300.502
300.499
300.496
300.495
300.495
300.496
300.499
300.502
300.505
300.508
300.509
300.507
300.502
300.497
300.491
300.486
300.482
300.48
300.479
300.479
300.536
300.53
300.524
300.519
300.516
300.515
300.516
300.519
300.522
300.524
300.523
300.521
300.517
300.513
300.509
300.507
300.507
300.507
300.508
300.511
300.552
300.55
300.545
300.539
300.534
300.53
300.528
300.528
300.53
300.531
300.531
300.53
300.528
300.527
300.528
300.529
300.531
300.534
300.537
300.54
300.555
300.554
300.553
300.55
300.546
300.541
300.538
300.536
300.535
300.536
300.536
300.536
300.537
300.539
300.542
300.544
300.547
300.55
300.552
300.554
300.55
300.551
300.551
300.551
300.549
300.546
300.543
300.541
300.54
300.54
300.54
300.54
300.542
300.544
300.547
300.549
300.551
300.552
300.553
300.554
300.544
300.547
300.548
300.548
300.547
300.546
300.544
300.543
300.542
300.542
300.542
300.543
300.544
300.545
300.547
300.548
300.549
300.55
300.55
300.55
300.537
300.542
300.544
300.544
300.544
300.543
300.542
300.541
300.54
300.539
300.539
300.54
300.541
300.543
300.544
300.545
300.546
300.547
300.547
300.544
300.53
300.535
300.539
300.541
300.542
300.543
300.544
300.545
300.546
300.545
300.545
300.546
300.547
300.547
300.546
300.546
300.545
300.544
300.542
300.538
300.518
300.523
300.527
300.532
300.537
300.542
300.547
300.552
300.555
300.556
300.558
300.559
300.557
300.554
300.55
300.546
300.541
300.537
300.532
300.528
300.452
300.45
300.448
300.447
300.447
300.448
300.449
300.451
300.455
300.462
300.466
300.465
300.462
300.458
300.452
300.447
300.443
300.442
300.443
300.447
300.503
300.496
300.491
300.489
300.491
300.493
300.497
300.5
300.504
300.507
300.508
300.506
300.501
300.496
300.49
300.484
300.48
300.477
300.477
300.481
300.546
300.537
300.527
300.519
300.515
300.514
300.515
300.517
300.52
300.522
300.522
300.52
300.516
300.512
300.508
300.507
300.507
300.508
300.512
300.517
300.555
300.554
300.55
300.543
300.536
300.531
300.528
300.528
300.529
300.531
300.531
300.529
300.528
300.528
300.529
300.531
300.534
300.538
300.542
300.547
300.553
300.553
300.553
300.552
300.548
300.543
300.539
300.537
300.536
300.537
300.537
300.537
300.539
300.541
300.544
300.547
300.55
300.553
300.554
300.554
300.548
300.549
300.55
300.551
300.55
300.548
300.545
300.544
300.543
300.543
300.543
300.543
300.545
300.547
300.549
300.551
300.552
300.552
300.552
300.552
300.542
300.544
300.546
300.548
300.548
300.547
300.546
300.546
300.545
300.546
300.546
300.546
300.547
300.548
300.549
300.55
300.55
300.549
300.549
300.547
300.535
300.539
300.542
300.543
300.544
300.544
300.544
300.543
300.543
300.543
300.543
300.544
300.545
300.546
300.546
300.547
300.547
300.546
300.544
300.542
300.527
300.532
300.536
300.539
300.541
300.542
300.544
300.545
300.546
300.546
300.547
300.548
300.548
300.548
300.547
300.546
300.544
300.542
300.539
300.535
300.516
300.519
300.523
300.528
300.532
300.537
300.541
300.545
300.547
300.549
300.551
300.551
300.55
300.548
300.544
300.541
300.537
300.533
300.528
300.525
300.453
300.45
300.447
300.445
300.445
300.446
300.448
300.451
300.455
300.461
300.465
300.465
300.462
300.459
300.453
300.447
300.443
300.443
300.449
300.459
300.506
300.495
300.486
300.482
300.486
300.491
300.496
300.5
300.503
300.505
300.506
300.505
300.501
300.496
300.489
300.484
300.479
300.477
300.485
300.496
300.553
300.542
300.528
300.518
300.514
300.513
300.514
300.516
300.519
300.521
300.521
300.519
300.516
300.511
300.509
300.508
300.508
300.512
300.519
300.528
300.553
300.554
300.553
300.546
300.538
300.533
300.529
300.527
300.527
300.529
300.53
300.529
300.528
300.529
300.53
300.533
300.537
300.542
300.548
300.553
300.549
300.551
300.553
300.553
300.55
300.546
300.542
300.54
300.54
300.539
300.539
300.54
300.541
300.544
300.546
300.549
300.552
300.554
300.553
300.552
300.544
300.546
300.549
300.551
300.551
300.55
300.549
300.548
300.548
300.548
300.548
300.548
300.549
300.55
300.552
300.553
300.553
300.552
300.55
300.548
300.538
300.541
300.544
300.547
300.548
300.549
300.549
300.549
300.549
300.549
300.55
300.55
300.551
300.551
300.551
300.551
300.55
300.549
300.546
300.543
300.531
300.535
300.539
300.542
300.544
300.545
300.546
300.547
300.547
300.547
300.548
300.549
300.549
300.549
300.549
300.548
300.547
300.544
300.541
300.538
300.524
300.528
300.532
300.536
300.538
300.541
300.543
300.544
300.546
300.547
300.548
300.549
300.549
300.548
300.546
300.544
300.542
300.539
300.535
300.531
300.513
300.516
300.52
300.524
300.528
300.532
300.535
300.538
300.54
300.541
300.543
300.544
300.543
300.541
300.539
300.536
300.532
300.528
300.525
300.521
300.472
300.462
300.451
300.446
300.444
300.445
300.447
300.451
300.456
300.46
300.464
300.464
300.462
300.459
300.455
300.449
300.445
300.447
300.459
300.486
300.511
300.496
300.483
300.476
300.482
300.491
300.497
300.5
300.503
300.504
300.505
300.504
300.501
300.496
300.49
300.485
300.479
300.481
300.496
300.517
300.554
300.543
300.525
300.514
300.511
300.511
300.514
300.516
300.518
300.519
300.519
300.518
300.515
300.511
300.51
300.509
300.511
300.517
300.528
300.544
300.55
300.553
300.554
300.547
300.539
300.533
300.529
300.527
300.526
300.528
300.529
300.529
300.529
300.53
300.531
300.534
300.54
300.547
300.553
300.553
300.545
300.549
300.552
300.554
300.553
300.55
300.547
300.546
300.546
300.546
300.544
300.545
300.546
300.548
300.55
300.552
300.554
300.554
300.552
300.549
300.54
300.544
300.548
300.55
300.552
300.552
300.553
300.553
300.554
300.554
300.554
300.554
300.554
300.555
300.555
300.555
300.554
300.552
300.548
300.544
300.534
300.538
300.542
300.545
300.547
300.548
300.55
300.551
300.551
300.552
300.553
300.554
300.554
300.553
300.553
300.552
300.55
300.547
300.543
300.539
300.528
300.532
300.536
300.538
300.541
300.543
300.544
300.546
300.547
300.547
300.549
300.55
300.55
300.549
300.548
300.546
300.544
300.542
300.538
300.533
300.52
300.524
300.528
300.531
300.534
300.536
300.538
300.54
300.541
300.542
300.544
300.544
300.544
300.543
300.542
300.54
300.538
300.535
300.531
300.527
300.51
300.513
300.517
300.52
300.523
300.527
300.529
300.532
300.533
300.534
300.536
300.537
300.537
300.535
300.533
300.531
300.528
300.525
300.521
300.518
)
;

boundaryField
{
    floor
    {
        type            fixedValue;
        value           nonuniform List<scalar> 
400
(
300
300
300
300
300
300
300
300
300
300
300
300
300
300
300
300
300
300
300
300
300
300
300
300
300
300
300
300
300
300
300
300
300
300
300
300
300
300
300
300
300
300
300
300
300
300
300
300
300
300
300
300
300
300
300
300
300
300
300
300
300
300
300
300
300
300
300
300
300
300
300
300
300
300
300
300
300
300
300
300
300
300
300
300
300
300
300
300
300
300
300
300
300
300
300
300
300
300
300
300
300
300
300
300
300
300
300
300
300
300
300
300
300
300
300
300
300
300
300
300
300
300
300
300
300
300
300
300
300
300
300
300
300
300
300
300
300
300
300
300
300
300
300
300
300
300
300
300
300
300
300
300
300
300
300
300
300
300
300
300
300
300
300
300
300
300
300
300
300
300
300
300
300
300
300
300
300
300
300
300
300
300
300
300
300
300
300
300
300
600
600
300
300
300
300
300
300
300
300
300
300
300
300
300
300
300
300
300
300
600
600
300
300
300
300
300
300
300
300
300
300
300
300
300
300
300
300
300
300
300
300
300
300
300
300
300
300
300
300
300
300
300
300
300
300
300
300
300
300
300
300
300
300
300
300
300
300
300
300
300
300
300
300
300
300
300
300
300
300
300
300
300
300
300
300
300
300
300
300
300
300
300
300
300
300
300
300
300
300
300
300
300
300
300
300
300
300
300
300
300
300
300
300
300
300
300
300
300
300
300
300
300
300
300
300
300
300
300
300
300
300
300
300
300
300
300
300
300
300
300
300
300
300
300
300
300
300
300
300
300
300
300
300
300
300
300
300
300
300
300
300
300
300
300
300
300
300
300
300
300
300
300
300
300
300
300
300
300
300
300
300
300
300
300
300
300
300
300
300
300
300
300
300
300
300
300
300
300
300
300
300
300
300
300
300
300
300
300
300
300
)
;
    }
    ceiling
    {
        type            fixedValue;
        value           uniform 300;
    }
    fixedWalls
    {
        type            zeroGradient;
    }
}


// ************************************************************************* //
