/*--------------------------------*- C++ -*----------------------------------*\
  =========                 |
  \\      /  F ield         | OpenFOAM: The Open Source CFD Toolbox
   \\    /   O peration     | Website:  https://openfoam.org
    \\  /    A nd           | Version:  9
     \\/     M anipulation  |
\*---------------------------------------------------------------------------*/
FoamFile
{
    format      ascii;
    class       volScalarField;
    location    "1900";
    object      T;
}
// * * * * * * * * * * * * * * * * * * * * * * * * * * * * * * * * * * * * * //

dimensions      [0 0 0 1 0 0 0];

internalField   nonuniform List<scalar> 
4000
(
300.541
300.532
300.503
300.467
300.463
300.472
300.477
300.476
300.475
300.475
300.475
300.475
300.477
300.478
300.472
300.465
300.461
300.497
300.53
300.54
300.546
300.547
300.544
300.537
300.528
300.523
300.52
300.521
300.521
300.521
300.521
300.522
300.521
300.519
300.523
300.528
300.536
300.541
300.547
300.546
300.542
300.545
300.547
300.547
300.544
300.537
300.532
300.532
300.533
300.533
300.533
300.533
300.532
300.533
300.537
300.544
300.547
300.547
300.545
300.542
300.537
300.541
300.544
300.545
300.545
300.541
300.538
300.537
300.536
300.535
300.535
300.535
300.536
300.538
300.541
300.545
300.545
300.544
300.541
300.538
300.532
300.536
300.54
300.541
300.542
300.542
300.542
300.542
300.542
300.542
300.542
300.542
300.542
300.543
300.543
300.543
300.542
300.54
300.537
300.533
300.527
300.531
300.535
300.537
300.538
300.539
300.54
300.54
300.54
300.54
300.54
300.54
300.54
300.54
300.539
300.539
300.537
300.535
300.532
300.528
300.522
300.526
300.529
300.532
300.533
300.535
300.535
300.536
300.536
300.536
300.536
300.536
300.536
300.536
300.535
300.534
300.532
300.53
300.526
300.522
300.516
300.52
300.523
300.526
300.528
300.53
300.531
300.531
300.532
300.531
300.532
300.532
300.532
300.531
300.53
300.528
300.526
300.524
300.52
300.517
300.51
300.513
300.517
300.52
300.522
300.524
300.525
300.526
300.526
300.526
300.526
300.527
300.526
300.525
300.524
300.522
300.52
300.517
300.514
300.51
300.502
300.504
300.507
300.51
300.513
300.515
300.517
300.518
300.519
300.518
300.518
300.519
300.518
300.517
300.515
300.513
300.51
300.508
300.505
300.502
300.532
300.516
300.489
300.464
300.461
300.47
300.477
300.478
300.477
300.477
300.476
300.476
300.478
300.479
300.472
300.464
300.46
300.483
300.513
300.53
300.547
300.546
300.54
300.534
300.529
300.524
300.52
300.52
300.522
300.522
300.522
300.522
300.52
300.519
300.523
300.528
300.534
300.537
300.543
300.547
300.545
300.545
300.547
300.547
300.543
300.536
300.532
300.532
300.532
300.532
300.532
300.532
300.532
300.533
300.537
300.543
300.547
300.547
300.546
300.545
300.541
300.542
300.544
300.545
300.544
300.54
300.536
300.535
300.534
300.534
300.534
300.534
300.535
300.537
300.54
300.544
300.545
300.544
300.542
300.541
300.536
300.538
300.54
300.542
300.542
300.54
300.539
300.538
300.537
300.537
300.537
300.538
300.538
300.539
300.541
300.542
300.542
300.541
300.538
300.537
300.531
300.533
300.536
300.538
300.538
300.538
300.538
300.537
300.537
300.537
300.537
300.537
300.538
300.538
300.539
300.539
300.538
300.536
300.534
300.532
300.526
300.528
300.532
300.534
300.535
300.535
300.535
300.535
300.535
300.535
300.535
300.536
300.536
300.536
300.535
300.535
300.534
300.532
300.529
300.526
300.52
300.524
300.527
300.53
300.531
300.532
300.532
300.532
300.532
300.532
300.532
300.532
300.533
300.532
300.532
300.531
300.53
300.527
300.524
300.52
300.513
300.517
300.521
300.524
300.526
300.528
300.53
300.531
300.531
300.531
300.531
300.531
300.531
300.53
300.528
300.527
300.524
300.521
300.518
300.514
300.504
300.507
300.51
300.513
300.516
300.519
300.522
300.523
300.524
300.524
300.524
300.525
300.524
300.522
300.519
300.517
300.514
300.51
300.507
300.505
300.503
300.489
300.47
300.46
300.461
300.469
300.478
300.479
300.478
300.477
300.477
300.477
300.48
300.48
300.473
300.464
300.459
300.466
300.485
300.501
300.544
300.54
300.536
300.531
300.527
300.523
300.52
300.52
300.522
300.522
300.522
300.522
300.52
300.518
300.522
300.526
300.53
300.533
300.535
300.54
300.547
300.547
300.547
300.546
300.541
300.535
300.532
300.531
300.532
300.532
300.532
300.532
300.531
300.532
300.536
300.541
300.546
300.547
300.547
300.547
300.544
300.544
300.545
300.545
300.543
300.539
300.535
300.534
300.534
300.534
300.534
300.534
300.534
300.536
300.539
300.544
300.545
300.545
300.544
300.544
300.54
300.54
300.541
300.542
300.541
300.539
300.536
300.535
300.535
300.534
300.534
300.535
300.535
300.537
300.54
300.542
300.542
300.542
300.541
300.54
300.535
300.536
300.537
300.538
300.538
300.537
300.535
300.534
300.534
300.533
300.534
300.534
300.535
300.536
300.537
300.539
300.539
300.538
300.537
300.535
300.529
300.532
300.533
300.534
300.535
300.534
300.533
300.533
300.533
300.532
300.533
300.533
300.533
300.534
300.534
300.535
300.535
300.534
300.532
300.53
300.523
300.527
300.529
300.53
300.53
300.53
300.53
300.529
300.529
300.529
300.529
300.529
300.53
300.53
300.53
300.531
300.53
300.53
300.527
300.524
300.517
300.521
300.525
300.527
300.529
300.53
300.531
300.531
300.532
300.531
300.531
300.532
300.532
300.531
300.53
300.529
300.527
300.525
300.521
300.517
300.507
300.51
300.514
300.517
300.52
300.524
300.526
300.529
300.53
300.53
300.53
300.53
300.529
300.527
300.524
300.521
300.517
300.514
300.51
300.508
300.467
300.464
300.46
300.46
300.464
300.473
300.48
300.48
300.478
300.477
300.477
300.478
300.48
300.481
300.476
300.467
300.461
300.459
300.46
300.461
300.537
300.534
300.531
300.528
300.525
300.521
300.519
300.52
300.522
300.522
300.522
300.522
300.52
300.518
300.52
300.523
300.527
300.529
300.531
300.533
300.547
300.547
300.546
300.543
300.538
300.533
300.531
300.531
300.532
300.532
300.532
300.532
300.531
300.532
300.534
300.538
300.543
300.546
300.547
300.547
300.545
300.545
300.545
300.544
300.541
300.538
300.535
300.534
300.534
300.535
300.535
300.534
300.534
300.535
300.538
300.542
300.545
300.545
300.545
300.546
300.541
300.542
300.542
300.542
300.541
300.538
300.535
300.534
300.534
300.534
300.534
300.534
300.534
300.536
300.538
300.541
300.542
300.542
300.542
300.542
300.537
300.538
300.538
300.538
300.538
300.536
300.534
300.533
300.532
300.532
300.532
300.532
300.533
300.534
300.536
300.538
300.539
300.539
300.538
300.537
300.532
300.534
300.534
300.534
300.534
300.533
300.532
300.531
300.531
300.531
300.531
300.531
300.531
300.532
300.534
300.534
300.535
300.535
300.534
300.532
300.526
300.53
300.53
300.53
300.53
300.529
300.529
300.528
300.528
300.527
300.527
300.528
300.528
300.529
300.53
300.53
300.53
300.53
300.53
300.527
300.52
300.524
300.527
300.528
300.529
300.529
300.53
300.531
300.531
300.531
300.531
300.532
300.531
300.53
300.53
300.529
300.529
300.527
300.524
300.52
300.51
300.513
300.517
300.521
300.525
300.528
300.532
300.535
300.537
300.537
300.537
300.537
300.535
300.532
300.528
300.525
300.521
300.517
300.514
300.51
300.463
300.461
300.461
300.464
300.471
300.478
300.481
300.48
300.478
300.478
300.477
300.478
300.481
300.482
300.479
300.473
300.466
300.462
300.462
300.464
300.528
300.529
300.527
300.525
300.522
300.519
300.519
300.521
300.522
300.522
300.522
300.522
300.521
300.518
300.518
300.52
300.523
300.525
300.526
300.526
300.544
300.543
300.541
300.538
300.534
300.531
300.531
300.531
300.532
300.533
300.533
300.532
300.531
300.531
300.532
300.534
300.538
300.541
300.543
300.544
300.545
300.544
300.543
300.541
300.539
300.536
300.534
300.533
300.534
300.535
300.535
300.534
300.534
300.534
300.536
300.539
300.542
300.544
300.544
300.545
300.542
300.542
300.541
300.541
300.539
300.536
300.534
300.533
300.533
300.534
300.534
300.534
300.534
300.535
300.537
300.539
300.541
300.542
300.542
300.543
300.538
300.538
300.538
300.538
300.537
300.535
300.533
300.532
300.531
300.532
300.532
300.532
300.532
300.534
300.535
300.537
300.538
300.539
300.539
300.539
300.533
300.535
300.535
300.534
300.533
300.532
300.531
300.53
300.53
300.53
300.53
300.53
300.531
300.531
300.533
300.534
300.535
300.535
300.535
300.534
300.528
300.531
300.53
300.53
300.529
300.529
300.528
300.527
300.527
300.526
300.526
300.527
300.528
300.528
300.529
300.53
300.53
300.531
300.531
300.528
300.522
300.526
300.529
300.529
300.529
300.53
300.531
300.532
300.532
300.531
300.531
300.533
300.532
300.531
300.53
300.529
300.529
300.529
300.527
300.522
300.513
300.516
300.52
300.525
300.529
300.533
300.537
300.541
300.544
300.544
300.545
300.544
300.541
300.538
300.533
300.529
300.525
300.521
300.517
300.513
300.472
300.47
300.469
300.473
300.478
300.481
300.482
300.48
300.478
300.478
300.478
300.479
300.481
300.482
300.482
300.479
300.475
300.471
300.47
300.47
300.523
300.524
300.523
300.521
300.519
300.519
300.52
300.522
300.523
300.522
300.523
300.523
300.522
300.52
300.518
300.518
300.519
300.521
300.522
300.521
300.537
300.536
300.535
300.533
300.531
300.531
300.531
300.532
300.533
300.533
300.533
300.533
300.532
300.531
300.531
300.532
300.534
300.535
300.537
300.537
300.541
300.54
300.539
300.538
300.536
300.534
300.533
300.534
300.534
300.535
300.535
300.534
300.534
300.534
300.535
300.536
300.538
300.539
300.54
300.541
300.542
300.54
300.539
300.538
300.536
300.535
300.534
300.533
300.533
300.534
300.534
300.534
300.533
300.534
300.535
300.537
300.538
300.539
300.541
300.543
300.539
300.538
300.537
300.536
300.535
300.534
300.532
300.531
300.531
300.531
300.531
300.531
300.532
300.533
300.534
300.535
300.536
300.537
300.539
300.54
300.535
300.535
300.534
300.533
300.532
300.531
300.53
300.53
300.529
300.53
300.53
300.53
300.53
300.531
300.532
300.533
300.534
300.535
300.535
300.535
300.53
300.532
300.53
300.529
300.529
300.528
300.528
300.527
300.527
300.526
300.526
300.527
300.527
300.528
300.529
300.529
300.53
300.531
300.532
300.53
300.524
300.528
300.53
300.529
300.53
300.531
300.532
300.534
300.534
300.533
300.533
300.534
300.534
300.532
300.531
300.53
300.53
300.53
300.528
300.524
300.515
300.519
300.524
300.528
300.533
300.538
300.543
300.548
300.552
300.554
300.554
300.552
300.549
300.544
300.539
300.533
300.528
300.524
300.519
300.515
300.477
300.477
300.478
300.48
300.481
300.482
300.481
300.48
300.479
300.479
300.479
300.479
300.481
300.482
300.482
300.481
300.48
300.478
300.477
300.476
300.52
300.52
300.52
300.519
300.519
300.52
300.521
300.523
300.523
300.523
300.523
300.523
300.523
300.522
300.52
300.518
300.518
300.518
300.519
300.519
300.532
300.532
300.532
300.531
300.531
300.531
300.531
300.532
300.533
300.533
300.533
300.533
300.532
300.531
300.531
300.531
300.531
300.532
300.532
300.532
300.538
300.536
300.535
300.535
300.534
300.533
300.533
300.534
300.535
300.536
300.536
300.535
300.534
300.534
300.534
300.534
300.535
300.536
300.536
300.538
300.542
300.539
300.536
300.535
300.534
300.534
300.533
300.533
300.534
300.535
300.535
300.534
300.533
300.533
300.534
300.535
300.536
300.537
300.539
300.543
300.54
300.538
300.535
300.534
300.533
300.532
300.531
300.531
300.531
300.531
300.531
300.531
300.531
300.532
300.533
300.534
300.534
300.536
300.538
300.54
300.535
300.535
300.533
300.532
300.531
300.53
300.53
300.529
300.529
300.529
300.529
300.529
300.53
300.53
300.531
300.531
300.532
300.534
300.536
300.536
300.531
300.532
300.53
300.529
300.528
300.528
300.527
300.527
300.526
300.526
300.526
300.526
300.527
300.528
300.528
300.528
300.529
300.53
300.532
300.531
300.525
300.53
300.531
300.53
300.531
300.532
300.534
300.536
300.536
300.536
300.536
300.537
300.536
300.534
300.532
300.531
300.53
300.531
300.53
300.525
300.517
300.522
300.526
300.532
300.537
300.543
300.55
300.556
300.562
300.565
300.566
300.562
300.557
300.55
300.544
300.538
300.532
300.527
300.522
300.517
300.476
300.478
300.479
300.48
300.48
300.48
300.48
300.48
300.48
300.481
300.482
300.481
300.481
300.481
300.48
300.48
300.479
300.478
300.477
300.475
300.521
300.52
300.52
300.52
300.521
300.522
300.523
300.523
300.523
300.524
300.524
300.524
300.524
300.523
300.522
300.521
300.52
300.52
300.52
300.521
300.532
300.532
300.531
300.531
300.531
300.532
300.532
300.533
300.533
300.534
300.534
300.534
300.533
300.532
300.532
300.531
300.531
300.531
300.532
300.532
300.537
300.535
300.534
300.534
300.533
300.534
300.534
300.535
300.535
300.536
300.536
300.535
300.535
300.534
300.534
300.534
300.534
300.534
300.534
300.536
300.542
300.538
300.535
300.534
300.533
300.533
300.533
300.533
300.534
300.535
300.535
300.534
300.533
300.533
300.533
300.534
300.534
300.535
300.538
300.542
300.54
300.537
300.534
300.533
300.532
300.531
300.531
300.531
300.531
300.532
300.532
300.531
300.531
300.531
300.532
300.532
300.533
300.535
300.538
300.54
300.536
300.535
300.533
300.531
300.53
300.53
300.529
300.529
300.529
300.53
300.53
300.529
300.529
300.53
300.53
300.531
300.532
300.533
300.536
300.536
300.531
300.532
300.529
300.528
300.527
300.527
300.527
300.526
300.526
300.527
300.527
300.526
300.527
300.527
300.527
300.528
300.528
300.53
300.533
300.532
300.526
300.531
300.531
300.531
300.532
300.534
300.536
300.538
300.541
300.547
300.547
300.541
300.538
300.536
300.534
300.532
300.531
300.532
300.531
300.526
300.518
300.523
300.529
300.535
300.541
300.548
300.556
300.565
300.573
300.581
300.582
300.574
300.565
300.557
300.549
300.541
300.535
300.529
300.524
300.518
300.475
300.477
300.478
300.478
300.478
300.478
300.479
300.48
300.481
300.485
300.486
300.482
300.481
300.479
300.478
300.478
300.477
300.476
300.474
300.473
300.521
300.522
300.522
300.522
300.522
300.523
300.523
300.523
300.524
300.532
300.532
300.524
300.524
300.523
300.523
300.522
300.522
300.522
300.521
300.521
300.533
300.532
300.532
300.532
300.532
300.533
300.533
300.533
300.534
300.54
300.54
300.534
300.534
300.533
300.533
300.532
300.532
300.532
300.532
300.533
300.536
300.534
300.534
300.534
300.534
300.534
300.535
300.535
300.536
300.544
300.544
300.536
300.535
300.535
300.534
300.534
300.534
300.533
300.533
300.535
300.542
300.537
300.535
300.534
300.533
300.533
300.534
300.534
300.535
300.545
300.545
300.535
300.534
300.534
300.534
300.534
300.534
300.535
300.538
300.542
300.54
300.537
300.534
300.532
300.531
300.531
300.531
300.531
300.532
300.545
300.545
300.532
300.531
300.531
300.531
300.532
300.532
300.534
300.537
300.54
300.536
300.535
300.533
300.531
300.53
300.529
300.529
300.529
300.53
300.543
300.543
300.53
300.529
300.529
300.53
300.53
300.531
300.533
300.536
300.537
300.532
300.532
300.529
300.528
300.527
300.527
300.526
300.526
300.528
300.546
300.546
300.528
300.526
300.526
300.527
300.527
300.528
300.529
300.533
300.532
300.526
300.531
300.532
300.531
300.532
300.534
300.536
300.541
300.55
300.575
300.575
300.55
300.541
300.537
300.534
300.533
300.532
300.532
300.531
300.527
300.519
300.524
300.53
300.537
300.544
300.552
300.562
300.573
300.588
300.606
300.607
300.589
300.574
300.562
300.552
300.544
300.537
300.53
300.525
300.519
300.475
300.477
300.477
300.477
300.478
300.478
300.479
300.481
300.485
300.932
300.933
300.486
300.482
300.479
300.477
300.476
300.476
300.475
300.474
300.473
300.521
300.522
300.522
300.522
300.522
300.522
300.523
300.524
300.532
300.819
300.822
300.532
300.524
300.523
300.522
300.522
300.522
300.522
300.521
300.521
300.533
300.532
300.532
300.532
300.533
300.533
300.533
300.534
300.54
300.764
300.767
300.54
300.534
300.533
300.533
300.533
300.532
300.532
300.532
300.533
300.535
300.534
300.534
300.535
300.535
300.535
300.536
300.536
300.544
300.73
300.733
300.544
300.536
300.536
300.535
300.535
300.535
300.534
300.534
300.534
300.542
300.537
300.534
300.534
300.534
300.534
300.535
300.535
300.545
300.706
300.709
300.546
300.535
300.535
300.535
300.534
300.534
300.535
300.537
300.542
300.54
300.537
300.533
300.532
300.532
300.531
300.531
300.532
300.545
300.687
300.691
300.545
300.532
300.531
300.531
300.532
300.532
300.534
300.537
300.54
300.536
300.535
300.532
300.531
300.53
300.53
300.529
300.53
300.543
300.672
300.676
300.543
300.53
300.529
300.53
300.53
300.531
300.533
300.536
300.536
300.531
300.532
300.529
300.527
300.526
300.526
300.526
300.527
300.546
300.664
300.667
300.546
300.527
300.526
300.526
300.527
300.527
300.529
300.532
300.532
300.526
300.531
300.531
300.531
300.531
300.533
300.536
300.547
300.575
300.657
300.659
300.575
300.547
300.536
300.533
300.531
300.531
300.531
300.531
300.526
300.518
300.524
300.53
300.537
300.544
300.554
300.565
300.581
300.606
300.647
300.649
300.607
300.582
300.566
300.554
300.545
300.537
300.53
300.524
300.518
300.475
300.476
300.477
300.477
300.477
300.478
300.479
300.482
300.486
300.933
300.932
300.486
300.481
300.479
300.477
300.476
300.475
300.475
300.474
300.474
300.521
300.522
300.522
300.522
300.522
300.523
300.523
300.524
300.532
300.822
300.823
300.532
300.524
300.523
300.523
300.522
300.522
300.522
300.521
300.521
300.533
300.532
300.532
300.532
300.533
300.533
300.533
300.534
300.54
300.767
300.769
300.541
300.534
300.534
300.533
300.533
300.533
300.532
300.532
300.533
300.535
300.534
300.534
300.535
300.535
300.535
300.536
300.536
300.544
300.733
300.736
300.544
300.536
300.536
300.535
300.535
300.535
300.534
300.534
300.534
300.542
300.537
300.534
300.534
300.534
300.534
300.535
300.535
300.545
300.709
300.712
300.546
300.535
300.535
300.535
300.535
300.534
300.535
300.537
300.542
300.54
300.537
300.534
300.532
300.532
300.531
300.531
300.532
300.545
300.691
300.693
300.545
300.532
300.531
300.532
300.532
300.532
300.534
300.537
300.54
300.536
300.535
300.533
300.531
300.53
300.53
300.529
300.53
300.543
300.676
300.678
300.543
300.53
300.529
300.53
300.53
300.531
300.533
300.536
300.537
300.532
300.532
300.529
300.527
300.526
300.526
300.526
300.527
300.546
300.667
300.669
300.546
300.527
300.526
300.526
300.527
300.528
300.529
300.532
300.532
300.526
300.531
300.531
300.531
300.531
300.533
300.536
300.547
300.575
300.659
300.661
300.576
300.547
300.537
300.533
300.532
300.531
300.531
300.531
300.526
300.518
300.524
300.53
300.537
300.545
300.554
300.566
300.582
300.607
300.649
300.651
300.608
300.583
300.566
300.554
300.545
300.537
300.53
300.524
300.518
300.475
300.476
300.477
300.478
300.478
300.479
300.479
300.481
300.482
300.486
300.486
300.482
300.48
300.479
300.478
300.477
300.476
300.475
300.474
300.474
300.522
300.522
300.522
300.522
300.522
300.523
300.523
300.524
300.524
300.532
300.532
300.525
300.524
300.523
300.523
300.523
300.522
300.522
300.522
300.521
300.533
300.532
300.532
300.532
300.532
300.533
300.533
300.534
300.534
300.54
300.541
300.534
300.534
300.533
300.533
300.532
300.532
300.532
300.532
300.533
300.535
300.534
300.534
300.534
300.534
300.534
300.535
300.535
300.536
300.544
300.544
300.536
300.536
300.535
300.535
300.534
300.534
300.534
300.533
300.534
300.542
300.538
300.535
300.534
300.534
300.534
300.534
300.534
300.535
300.546
300.546
300.535
300.534
300.534
300.534
300.534
300.534
300.535
300.538
300.542
300.54
300.537
300.534
300.532
300.532
300.531
300.531
300.531
300.532
300.545
300.545
300.533
300.531
300.531
300.532
300.532
300.533
300.534
300.538
300.541
300.536
300.536
300.533
300.531
300.53
300.53
300.529
300.529
300.53
300.543
300.543
300.53
300.529
300.53
300.53
300.531
300.531
300.533
300.536
300.537
300.532
300.532
300.529
300.528
300.527
300.527
300.526
300.526
300.528
300.546
300.546
300.529
300.526
300.527
300.527
300.527
300.528
300.53
300.533
300.532
300.527
300.531
300.532
300.532
300.533
300.534
300.537
300.541
300.55
300.575
300.576
300.551
300.541
300.537
300.534
300.533
300.532
300.532
300.532
300.527
300.519
300.525
300.53
300.537
300.544
300.552
300.562
300.574
300.589
300.607
300.608
300.589
300.575
300.563
300.553
300.544
300.537
300.531
300.525
300.519
300.477
300.478
300.48
300.48
300.481
300.481
300.481
300.481
300.481
300.482
300.481
300.48
300.48
300.48
300.48
300.479
300.478
300.478
300.476
300.475
300.521
300.52
300.52
300.52
300.521
300.522
300.523
300.524
300.524
300.524
300.524
300.524
300.524
300.523
300.522
300.521
300.52
300.52
300.52
300.521
300.532
300.532
300.531
300.531
300.531
300.532
300.532
300.533
300.534
300.534
300.534
300.534
300.533
300.532
300.532
300.531
300.531
300.531
300.532
300.532
300.536
300.535
300.534
300.534
300.534
300.534
300.534
300.535
300.535
300.536
300.536
300.536
300.535
300.534
300.534
300.534
300.534
300.534
300.534
300.535
300.542
300.538
300.535
300.534
300.534
300.533
300.533
300.533
300.534
300.535
300.535
300.534
300.534
300.534
300.534
300.534
300.535
300.536
300.538
300.542
300.54
300.538
300.535
300.533
300.532
300.532
300.531
300.531
300.531
300.532
300.532
300.531
300.531
300.532
300.532
300.533
300.533
300.535
300.538
300.541
300.536
300.536
300.533
300.531
300.531
300.53
300.53
300.529
300.529
300.53
300.53
300.529
300.53
300.53
300.53
300.531
300.532
300.534
300.536
300.537
300.532
300.533
300.53
300.528
300.528
300.527
300.527
300.527
300.526
300.527
300.527
300.526
300.527
300.527
300.528
300.528
300.529
300.53
300.533
300.532
300.526
300.531
300.532
300.531
300.532
300.534
300.536
300.538
300.541
300.547
300.547
300.541
300.538
300.536
300.534
300.532
300.531
300.532
300.531
300.526
300.518
300.524
300.529
300.535
300.541
300.549
300.557
300.565
300.574
300.582
300.583
300.575
300.566
300.557
300.549
300.542
300.535
300.529
300.524
300.518
300.478
300.479
300.48
300.481
300.482
300.482
300.482
300.481
300.479
300.479
300.479
300.479
300.48
300.481
300.481
300.48
300.479
300.477
300.476
300.476
300.519
300.519
300.518
300.518
300.518
300.52
300.522
300.523
300.523
300.523
300.523
300.523
300.523
300.522
300.52
300.518
300.518
300.518
300.519
300.519
300.533
300.533
300.532
300.532
300.531
300.531
300.531
300.532
300.533
300.533
300.534
300.533
300.532
300.531
300.531
300.531
300.532
300.532
300.533
300.533
300.538
300.537
300.536
300.535
300.534
300.534
300.534
300.534
300.535
300.536
300.536
300.535
300.534
300.534
300.534
300.534
300.535
300.536
300.536
300.537
300.543
300.539
300.537
300.536
300.535
300.534
300.533
300.533
300.534
300.535
300.535
300.534
300.534
300.534
300.534
300.535
300.536
300.537
300.539
300.543
300.54
300.538
300.536
300.534
300.534
300.533
300.532
300.531
300.531
300.531
300.531
300.531
300.532
300.532
300.533
300.534
300.535
300.536
300.538
300.54
300.536
300.536
300.534
300.532
300.531
300.531
300.53
300.53
300.529
300.529
300.529
300.53
300.53
300.53
300.531
300.532
300.533
300.534
300.536
300.536
300.531
300.532
300.53
300.529
300.528
300.528
300.528
300.527
300.526
300.526
300.526
300.527
300.527
300.528
300.528
300.529
300.529
300.53
300.533
300.531
300.525
300.53
300.531
300.53
300.531
300.532
300.534
300.536
300.537
300.536
300.537
300.537
300.536
300.535
300.533
300.531
300.531
300.531
300.53
300.525
300.517
300.522
300.527
300.532
300.538
300.544
300.55
300.557
300.562
300.566
300.566
300.563
300.557
300.55
300.544
300.538
300.532
300.527
300.522
300.517
300.472
300.472
300.473
300.476
300.479
300.482
300.482
300.48
300.478
300.477
300.477
300.478
300.48
300.481
300.48
300.477
300.473
300.471
300.47
300.47
300.523
300.523
300.522
300.52
300.518
300.518
300.52
300.522
300.523
300.522
300.523
300.523
300.522
300.52
300.518
300.518
300.519
300.52
300.521
300.521
300.537
300.537
300.536
300.534
300.532
300.531
300.531
300.532
300.533
300.533
300.533
300.533
300.532
300.531
300.531
300.532
300.534
300.536
300.537
300.537
300.541
300.54
300.539
300.538
300.536
300.535
300.534
300.534
300.534
300.535
300.535
300.535
300.534
300.534
300.535
300.537
300.538
300.54
300.54
300.541
300.543
300.541
300.54
300.538
300.537
300.535
300.534
300.533
300.534
300.535
300.535
300.534
300.534
300.534
300.536
300.537
300.539
300.54
300.541
300.543
300.539
300.539
300.537
300.536
300.535
300.534
300.533
300.532
300.531
300.531
300.532
300.532
300.532
300.533
300.534
300.536
300.537
300.538
300.539
300.54
300.535
300.535
300.534
300.534
300.533
300.532
300.531
300.53
300.53
300.53
300.53
300.53
300.53
300.531
300.532
300.533
300.534
300.535
300.536
300.535
300.53
300.532
300.53
300.53
300.529
300.529
300.528
300.527
300.527
300.526
300.526
300.527
300.528
300.528
300.529
300.53
300.53
300.531
300.532
300.53
300.524
300.528
300.53
300.53
300.53
300.531
300.532
300.534
300.534
300.533
300.533
300.534
300.534
300.533
300.531
300.53
300.53
300.53
300.529
300.524
300.515
300.519
300.524
300.528
300.533
300.539
300.544
300.549
300.552
300.554
300.554
300.553
300.549
300.544
300.539
300.533
300.529
300.524
300.519
300.515
300.465
300.464
300.464
300.467
300.473
300.479
300.481
300.48
300.478
300.476
300.476
300.477
300.479
300.48
300.477
300.471
300.466
300.462
300.461
300.463
300.528
300.528
300.526
300.523
300.52
300.518
300.518
300.521
300.522
300.522
300.522
300.523
300.521
300.518
300.518
300.519
300.522
300.524
300.525
300.525
300.544
300.543
300.541
300.538
300.534
300.532
300.531
300.531
300.532
300.533
300.533
300.532
300.531
300.531
300.532
300.535
300.538
300.541
300.543
300.544
300.545
300.544
300.544
300.542
300.539
300.536
300.534
300.534
300.534
300.535
300.535
300.534
300.534
300.534
300.537
300.539
300.542
300.544
300.545
300.545
300.543
300.542
300.542
300.541
300.539
300.537
300.535
300.534
300.534
300.534
300.535
300.534
300.534
300.535
300.537
300.54
300.541
300.542
300.543
300.543
300.539
300.539
300.539
300.538
300.537
300.535
300.534
300.532
300.532
300.532
300.532
300.532
300.533
300.534
300.536
300.537
300.538
300.539
300.539
300.539
300.534
300.535
300.535
300.534
300.534
300.533
300.531
300.531
300.53
300.53
300.53
300.531
300.531
300.532
300.533
300.534
300.535
300.535
300.535
300.534
300.528
300.531
300.531
300.53
300.53
300.529
300.528
300.528
300.527
300.527
300.527
300.527
300.528
300.529
300.53
300.53
300.53
300.531
300.532
300.529
300.522
300.527
300.529
300.529
300.529
300.53
300.531
300.532
300.533
300.531
300.532
300.533
300.532
300.531
300.53
300.53
300.529
300.529
300.527
300.522
300.513
300.517
300.521
300.525
300.529
300.533
300.538
300.541
300.544
300.545
300.545
300.544
300.542
300.538
300.533
300.529
300.525
300.521
300.517
300.513
300.461
300.46
300.459
300.461
300.466
300.475
300.48
300.479
300.477
300.476
300.475
300.476
300.478
300.479
300.473
300.466
300.459
300.456
300.457
300.458
300.536
300.534
300.53
300.527
300.523
300.519
300.518
300.52
300.522
300.522
300.522
300.522
300.52
300.518
300.519
300.522
300.525
300.527
300.529
300.532
300.547
300.547
300.546
300.543
300.538
300.534
300.531
300.531
300.532
300.532
300.533
300.532
300.531
300.532
300.534
300.538
300.543
300.546
300.547
300.548
300.545
300.545
300.545
300.545
300.542
300.538
300.535
300.534
300.534
300.535
300.535
300.534
300.534
300.535
300.538
300.542
300.545
300.546
300.546
300.546
300.542
300.542
300.542
300.542
300.541
300.538
300.536
300.534
300.534
300.534
300.534
300.534
300.535
300.536
300.539
300.541
300.543
300.543
300.543
300.542
300.537
300.538
300.539
300.539
300.538
300.536
300.534
300.533
300.532
300.532
300.532
300.533
300.533
300.535
300.537
300.538
300.539
300.539
300.539
300.538
300.532
300.534
300.535
300.535
300.535
300.534
300.532
300.532
300.531
300.531
300.531
300.531
300.532
300.533
300.534
300.535
300.535
300.535
300.535
300.533
300.526
300.53
300.53
300.53
300.53
300.53
300.529
300.528
300.528
300.527
300.528
300.528
300.529
300.529
300.53
300.53
300.531
300.531
300.53
300.527
300.52
300.524
300.527
300.529
300.529
300.53
300.53
300.531
300.532
300.531
300.531
300.532
300.531
300.531
300.53
300.529
300.529
300.528
300.525
300.52
300.51
300.514
300.517
300.521
300.525
300.528
300.532
300.535
300.537
300.537
300.537
300.537
300.535
300.532
300.529
300.525
300.521
300.517
300.514
300.51
300.497
300.483
300.466
300.459
300.462
300.471
300.478
300.478
300.476
300.475
300.475
300.475
300.478
300.477
300.471
300.462
300.456
300.46
300.487
300.502
300.541
300.537
300.533
300.529
300.525
300.521
300.518
300.52
300.522
300.522
300.522
300.522
300.52
300.518
300.52
300.524
300.527
300.529
300.531
300.538
300.547
300.547
300.547
300.546
300.541
300.535
300.532
300.531
300.532
300.532
300.532
300.532
300.531
300.532
300.536
300.541
300.546
300.547
300.547
300.547
300.544
300.544
300.545
300.545
300.544
300.539
300.536
300.534
300.533
300.534
300.534
300.534
300.534
300.536
300.54
300.544
300.546
300.545
300.545
300.545
300.54
300.541
300.542
300.542
300.542
300.539
300.537
300.535
300.535
300.535
300.535
300.535
300.536
300.537
300.54
300.542
300.543
300.542
300.541
300.541
300.535
300.536
300.538
300.539
300.539
300.537
300.536
300.535
300.534
300.534
300.534
300.534
300.535
300.536
300.538
300.539
300.539
300.538
300.537
300.536
300.53
300.532
300.534
300.535
300.535
300.535
300.534
300.533
300.533
300.533
300.533
300.533
300.534
300.534
300.535
300.535
300.535
300.534
300.533
300.53
300.524
300.527
300.53
300.53
300.531
300.531
300.53
300.53
300.529
300.529
300.529
300.53
300.53
300.53
300.531
300.531
300.531
300.53
300.528
300.524
300.517
300.521
300.525
300.527
300.529
300.53
300.531
300.532
300.532
300.531
300.531
300.532
300.532
300.531
300.53
300.529
300.528
300.525
300.522
300.517
300.508
300.51
300.514
300.517
300.521
300.524
300.527
300.529
300.53
300.53
300.53
300.531
300.529
300.527
300.524
300.521
300.517
300.514
300.511
300.508
300.53
300.513
300.485
300.46
300.462
300.47
300.477
300.477
300.474
300.474
300.474
300.474
300.476
300.476
300.47
300.461
300.457
300.487
300.518
300.532
300.547
300.543
300.535
300.531
300.526
300.522
300.519
300.52
300.521
300.521
300.521
300.522
300.52
300.519
300.521
300.525
300.529
300.531
300.542
300.547
300.545
300.546
300.547
300.547
300.543
300.537
300.532
300.532
300.532
300.532
300.532
300.532
300.532
300.533
300.537
300.543
300.547
300.547
300.546
300.546
300.541
300.542
300.544
300.545
300.544
300.54
300.536
300.534
300.533
300.534
300.534
300.533
300.534
300.536
300.54
300.545
300.546
300.545
300.543
300.542
300.537
300.538
300.541
300.542
300.542
300.541
300.539
300.538
300.538
300.537
300.537
300.538
300.538
300.539
300.541
300.543
300.543
300.541
300.539
300.537
300.532
300.534
300.537
300.538
300.539
300.539
300.538
300.538
300.537
300.537
300.537
300.538
300.538
300.538
300.539
300.539
300.539
300.537
300.534
300.532
300.526
300.529
300.532
300.534
300.535
300.535
300.536
300.536
300.536
300.536
300.536
300.536
300.536
300.536
300.536
300.535
300.535
300.533
300.529
300.527
300.52
300.524
300.527
300.53
300.531
300.532
300.532
300.533
300.533
300.532
300.532
300.533
300.533
300.533
300.532
300.532
300.53
300.528
300.524
300.521
300.514
300.518
300.521
300.524
300.527
300.528
300.53
300.531
300.531
300.531
300.531
300.532
300.531
300.53
300.529
300.527
300.525
300.522
300.518
300.514
300.505
300.507
300.51
300.514
300.517
300.519
300.522
300.524
300.525
300.524
300.524
300.525
300.524
300.522
300.519
300.517
300.514
300.511
300.507
300.505
300.54
300.53
300.501
300.461
300.464
300.47
300.476
300.475
300.473
300.473
300.474
300.474
300.475
300.476
300.47
300.463
300.458
300.502
300.532
300.541
300.546
300.547
300.54
300.533
300.526
300.521
300.519
300.521
300.521
300.521
300.521
300.521
300.521
300.519
300.521
300.525
300.532
300.538
300.547
300.547
300.542
300.545
300.547
300.547
300.544
300.537
300.532
300.532
300.533
300.533
300.533
300.533
300.532
300.533
300.537
300.544
300.548
300.547
300.546
300.543
300.538
300.541
300.544
300.546
300.545
300.541
300.538
300.536
300.535
300.534
300.534
300.534
300.535
300.537
300.541
300.545
300.546
300.545
300.542
300.538
300.533
300.537
300.54
300.542
300.543
300.543
300.543
300.542
300.542
300.542
300.542
300.542
300.542
300.543
300.543
300.543
300.542
300.541
300.537
300.533
300.528
300.532
300.535
300.537
300.539
300.54
300.54
300.54
300.54
300.54
300.54
300.541
300.541
300.54
300.54
300.539
300.538
300.536
300.532
300.528
300.522
300.526
300.53
300.532
300.534
300.535
300.536
300.536
300.537
300.536
300.537
300.537
300.537
300.536
300.535
300.534
300.533
300.53
300.527
300.523
300.517
300.52
300.524
300.527
300.528
300.53
300.531
300.532
300.532
300.532
300.532
300.532
300.532
300.531
300.53
300.529
300.527
300.524
300.521
300.517
300.51
300.514
300.517
300.52
300.522
300.524
300.525
300.526
300.527
300.526
300.526
300.527
300.526
300.525
300.524
300.522
300.52
300.517
300.514
300.511
300.502
300.505
300.508
300.51
300.513
300.515
300.517
300.518
300.519
300.518
300.518
300.519
300.518
300.517
300.515
300.513
300.51
300.508
300.505
300.502
)
;

boundaryField
{
    floor
    {
        type            fixedValue;
        value           nonuniform List<scalar> 
400
(
300
300
300
300
300
300
300
300
300
300
300
300
300
300
300
300
300
300
300
300
300
300
300
300
300
300
300
300
300
300
300
300
300
300
300
300
300
300
300
300
300
300
300
300
300
300
300
300
300
300
300
300
300
300
300
300
300
300
300
300
300
300
300
300
300
300
300
300
300
300
300
300
300
300
300
300
300
300
300
300
300
300
300
300
300
300
300
300
300
300
300
300
300
300
300
300
300
300
300
300
300
300
300
300
300
300
300
300
300
300
300
300
300
300
300
300
300
300
300
300
300
300
300
300
300
300
300
300
300
300
300
300
300
300
300
300
300
300
300
300
300
300
300
300
300
300
300
300
300
300
300
300
300
300
300
300
300
300
300
300
300
300
300
300
300
300
300
300
300
300
300
300
300
300
300
300
300
300
300
300
300
300
300
300
300
300
300
300
300
600
600
300
300
300
300
300
300
300
300
300
300
300
300
300
300
300
300
300
300
600
600
300
300
300
300
300
300
300
300
300
300
300
300
300
300
300
300
300
300
300
300
300
300
300
300
300
300
300
300
300
300
300
300
300
300
300
300
300
300
300
300
300
300
300
300
300
300
300
300
300
300
300
300
300
300
300
300
300
300
300
300
300
300
300
300
300
300
300
300
300
300
300
300
300
300
300
300
300
300
300
300
300
300
300
300
300
300
300
300
300
300
300
300
300
300
300
300
300
300
300
300
300
300
300
300
300
300
300
300
300
300
300
300
300
300
300
300
300
300
300
300
300
300
300
300
300
300
300
300
300
300
300
300
300
300
300
300
300
300
300
300
300
300
300
300
300
300
300
300
300
300
300
300
300
300
300
300
300
300
300
300
300
300
300
300
300
300
300
300
300
300
300
300
300
300
300
300
300
300
300
300
300
300
300
300
300
300
300
300
300
)
;
    }
    ceiling
    {
        type            fixedValue;
        value           uniform 300;
    }
    fixedWalls
    {
        type            zeroGradient;
    }
}


// ************************************************************************* //
