/*--------------------------------*- C++ -*----------------------------------*\
  =========                 |
  \\      /  F ield         | OpenFOAM: The Open Source CFD Toolbox
   \\    /   O peration     | Website:  https://openfoam.org
    \\  /    A nd           | Version:  9
     \\/     M anipulation  |
\*---------------------------------------------------------------------------*/
FoamFile
{
    format      ascii;
    class       volScalarField;
    location    "50";
    object      p_rgh;
}
// * * * * * * * * * * * * * * * * * * * * * * * * * * * * * * * * * * * * * //

dimensions      [1 -1 -2 0 0 0 0];

internalField   nonuniform List<scalar> 
4000
(
185.123
185.121
185.119
185.118
185.117
185.116
185.116
185.117
185.117
185.117
185.117
185.117
185.117
185.117
185.117
185.117
185.118
185.119
185.121
185.123
185.123
185.12
185.118
185.116
185.114
185.113
185.113
185.113
185.113
185.112
185.112
185.113
185.113
185.113
185.114
185.115
185.116
185.118
185.12
185.123
185.12
185.117
185.114
185.112
185.11
185.108
185.108
185.107
185.107
185.107
185.107
185.107
185.107
185.108
185.109
185.11
185.112
185.114
185.117
185.12
185.116
185.113
185.11
185.107
185.105
185.104
185.103
185.102
185.102
185.102
185.102
185.103
185.103
185.103
185.104
185.106
185.108
185.111
185.114
185.117
185.114
185.111
185.108
185.105
185.102
185.101
185.1
185.099
185.099
185.1
185.1
185.1
185.1
185.1
185.101
185.103
185.105
185.108
185.111
185.115
185.114
185.11
185.107
185.104
185.101
185.099
185.098
185.098
185.098
185.099
185.099
185.099
185.099
185.099
185.1
185.102
185.105
185.108
185.111
185.115
185.116
185.112
185.108
185.104
185.102
185.1
185.098
185.098
185.098
185.099
185.1
185.099
185.099
185.099
185.1
185.102
185.105
185.109
185.112
185.117
185.119
185.115
185.111
185.107
185.104
185.101
185.099
185.099
185.099
185.101
185.101
185.1
185.099
185.1
185.102
185.104
185.107
185.111
185.115
185.119
185.122
185.119
185.115
185.111
185.107
185.104
185.101
185.1
185.1
185.103
185.105
185.101
185.1
185.101
185.104
185.107
185.111
185.115
185.119
185.122
185.128
185.126
185.123
185.119
185.115
185.111
185.107
185.105
185.105
185.107
185.109
185.106
185.105
185.107
185.111
185.115
185.118
185.122
185.125
185.127
185.121
185.118
185.115
185.113
185.111
185.11
185.11
185.11
185.111
185.111
185.111
185.111
185.111
185.111
185.111
185.112
185.113
185.116
185.118
185.121
185.12
185.117
185.114
185.111
185.109
185.107
185.107
185.107
185.107
185.106
185.107
185.107
185.107
185.107
185.108
185.109
185.112
185.114
185.117
185.12
185.117
185.114
185.111
185.108
185.106
185.104
185.103
185.103
185.103
185.103
185.103
185.103
185.104
185.104
185.105
185.106
185.109
185.112
185.114
185.117
185.113
185.11
185.108
185.105
185.103
185.101
185.1
185.1
185.1
185.101
185.101
185.101
185.101
185.101
185.102
185.104
185.106
185.109
185.111
185.114
185.111
185.108
185.106
185.103
185.101
185.099
185.098
185.098
185.099
185.1
185.1
185.099
185.099
185.099
185.1
185.102
185.104
185.107
185.109
185.112
185.11
185.108
185.106
185.103
185.101
185.099
185.098
185.098
185.099
185.1
185.1
185.099
185.099
185.099
185.1
185.101
185.104
185.107
185.109
185.112
185.112
185.11
185.107
185.104
185.102
185.1
185.098
185.098
185.099
185.101
185.102
185.1
185.099
185.099
185.1
185.102
185.105
185.108
185.111
185.113
185.115
185.113
185.11
185.107
185.104
185.101
185.1
185.099
185.1
185.103
185.104
185.101
185.1
185.101
185.102
185.104
185.107
185.11
185.113
185.116
185.119
185.117
185.114
185.111
185.107
185.104
185.102
185.101
185.101
185.105
185.107
185.103
185.101
185.102
185.105
185.108
185.111
185.114
185.117
185.119
185.126
185.124
185.122
185.119
185.115
185.111
185.108
185.106
185.107
185.11
185.111
185.108
185.107
185.108
185.111
185.115
185.118
185.122
185.124
185.125
185.119
185.115
185.112
185.11
185.108
185.107
185.107
185.108
185.109
185.109
185.109
185.109
185.108
185.108
185.108
185.109
185.11
185.113
185.116
185.119
185.118
185.114
185.111
185.108
185.105
185.104
185.104
185.104
185.104
185.105
185.105
185.105
185.104
185.104
185.105
185.106
185.108
185.111
185.115
185.118
185.114
185.111
185.108
185.106
185.103
185.102
185.102
185.102
185.102
185.103
185.103
185.103
185.102
185.102
185.103
185.104
185.106
185.109
185.112
185.115
185.11
185.108
185.106
185.103
185.101
185.1
185.1
185.1
185.101
185.101
185.102
185.101
185.101
185.1
185.101
185.102
185.104
185.107
185.109
185.111
185.108
185.106
185.104
185.102
185.1
185.099
185.098
185.099
185.1
185.101
185.102
185.101
185.1
185.099
185.1
185.101
185.103
185.105
185.107
185.109
185.107
185.106
185.104
185.102
185.1
185.099
185.098
185.099
185.1
185.102
185.102
185.101
185.1
185.099
185.1
185.101
185.103
185.105
185.107
185.108
185.108
185.107
185.105
185.103
185.101
185.099
185.099
185.099
185.1
185.103
185.104
185.102
185.1
185.1
185.1
185.102
185.104
185.106
185.108
185.109
185.111
185.11
185.108
185.105
185.103
185.101
185.1
185.1
185.101
185.105
185.106
185.103
185.101
185.101
185.102
185.104
185.106
185.109
185.111
185.112
185.115
185.114
185.112
185.109
185.106
185.103
185.102
185.101
185.103
185.107
185.109
185.105
185.102
185.102
185.104
185.106
185.109
185.112
185.115
185.116
185.123
185.122
185.12
185.116
185.113
185.11
185.107
185.106
185.108
185.111
185.112
185.11
185.108
185.108
185.11
185.113
185.116
185.119
185.122
185.123
185.118
185.113
185.11
185.107
185.106
185.106
185.106
185.108
185.11
185.111
185.111
185.111
185.109
185.108
185.107
185.107
185.108
185.11
185.114
185.118
185.116
185.111
185.108
185.105
185.103
185.103
185.103
185.104
185.105
185.106
185.106
185.106
185.105
185.104
185.104
185.104
185.106
185.109
185.112
185.116
185.112
185.108
185.106
185.103
185.102
185.101
185.101
185.102
185.103
185.104
185.104
185.104
185.103
185.102
185.102
185.103
185.104
185.107
185.109
185.112
185.107
185.105
185.103
185.101
185.1
185.099
185.1
185.101
185.102
185.103
185.104
185.103
185.101
185.101
185.1
185.101
185.102
185.104
185.106
185.109
185.105
185.103
185.102
185.1
185.099
185.098
185.099
185.1
185.101
185.103
185.104
185.102
185.101
185.1
185.1
185.1
185.101
185.103
185.105
185.106
185.104
185.103
185.102
185.1
185.099
185.098
185.098
185.099
185.101
185.104
185.104
185.102
185.101
185.1
185.099
185.1
185.101
185.103
185.104
185.105
185.104
185.104
185.103
185.101
185.1
185.099
185.099
185.1
185.102
185.105
185.106
185.103
185.101
185.1
185.1
185.101
185.102
185.104
185.106
185.106
185.107
185.107
185.105
185.103
185.102
185.1
185.1
185.101
185.103
185.107
185.108
185.105
185.102
185.101
185.101
185.103
185.104
185.106
185.108
185.108
185.111
185.111
185.109
185.106
185.104
185.102
185.101
185.102
185.105
185.11
185.111
185.107
185.103
185.103
185.103
185.105
185.107
185.11
185.111
185.112
185.119
185.119
185.116
185.113
185.11
185.108
185.107
185.107
185.109
185.113
185.114
185.111
185.108
185.108
185.109
185.111
185.114
185.116
185.119
185.119
185.117
185.111
185.108
185.106
185.105
185.106
185.108
185.11
185.112
185.113
185.114
185.114
185.112
185.109
185.107
185.106
185.107
185.109
185.112
185.117
185.114
185.109
185.105
185.103
185.102
185.103
185.104
185.105
185.107
185.108
185.108
185.108
185.107
185.105
185.104
185.103
185.104
185.107
185.11
185.115
185.11
185.106
185.103
185.102
185.101
185.101
185.102
185.104
185.105
185.106
185.107
185.106
185.104
185.103
185.102
185.102
185.103
185.105
185.107
185.111
185.105
185.103
185.101
185.1
185.099
185.1
185.101
185.102
185.104
185.106
185.106
185.105
185.103
185.102
185.101
185.101
185.101
185.103
185.104
185.107
185.102
185.101
185.1
185.099
185.098
185.099
185.1
185.101
185.104
185.106
185.106
185.104
185.102
185.101
185.1
185.1
185.1
185.101
185.103
185.104
185.101
185.101
185.1
185.099
185.098
185.098
185.099
185.101
185.103
185.106
185.107
185.105
185.102
185.101
185.1
185.1
185.1
185.101
185.102
185.103
185.102
185.102
185.101
185.1
185.099
185.099
185.1
185.101
185.104
185.107
185.108
185.105
185.103
185.101
185.1
185.1
185.101
185.102
185.103
185.104
185.104
185.104
185.103
185.102
185.101
185.1
185.101
185.102
185.105
185.11
185.111
185.107
185.104
185.102
185.102
185.102
185.103
185.104
185.105
185.105
185.107
185.107
185.106
185.104
185.103
185.102
185.102
185.103
185.107
185.112
185.114
185.109
185.105
185.103
185.103
185.104
185.105
185.107
185.108
185.108
185.115
185.115
185.113
185.11
185.108
185.107
185.107
185.108
185.11
185.115
185.116
185.113
185.109
185.108
185.108
185.109
185.111
185.113
185.115
185.115
185.116
185.11
185.107
185.106
185.106
185.108
185.11
185.112
185.114
185.115
185.116
185.116
185.115
185.112
185.109
185.107
185.107
185.108
185.111
185.117
185.113
185.107
185.104
185.103
185.103
185.104
185.105
185.107
185.108
185.109
185.11
185.11
185.109
185.107
185.105
185.104
185.104
185.105
185.109
185.114
185.108
185.104
185.102
185.101
185.101
185.102
185.104
185.106
185.108
185.109
185.109
185.108
185.107
185.105
185.103
185.102
185.102
185.103
185.106
185.109
185.104
185.101
185.1
185.099
185.1
185.101
185.102
185.105
185.107
185.109
185.11
185.108
185.106
185.103
185.102
185.101
185.101
185.102
185.103
185.105
185.101
185.099
185.099
185.098
185.099
185.1
185.101
185.104
185.107
185.109
185.109
185.107
185.105
185.102
185.101
185.1
185.1
185.1
185.101
185.103
185.099
185.099
185.099
185.098
185.098
185.099
185.101
185.103
185.106
185.109
185.11
185.107
185.104
185.102
185.101
185.1
185.1
185.1
185.101
185.101
185.1
185.1
185.099
185.099
185.099
185.1
185.101
185.104
185.107
185.11
185.111
185.108
185.105
185.103
185.101
185.101
185.101
185.101
185.101
185.102
185.101
185.101
185.101
185.1
185.1
185.101
185.102
185.105
185.108
185.112
185.114
185.11
185.106
185.104
185.102
185.102
185.102
185.102
185.103
185.103
185.104
185.104
185.103
185.102
185.102
185.102
185.103
185.106
185.109
185.115
185.116
185.112
185.107
185.105
185.103
185.103
185.104
185.105
185.106
185.105
185.111
185.111
185.11
185.108
185.107
185.107
185.107
185.109
185.112
185.117
185.118
185.114
185.111
185.109
185.108
185.108
185.109
185.111
185.112
185.112
185.116
185.11
185.107
185.106
185.108
185.11
185.112
185.113
185.112
185.111
185.113
185.116
185.116
185.115
185.112
185.109
185.108
185.108
185.111
185.117
185.113
185.107
185.104
185.103
185.104
185.105
185.107
185.108
185.107
185.105
185.107
185.11
185.11
185.109
185.107
185.105
185.104
185.105
185.108
185.114
185.108
185.103
185.102
185.101
185.102
185.104
185.106
185.108
185.109
185.11
185.111
185.111
185.109
185.107
185.105
185.103
185.103
185.103
185.105
185.109
185.103
185.1
185.1
185.1
185.101
185.102
185.105
185.108
185.111
185.113
185.113
185.111
185.108
185.106
185.103
185.102
185.101
185.101
185.102
185.104
185.1
185.098
185.098
185.099
185.1
185.101
185.104
185.107
185.11
185.113
185.113
185.111
185.108
185.105
185.102
185.101
185.1
185.1
185.1
185.102
185.098
185.098
185.098
185.098
185.099
185.101
185.103
185.106
185.11
185.113
185.113
185.11
185.107
185.104
185.102
185.101
185.1
185.1
185.1
185.1
185.098
185.098
185.099
185.099
185.1
185.101
185.104
185.107
185.11
185.113
185.114
185.111
185.108
185.105
185.103
185.101
185.101
185.1
185.1
185.1
185.099
185.1
185.1
185.1
185.101
185.102
185.104
185.107
185.111
185.116
185.117
185.113
185.109
185.106
185.104
185.102
185.102
185.101
185.101
185.101
185.101
185.102
185.102
185.101
185.102
185.103
185.105
185.108
185.113
185.118
185.119
185.115
185.11
185.107
185.105
185.103
185.103
185.103
185.103
185.103
185.107
185.108
185.107
185.107
185.107
185.107
185.109
185.111
185.115
185.119
185.12
185.117
185.113
185.11
185.109
185.108
185.108
185.108
185.109
185.108
185.117
185.11
185.108
185.108
185.11
185.112
185.113
185.111
185.106
185.101
185.104
185.111
185.116
185.117
185.115
185.112
185.11
185.109
185.112
185.118
185.113
185.107
185.104
185.104
185.105
185.107
185.108
185.106
185.101
185.094
185.098
185.106
185.11
185.111
185.109
185.107
185.105
185.105
185.108
185.114
185.107
185.103
185.102
185.102
185.104
185.106
185.108
185.109
185.109
185.106
185.109
185.111
185.111
185.109
185.107
185.105
185.103
185.103
185.105
185.109
185.102
185.1
185.1
185.101
185.102
185.105
185.108
185.111
185.115
185.117
185.117
185.115
185.112
185.108
185.106
185.103
185.102
185.101
185.102
185.104
185.099
185.098
185.099
185.1
185.101
185.104
185.107
185.111
185.115
185.118
185.118
185.115
185.111
185.107
185.105
185.103
185.101
185.1
185.1
185.101
185.098
185.098
185.099
185.099
185.101
185.103
185.106
185.11
185.113
185.117
185.117
185.114
185.11
185.107
185.104
185.102
185.101
185.1
185.1
185.1
185.098
185.098
185.099
185.1
185.101
185.104
185.107
185.11
185.114
185.117
185.117
185.114
185.111
185.108
185.105
185.103
185.101
185.101
185.1
185.1
185.099
185.099
185.1
185.101
185.102
185.105
185.107
185.111
185.115
185.119
185.12
185.116
185.112
185.109
185.106
185.104
185.102
185.101
185.101
185.1
185.1
185.101
185.101
185.102
185.103
185.106
185.108
185.112
185.116
185.121
185.122
185.118
185.113
185.11
185.107
185.105
185.103
185.103
185.102
185.101
185.105
185.106
185.106
185.107
185.108
185.109
185.111
185.114
185.117
185.121
185.122
185.119
185.115
185.112
185.11
185.109
185.108
185.108
185.107
185.106
185.117
185.111
185.109
185.11
185.112
185.114
185.112
185.106
185.096
185.088
185.092
185.104
185.113
185.118
185.117
185.114
185.111
185.11
185.112
185.118
185.113
185.107
185.104
185.105
185.107
185.108
185.107
185.101
185.088
185.069
185.077
185.098
185.108
185.111
185.111
185.109
185.107
185.106
185.108
185.114
185.107
185.103
185.102
185.103
185.105
185.108
185.109
185.109
185.105
185.094
185.103
185.11
185.112
185.111
185.109
185.106
185.104
185.104
185.105
185.109
185.102
185.1
185.101
185.102
185.104
185.107
185.111
185.115
185.119
185.122
185.122
185.119
185.115
185.111
185.108
185.105
185.103
185.102
185.102
185.104
185.099
185.099
185.1
185.101
185.104
185.107
185.11
185.115
185.119
185.123
185.122
185.118
185.114
185.11
185.107
185.105
185.103
185.101
185.101
185.101
185.098
185.099
185.1
185.101
185.103
185.106
185.11
185.113
185.117
185.121
185.12
185.117
185.114
185.11
185.107
185.104
185.103
185.101
185.1
185.1
185.098
185.099
185.1
185.102
185.104
185.107
185.11
185.114
185.117
185.12
185.12
185.118
185.114
185.111
185.108
185.105
185.103
185.102
185.101
185.1
185.099
185.1
185.101
185.103
185.105
185.108
185.111
185.115
185.118
185.122
185.122
185.119
185.116
185.112
185.109
185.106
185.104
185.103
185.101
185.101
185.1
185.101
185.103
185.105
185.107
185.109
185.113
185.116
185.12
185.124
185.124
185.121
185.117
185.113
185.11
185.108
185.105
185.104
185.102
185.101
185.105
185.107
185.108
185.109
185.11
185.112
185.115
185.117
185.12
185.123
185.124
185.121
185.118
185.115
185.113
185.111
185.11
185.109
185.108
185.106
185.117
185.111
185.109
185.111
185.113
185.115
185.111
185.101
185.088
185.055
185.061
185.096
185.11
185.118
185.118
185.116
185.112
185.111
185.112
185.118
185.112
185.106
185.105
185.106
185.108
185.109
185.105
185.094
185.069
185.026
185.04
185.086
185.105
185.111
185.112
185.11
185.107
185.106
185.108
185.114
185.107
185.103
185.103
185.104
185.106
185.109
185.11
185.106
185.094
185.052
185.08
185.104
185.111
185.112
185.11
185.108
185.105
185.104
185.105
185.108
185.102
185.101
185.101
185.103
185.106
185.109
185.113
185.117
185.122
185.123
185.125
185.121
185.117
185.113
185.11
185.107
185.104
185.103
185.102
185.104
185.1
185.1
185.101
185.103
185.106
185.109
185.113
185.118
185.123
185.127
185.126
185.121
185.117
185.113
185.109
185.106
185.104
185.103
185.101
185.102
185.099
185.1
185.102
185.104
185.106
185.109
185.113
185.117
185.121
185.124
185.123
185.12
185.116
185.113
185.11
185.107
185.105
185.103
185.102
185.101
185.099
185.101
185.103
185.105
185.107
185.11
185.113
185.117
185.12
185.123
185.123
185.12
185.117
185.114
185.111
185.108
185.106
185.104
185.102
185.101
185.101
185.103
185.105
185.107
185.11
185.112
185.116
185.119
185.122
185.125
185.125
185.122
185.119
185.116
185.113
185.11
185.108
185.105
185.104
185.102
185.103
185.105
185.107
185.11
185.112
185.115
185.118
185.121
185.124
185.127
185.127
185.124
185.121
185.118
185.115
185.113
185.11
185.108
185.106
185.104
185.107
185.11
185.111
185.113
185.115
185.117
185.119
185.121
185.123
185.126
185.126
185.124
185.122
185.119
185.117
185.115
185.113
185.112
185.11
185.108
185.117
185.111
185.109
185.111
185.114
185.116
185.113
185.104
185.092
185.061
185.066
185.099
185.113
185.119
185.119
185.116
185.113
185.111
185.112
185.118
185.112
185.107
185.105
185.106
185.108
185.11
185.107
185.098
185.077
185.04
185.054
185.092
185.107
185.113
185.112
185.11
185.107
185.106
185.108
185.114
185.107
185.103
185.103
185.104
185.107
185.109
185.111
185.109
185.103
185.08
185.1
185.11
185.113
185.113
185.11
185.108
185.105
185.104
185.105
185.108
185.102
185.101
185.102
185.104
185.106
185.11
185.113
185.117
185.122
185.125
185.125
185.121
185.117
185.113
185.11
185.107
185.105
185.103
185.103
185.104
185.1
185.1
185.102
185.104
185.106
185.109
185.113
185.118
185.122
185.126
185.125
185.121
185.117
185.113
185.11
185.107
185.105
185.103
185.102
185.102
185.099
185.1
185.102
185.104
185.107
185.11
185.113
185.117
185.12
185.123
185.123
185.12
185.117
185.113
185.11
185.108
185.105
185.104
185.102
185.101
185.1
185.102
185.104
185.106
185.108
185.111
185.114
185.117
185.12
185.123
185.123
185.121
185.118
185.115
185.112
185.109
185.107
185.105
185.103
185.102
185.101
185.104
185.106
185.108
185.111
185.114
185.117
185.12
185.122
185.125
185.125
185.123
185.12
185.117
185.114
185.111
185.109
185.107
185.105
185.103
185.105
185.107
185.109
185.111
185.114
185.116
185.119
185.122
185.124
185.127
185.127
185.125
185.122
185.119
185.117
185.114
185.112
185.109
185.107
185.105
185.109
185.111
185.112
185.114
185.116
185.118
185.12
185.122
185.124
185.126
185.126
185.124
185.122
185.12
185.118
185.116
185.114
185.113
185.111
185.109
185.117
185.111
185.109
185.111
185.114
185.116
185.116
185.111
185.104
185.096
185.099
185.11
185.118
185.12
185.119
185.115
185.112
185.111
185.112
185.118
185.113
185.107
185.105
185.106
185.108
185.11
185.11
185.106
185.098
185.086
185.092
185.105
185.112
185.113
185.112
185.11
185.107
185.106
185.108
185.114
185.107
185.103
185.103
185.104
185.106
185.108
185.111
185.111
185.11
185.104
185.11
185.113
185.113
185.112
185.11
185.107
185.105
185.104
185.105
185.109
185.103
185.101
185.101
185.103
185.105
185.108
185.111
185.115
185.119
185.121
185.121
185.118
185.115
185.112
185.109
185.106
185.104
185.103
185.103
185.104
185.1
185.099
185.101
185.102
185.104
185.107
185.111
185.115
185.118
185.121
185.121
185.118
185.114
185.111
185.108
185.106
185.104
185.102
185.101
185.102
185.099
185.099
185.101
185.102
185.105
185.107
185.11
185.114
185.117
185.12
185.12
185.117
185.114
185.111
185.108
185.106
185.104
185.102
185.101
185.101
185.099
185.1
185.102
185.103
185.105
185.108
185.111
185.114
185.118
185.12
185.121
185.118
185.115
185.112
185.109
185.107
185.105
185.103
185.102
185.101
185.1
185.101
185.103
185.105
185.107
185.11
185.113
185.116
185.119
185.122
185.123
185.12
185.117
185.114
185.111
185.108
185.106
185.104
185.103
185.101
185.101
185.103
185.105
185.107
185.109
185.112
185.115
185.118
185.121
185.124
185.125
185.122
185.119
185.116
185.113
185.11
185.108
185.106
185.104
185.102
185.106
185.108
185.11
185.111
185.113
185.114
185.117
185.119
185.121
185.124
185.124
185.122
185.12
185.117
185.115
185.113
185.112
185.11
185.109
185.107
185.117
185.111
185.108
185.109
185.112
185.115
185.116
185.116
185.113
185.11
185.113
185.118
185.12
185.12
185.117
185.113
185.111
185.11
185.112
185.118
185.113
185.107
185.104
185.105
185.107
185.109
185.11
185.11
185.108
185.105
185.107
185.112
185.114
185.113
185.111
185.108
185.106
185.106
185.108
185.114
185.107
185.104
185.102
185.103
185.104
185.107
185.109
185.111
185.112
185.111
185.113
185.113
185.112
185.11
185.108
185.106
185.104
185.104
185.105
185.109
185.103
185.101
185.101
185.101
185.103
185.106
185.108
185.112
185.115
185.117
185.117
185.115
185.112
185.109
185.107
185.104
185.103
185.102
185.102
185.105
185.1
185.099
185.1
185.101
185.102
185.105
185.108
185.111
185.114
185.117
185.117
185.114
185.111
185.108
185.106
185.104
185.102
185.101
185.101
185.102
185.099
185.099
185.1
185.101
185.102
185.104
185.107
185.11
185.114
185.116
185.117
185.114
185.111
185.108
185.106
185.104
185.102
185.101
185.101
185.101
185.099
185.099
185.1
185.101
185.103
185.105
185.108
185.111
185.114
185.117
185.118
185.115
185.112
185.109
185.106
185.104
185.103
185.102
185.101
185.101
185.099
185.1
185.101
185.102
185.104
185.106
185.109
185.112
185.116
185.119
185.12
185.117
185.113
185.11
185.108
185.105
185.104
185.102
185.102
185.101
185.1
185.101
185.102
185.103
185.105
185.107
185.11
185.113
185.117
185.121
185.122
185.119
185.115
185.111
185.109
185.107
185.105
185.104
185.103
185.102
185.105
185.107
185.108
185.108
185.109
185.111
185.113
185.115
185.118
185.122
185.122
185.12
185.117
185.114
185.112
185.11
185.109
185.109
185.108
185.106
185.117
185.111
185.108
185.108
185.109
185.112
185.115
185.117
185.118
185.118
185.119
185.12
185.12
185.117
185.114
185.111
185.109
185.109
185.112
185.118
185.113
185.107
185.104
185.104
185.105
185.107
185.109
185.111
185.111
185.111
185.113
185.113
185.113
185.111
185.109
185.106
185.105
185.106
185.108
185.114
185.108
185.104
185.102
185.102
185.103
185.105
185.107
185.109
185.111
185.112
185.113
185.112
185.11
185.108
185.106
185.104
185.103
185.104
185.105
185.109
185.103
185.101
185.1
185.101
185.102
185.103
185.106
185.108
185.111
185.113
185.113
185.112
185.109
185.107
185.105
185.103
185.102
185.102
185.103
185.105
185.1
185.099
185.099
185.1
185.101
185.102
185.105
185.107
185.11
185.113
185.113
185.111
185.108
185.106
185.104
185.102
185.101
185.101
185.101
185.102
185.099
185.099
185.099
185.1
185.101
185.102
185.104
185.107
185.11
185.113
185.113
185.111
185.108
185.106
185.104
185.102
185.101
185.101
185.101
185.101
185.099
185.099
185.1
185.1
185.101
185.103
185.105
185.108
185.111
185.114
185.115
185.112
185.109
185.106
185.104
185.103
185.102
185.101
185.101
185.101
185.1
185.101
185.101
185.101
185.102
185.104
185.106
185.109
185.112
185.116
185.117
185.114
185.11
185.107
185.105
185.104
185.103
185.102
185.102
185.102
185.101
185.102
185.102
185.103
185.103
185.105
185.107
185.11
185.113
185.118
185.119
185.116
185.111
185.108
185.106
185.105
185.104
185.104
185.104
185.103
185.107
185.108
185.108
185.108
185.108
185.109
185.11
185.112
185.115
185.119
185.12
185.117
185.114
185.112
185.11
185.109
185.109
185.109
185.109
185.108
185.117
185.111
185.108
185.107
185.107
185.109
185.112
185.115
185.117
185.118
185.119
185.119
185.117
185.114
185.111
185.109
185.108
185.109
185.112
185.117
185.114
185.108
185.105
185.104
185.104
185.105
185.107
185.109
185.111
185.112
185.112
185.112
185.111
185.109
185.107
185.105
185.105
185.106
185.109
185.114
185.109
185.105
185.103
185.102
185.102
185.103
185.105
185.107
185.109
185.11
185.11
185.11
185.108
185.106
185.104
185.103
185.103
185.104
185.106
185.11
185.104
185.102
185.101
185.1
185.101
185.102
185.103
185.106
185.108
185.11
185.11
185.109
185.107
185.105
185.103
185.102
185.102
185.102
185.104
185.106
185.101
185.1
185.1
185.1
185.1
185.101
185.102
185.105
185.107
185.109
185.11
185.108
185.106
185.104
185.102
185.101
185.101
185.101
185.102
185.103
185.1
185.1
185.1
185.099
185.1
185.101
185.102
185.104
185.107
185.11
185.11
185.108
185.106
185.104
185.102
185.101
185.101
185.101
185.102
185.102
185.1
185.1
185.1
185.1
185.1
185.101
185.103
185.105
185.108
185.111
185.112
185.109
185.106
185.104
185.103
185.102
185.102
185.102
185.102
185.102
185.102
185.102
185.102
185.101
185.102
185.102
185.104
185.106
185.109
185.113
185.114
185.111
185.108
185.105
185.104
185.103
185.103
185.103
185.104
185.103
185.104
185.105
185.104
185.103
185.103
185.103
185.105
185.107
185.11
185.115
185.117
185.113
185.109
185.106
185.105
185.104
185.104
185.105
185.106
185.105
185.111
185.111
185.11
185.109
185.108
185.108
185.109
185.11
185.113
185.117
185.118
185.115
185.112
185.11
185.109
185.109
185.109
185.11
185.112
185.111
185.117
185.112
185.109
185.107
185.106
185.107
185.109
185.112
185.114
185.116
185.116
185.115
185.113
185.111
185.109
185.108
185.108
185.11
185.113
185.118
185.115
185.109
185.106
185.104
185.103
185.104
185.105
185.107
185.109
185.11
185.11
185.11
185.108
185.106
185.105
185.105
185.105
185.107
185.11
185.115
185.11
185.106
185.104
185.103
185.102
185.102
185.103
185.105
185.106
185.108
185.108
185.107
185.106
185.104
185.103
185.103
185.104
185.105
185.108
185.111
185.106
185.104
185.102
185.101
185.101
185.101
185.102
185.103
185.105
185.107
185.107
185.106
185.104
185.103
185.102
185.102
185.102
185.104
185.105
185.107
185.103
185.102
185.101
185.1
185.1
185.1
185.101
185.103
185.105
185.106
185.107
185.106
185.104
185.102
185.101
185.101
185.102
185.103
185.103
185.105
185.102
185.101
185.101
185.1
185.1
185.1
185.101
185.102
185.104
185.107
185.108
185.106
185.104
185.102
185.101
185.101
185.102
185.103
185.103
185.104
185.102
185.102
185.102
185.101
185.1
185.101
185.101
185.103
185.105
185.108
185.109
185.107
185.104
185.103
185.102
185.102
185.102
185.103
185.104
185.104
185.104
185.104
185.104
185.103
185.102
185.102
185.102
185.104
185.106
185.11
185.111
185.108
185.105
185.104
185.103
185.103
185.104
185.105
185.106
185.105
185.107
185.108
185.106
185.105
185.104
185.103
185.103
185.105
185.108
185.113
185.114
185.11
185.107
185.105
185.104
185.105
185.106
185.107
185.108
185.108
185.115
185.115
185.113
185.111
185.109
185.108
185.108
185.109
185.111
185.115
185.116
185.113
185.11
185.109
185.109
185.11
185.111
185.113
185.115
185.115
185.118
185.113
185.11
185.108
185.107
185.107
185.108
185.11
185.111
185.112
185.113
185.112
185.111
185.109
185.108
185.108
185.109
185.111
185.114
185.118
185.116
185.112
185.108
185.106
185.104
185.104
185.104
185.105
185.107
185.107
185.107
185.107
185.106
185.105
185.105
185.105
185.107
185.109
185.112
185.117
185.112
185.109
185.106
185.104
185.103
185.102
185.103
185.103
185.104
185.105
185.105
185.105
185.104
185.103
185.103
185.104
185.105
185.107
185.11
185.113
185.108
185.106
185.104
185.102
185.101
185.101
185.101
185.102
185.103
185.104
185.105
185.104
185.103
185.102
185.102
185.102
185.104
185.105
185.107
185.109
185.105
185.104
185.103
185.101
185.1
185.1
185.1
185.101
185.103
185.104
185.105
185.104
185.102
185.101
185.101
185.102
185.103
185.104
185.106
185.107
185.105
185.104
185.103
185.101
185.1
185.1
185.1
185.101
185.103
185.105
185.105
185.104
185.102
185.101
185.101
185.102
185.103
185.104
185.105
185.106
185.105
185.105
185.104
185.102
185.101
185.101
185.101
185.101
185.103
185.106
185.107
185.105
185.103
185.102
185.102
185.102
185.104
185.105
185.106
185.107
185.107
185.107
185.106
185.104
185.103
185.102
185.102
185.102
185.104
185.108
185.109
185.106
185.104
185.103
185.103
185.104
185.105
185.107
185.108
185.108
185.111
185.111
185.109
185.107
185.105
185.104
185.103
185.103
185.105
185.11
185.112
185.108
185.105
185.104
185.104
185.106
185.108
185.11
185.111
185.112
185.118
185.118
185.116
185.114
185.111
185.109
185.108
185.108
185.11
185.113
185.114
185.112
185.109
185.109
185.109
185.111
185.113
185.116
185.118
185.118
185.119
185.116
185.113
185.11
185.109
185.108
185.108
185.109
185.11
185.111
185.111
185.111
185.11
185.109
185.109
185.11
185.111
185.114
185.116
185.12
185.118
185.114
185.111
185.109
185.107
185.105
185.105
185.105
185.106
185.106
185.106
185.106
185.106
185.106
185.106
185.107
185.109
185.112
185.115
185.118
185.114
185.112
185.109
185.107
185.105
185.103
185.103
185.103
185.104
185.104
185.104
185.104
185.104
185.104
185.104
185.105
185.107
185.11
185.112
185.115
185.111
185.109
185.107
185.104
185.103
185.102
185.101
185.101
185.102
185.103
185.103
185.103
185.102
185.102
185.102
185.104
185.105
185.108
185.11
185.112
185.108
185.107
185.105
185.103
185.101
185.1
185.1
185.1
185.101
185.103
185.103
185.102
185.101
185.101
185.101
185.103
185.104
185.106
185.108
185.11
185.108
185.107
185.105
185.103
185.101
185.1
185.1
185.1
185.101
185.103
185.104
185.102
185.101
185.101
185.101
185.103
185.104
185.106
185.108
185.109
185.109
185.108
185.106
185.104
185.102
185.101
185.1
185.101
185.102
185.104
185.105
185.103
185.102
185.101
185.102
185.103
185.105
185.107
185.109
185.11
185.111
185.11
185.109
185.106
185.104
185.102
185.101
185.101
185.103
185.105
185.107
185.104
185.102
185.102
185.103
185.105
185.107
185.109
185.111
185.112
185.115
185.114
185.112
185.11
185.107
185.105
185.103
185.103
185.104
185.108
185.109
185.106
185.104
185.104
185.105
185.107
185.11
185.112
185.114
185.115
185.122
185.122
185.119
185.116
185.113
185.111
185.108
185.108
185.109
185.112
185.113
185.11
185.109
185.109
185.11
185.113
185.116
185.119
185.121
185.122
185.121
185.118
185.116
185.114
185.112
185.111
185.111
185.112
185.112
185.112
185.112
185.112
185.112
185.112
185.112
185.113
185.114
185.116
185.118
185.121
185.12
185.117
185.115
185.112
185.11
185.109
185.108
185.108
185.108
185.108
185.108
185.108
185.108
185.108
185.109
185.11
185.112
185.115
185.118
185.121
185.117
185.114
185.112
185.109
185.107
185.106
185.105
185.105
185.105
185.105
185.105
185.105
185.105
185.105
185.106
185.108
185.11
185.112
185.115
185.118
185.114
185.111
185.109
185.106
185.104
185.103
185.102
185.102
185.102
185.102
185.103
185.103
185.102
185.103
185.104
185.105
185.107
185.11
185.112
185.114
185.111
185.109
185.107
185.105
185.103
185.101
185.1
185.1
185.101
185.101
185.102
185.101
185.101
185.101
185.102
185.103
185.106
185.108
185.11
185.113
185.111
185.109
185.107
185.104
185.102
185.101
185.1
185.1
185.1
185.102
185.102
185.101
185.101
185.101
185.102
185.103
185.105
185.108
185.11
185.112
185.112
185.111
185.108
185.106
185.103
185.101
185.1
185.1
185.101
185.102
185.103
185.102
185.101
185.101
185.102
185.104
185.106
185.109
185.111
185.113
185.115
185.113
185.111
185.108
185.105
185.103
185.101
185.101
185.101
185.104
185.105
185.103
185.102
185.102
185.104
185.106
185.108
185.111
185.114
185.116
185.119
185.117
185.115
185.111
185.108
185.106
185.103
185.102
185.102
185.106
185.107
185.104
185.103
185.104
185.106
185.108
185.111
185.114
185.117
185.119
185.125
185.124
185.122
185.119
185.115
185.112
185.109
185.107
185.108
185.11
185.111
185.109
185.108
185.109
185.112
185.115
185.118
185.121
185.123
185.124
185.123
185.121
185.119
185.118
185.117
185.117
185.117
185.118
185.118
185.118
185.118
185.118
185.118
185.118
185.117
185.118
185.118
185.12
185.121
185.123
185.123
185.12
185.118
185.116
185.115
185.114
185.114
185.114
185.114
185.114
185.114
185.114
185.114
185.114
185.114
185.115
185.117
185.118
185.121
185.123
185.12
185.117
185.115
185.112
185.111
185.109
185.109
185.109
185.109
185.108
185.108
185.109
185.109
185.109
185.11
185.111
185.113
185.115
185.118
185.12
185.117
185.114
185.111
185.109
185.107
185.105
185.104
185.104
185.104
185.104
185.104
185.104
185.105
185.105
185.106
185.107
185.109
185.112
185.114
185.118
185.115
185.112
185.109
185.106
185.104
185.103
185.102
185.101
185.101
185.102
185.102
185.102
185.102
185.102
185.103
185.105
185.107
185.11
185.113
185.116
185.115
185.112
185.108
185.105
185.103
185.101
185.1
185.1
185.1
185.101
185.101
185.101
185.101
185.101
185.102
185.104
185.106
185.109
185.112
185.116
185.117
185.113
185.109
185.106
185.104
185.102
185.1
185.1
185.1
185.101
185.102
185.101
185.101
185.101
185.102
185.104
185.107
185.11
185.113
185.117
185.119
185.116
185.112
185.108
185.105
185.103
185.101
185.1
185.101
185.102
185.103
185.101
185.101
185.102
185.103
185.105
185.108
185.112
185.116
185.119
185.122
185.119
185.116
185.112
185.108
185.105
185.103
185.101
185.101
185.104
185.105
185.102
185.102
185.103
185.105
185.108
185.112
185.115
185.119
185.122
185.127
185.125
185.123
185.119
185.115
185.112
185.108
185.106
185.106
185.108
185.109
185.107
185.106
185.108
185.111
185.115
185.118
185.122
185.124
185.126
)
;

boundaryField
{
    floor
    {
        type            fixedFluxPressure;
        gradient        uniform 0;
        value           nonuniform List<scalar> 
400
(
185.123
185.121
185.119
185.118
185.117
185.116
185.116
185.117
185.117
185.117
185.117
185.117
185.117
185.117
185.117
185.117
185.118
185.119
185.121
185.123
185.121
185.118
185.115
185.113
185.111
185.11
185.11
185.11
185.111
185.111
185.111
185.111
185.111
185.111
185.111
185.112
185.113
185.116
185.118
185.121
185.119
185.115
185.112
185.11
185.108
185.107
185.107
185.108
185.109
185.109
185.109
185.109
185.108
185.108
185.108
185.109
185.11
185.113
185.116
185.119
185.118
185.113
185.11
185.107
185.106
185.106
185.106
185.108
185.11
185.111
185.111
185.111
185.109
185.108
185.107
185.107
185.108
185.11
185.114
185.118
185.117
185.111
185.108
185.106
185.105
185.106
185.108
185.11
185.112
185.113
185.114
185.114
185.112
185.109
185.107
185.106
185.107
185.109
185.112
185.117
185.116
185.11
185.107
185.106
185.106
185.108
185.11
185.112
185.114
185.115
185.116
185.116
185.115
185.112
185.109
185.107
185.107
185.108
185.111
185.117
185.116
185.11
185.107
185.106
185.108
185.11
185.112
185.113
185.112
185.111
185.113
185.116
185.116
185.115
185.112
185.109
185.108
185.108
185.111
185.117
185.117
185.11
185.108
185.108
185.11
185.112
185.113
185.111
185.106
185.101
185.104
185.111
185.116
185.117
185.115
185.112
185.11
185.109
185.112
185.118
185.117
185.111
185.109
185.11
185.112
185.114
185.112
185.106
185.096
185.088
185.092
185.104
185.113
185.118
185.117
185.114
185.111
185.11
185.112
185.118
185.117
185.111
185.109
185.111
185.113
185.115
185.111
185.101
185.088
185.055
185.061
185.096
185.11
185.118
185.118
185.116
185.112
185.111
185.112
185.118
185.117
185.111
185.109
185.111
185.114
185.116
185.113
185.104
185.092
185.061
185.066
185.099
185.113
185.119
185.119
185.116
185.113
185.111
185.112
185.118
185.117
185.111
185.109
185.111
185.114
185.116
185.116
185.111
185.104
185.096
185.099
185.11
185.118
185.12
185.119
185.115
185.112
185.111
185.112
185.118
185.117
185.111
185.108
185.109
185.112
185.115
185.116
185.116
185.113
185.11
185.113
185.118
185.12
185.12
185.117
185.113
185.111
185.11
185.112
185.118
185.117
185.111
185.108
185.108
185.109
185.112
185.115
185.117
185.118
185.118
185.119
185.12
185.12
185.117
185.114
185.111
185.109
185.109
185.112
185.118
185.117
185.111
185.108
185.107
185.107
185.109
185.112
185.115
185.117
185.118
185.119
185.119
185.117
185.114
185.111
185.109
185.108
185.109
185.112
185.117
185.117
185.112
185.109
185.107
185.106
185.107
185.109
185.112
185.114
185.116
185.116
185.115
185.113
185.111
185.109
185.108
185.108
185.11
185.113
185.118
185.118
185.113
185.11
185.108
185.107
185.107
185.108
185.11
185.111
185.112
185.113
185.112
185.111
185.109
185.108
185.108
185.109
185.111
185.114
185.118
185.119
185.116
185.113
185.11
185.109
185.108
185.108
185.109
185.11
185.111
185.111
185.111
185.11
185.109
185.109
185.11
185.111
185.114
185.116
185.12
185.121
185.118
185.116
185.114
185.112
185.111
185.111
185.112
185.112
185.112
185.112
185.112
185.112
185.112
185.112
185.113
185.114
185.116
185.118
185.121
185.123
185.121
185.119
185.118
185.117
185.117
185.117
185.118
185.118
185.118
185.118
185.118
185.118
185.118
185.117
185.118
185.118
185.12
185.121
185.123
)
;
    }
    ceiling
    {
        type            fixedFluxPressure;
        gradient        nonuniform List<scalar> 
400
(
0.265255
0.275586
0.284866
0.292478
0.298409
0.30258
0.304762
0.304411
0.300057
0.292461
0.288939
0.294151
0.300181
0.300913
0.298644
0.294186
0.287931
0.280014
0.270524
0.260097
0.275586
0.281519
0.287025
0.291824
0.29575
0.298562
0.299892
0.299028
0.294999
0.29017
0.287214
0.290596
0.294601
0.295902
0.294487
0.291351
0.287001
0.281719
0.275697
0.269218
0.284866
0.287025
0.289474
0.291888
0.294
0.295482
0.295878
0.294432
0.291407
0.287713
0.285004
0.287311
0.289967
0.291761
0.291262
0.289413
0.286789
0.28375
0.280568
0.277556
0.292478
0.291824
0.291888
0.292328
0.292839
0.293067
0.292525
0.290682
0.288282
0.285253
0.282767
0.284507
0.286642
0.288329
0.288731
0.288098
0.287011
0.285857
0.284941
0.284603
0.298409
0.29575
0.294
0.292839
0.291972
0.29105
0.289619
0.287782
0.285571
0.282894
0.280608
0.282036
0.283924
0.285426
0.28666
0.287148
0.287407
0.287817
0.288681
0.290331
0.30258
0.298562
0.295482
0.293067
0.29105
0.289124
0.287214
0.285314
0.283126
0.280634
0.278557
0.279835
0.281676
0.283257
0.284783
0.286258
0.287666
0.289339
0.291562
0.294631
0.304762
0.299892
0.295878
0.292525
0.289619
0.287214
0.285131
0.283076
0.280826
0.278443
0.276611
0.277822
0.279702
0.281429
0.283115
0.285026
0.287352
0.290016
0.293252
0.297292
0.304411
0.299028
0.294432
0.290682
0.287782
0.285314
0.283076
0.28087
0.278554
0.276292
0.274782
0.275932
0.277849
0.279716
0.281567
0.283582
0.285971
0.289165
0.293105
0.297806
0.300057
0.294999
0.291407
0.288282
0.285571
0.283126
0.280826
0.278554
0.276262
0.27428
0.273199
0.27418
0.276039
0.277966
0.279907
0.281961
0.284255
0.286951
0.290121
0.294935
0.292461
0.29017
0.287713
0.285253
0.282894
0.280634
0.278443
0.276292
0.27428
0.273104
0.272345
0.272892
0.274489
0.276318
0.278206
0.280161
0.282219
0.284401
0.286641
0.288893
0.288939
0.287214
0.285004
0.282767
0.280608
0.278557
0.276611
0.274782
0.273199
0.272345
0.272107
0.272423
0.273688
0.275261
0.276945
0.278714
0.280571
0.282502
0.284429
0.285944
0.294151
0.290596
0.287311
0.284507
0.282036
0.279835
0.277822
0.275932
0.27418
0.272892
0.272423
0.272953
0.27433
0.275912
0.277583
0.279388
0.281403
0.28369
0.28641
0.289207
0.300181
0.294601
0.289967
0.286642
0.283924
0.281676
0.279702
0.277849
0.276039
0.274489
0.273688
0.27433
0.275787
0.277342
0.278955
0.28075
0.282907
0.285537
0.289404
0.294223
0.300913
0.295902
0.291761
0.288329
0.285426
0.283257
0.281429
0.279716
0.277966
0.276318
0.275261
0.275912
0.277342
0.27878
0.280249
0.281939
0.28423
0.286967
0.290302
0.294428
0.298644
0.294487
0.291262
0.288731
0.28666
0.284783
0.283115
0.281567
0.279907
0.278206
0.276945
0.277583
0.278955
0.280249
0.281571
0.283065
0.284577
0.286393
0.288769
0.29196
0.294186
0.291351
0.289413
0.288098
0.287148
0.286258
0.285026
0.283582
0.281961
0.280161
0.278714
0.279388
0.28075
0.281939
0.283065
0.283627
0.284048
0.284676
0.285783
0.287654
0.287931
0.287001
0.286789
0.287011
0.287407
0.287666
0.287352
0.285971
0.284255
0.282219
0.280571
0.281403
0.282907
0.28423
0.284577
0.284048
0.283191
0.282364
0.281837
0.281901
0.280014
0.281719
0.28375
0.285857
0.287817
0.289339
0.290016
0.289165
0.286951
0.284401
0.282502
0.28369
0.285537
0.286967
0.286393
0.284676
0.282364
0.279793
0.277203
0.274856
0.270524
0.275697
0.280568
0.284941
0.288681
0.291562
0.293252
0.293105
0.290121
0.286641
0.284429
0.28641
0.289404
0.290302
0.288769
0.285783
0.281837
0.277203
0.272048
0.266598
0.260097
0.269218
0.277556
0.284603
0.290331
0.294631
0.297292
0.297806
0.294935
0.288893
0.285944
0.289207
0.294223
0.294428
0.29196
0.287654
0.281901
0.274856
0.266598
0.257644
)
;
        value           nonuniform List<scalar> 
400
(
185.194
185.195
185.194
185.192
185.189
185.186
185.184
185.181
185.18
185.181
185.181
185.18
185.18
185.183
185.185
185.188
185.19
185.192
185.193
185.192
185.195
185.195
185.194
185.191
185.189
185.186
185.183
185.181
185.181
185.182
185.182
185.181
185.181
185.182
185.185
185.188
185.19
185.192
185.193
185.193
185.194
185.194
185.192
185.189
185.186
185.184
185.181
185.18
185.181
185.183
185.184
185.181
185.18
185.181
185.183
185.185
185.188
185.19
185.192
185.192
185.192
185.191
185.189
185.186
185.184
185.181
185.18
185.18
185.181
185.184
185.185
185.182
185.18
185.18
185.181
185.183
185.185
185.188
185.19
185.19
185.189
185.189
185.186
185.184
185.181
185.18
185.179
185.18
185.182
185.186
185.186
185.183
185.18
185.179
185.18
185.181
185.183
185.185
185.187
185.188
185.186
185.186
185.184
185.181
185.18
185.179
185.179
185.181
185.183
185.187
185.188
185.184
185.181
185.18
185.179
185.179
185.181
185.183
185.185
185.185
185.184
185.183
185.181
185.18
185.179
185.179
185.18
185.182
185.185
185.189
185.189
185.186
185.183
185.181
185.179
185.179
185.18
185.181
185.182
185.183
185.181
185.181
185.18
185.18
185.18
185.181
185.182
185.184
185.187
185.19
185.191
185.188
185.185
185.182
185.181
185.18
185.179
185.18
185.181
185.181
185.18
185.181
185.181
185.181
185.182
185.183
185.185
185.187
185.189
185.192
185.192
185.19
185.187
185.185
185.183
185.182
185.181
185.18
185.18
185.179
185.181
185.182
185.183
185.184
185.186
185.187
185.189
185.19
185.192
185.194
185.194
185.192
185.19
185.188
185.187
185.185
185.184
185.183
185.182
185.18
185.181
185.182
185.184
185.185
185.186
185.188
185.189
185.191
185.192
185.194
185.194
185.192
185.191
185.189
185.187
185.186
185.184
185.183
185.182
185.181
185.18
185.181
185.181
185.182
185.183
185.184
185.186
185.188
185.19
185.192
185.192
185.191
185.188
185.186
185.185
185.183
185.182
185.181
185.181
185.18
185.18
185.181
185.18
185.18
185.18
185.181
185.183
185.185
185.187
185.19
185.191
185.188
185.186
185.183
185.182
185.181
185.18
185.18
185.18
185.18
185.183
185.182
185.181
185.18
185.179
185.18
185.181
185.182
185.185
185.188
185.189
185.186
185.183
185.181
185.18
185.179
185.18
185.18
185.182
185.182
185.185
185.185
185.183
185.181
185.18
185.179
185.179
185.181
185.183
185.187
185.187
185.185
185.182
185.18
185.179
185.179
185.18
185.182
185.184
185.184
185.188
185.188
185.185
185.183
185.181
185.179
185.179
185.18
185.182
185.185
185.186
185.183
185.181
185.179
185.179
185.18
185.182
185.184
185.186
185.186
185.19
185.19
185.188
185.185
185.183
185.181
185.18
185.179
185.181
185.184
185.184
185.182
185.18
185.18
185.18
185.182
185.184
185.187
185.188
185.189
185.192
185.192
185.19
185.188
185.185
185.183
185.181
185.18
185.18
185.183
185.183
185.181
185.18
185.18
185.182
185.184
185.187
185.189
185.19
185.19
185.193
185.193
185.192
185.19
185.187
185.185
185.182
185.181
185.18
185.182
185.182
185.181
185.18
185.182
185.184
185.186
185.188
185.19
185.191
185.191
185.192
185.193
185.192
185.19
185.188
185.185
185.183
185.181
185.179
185.18
185.181
185.18
185.18
185.182
185.184
185.186
185.189
185.19
185.191
185.191
)
;
    }
    fixedWalls
    {
        type            fixedFluxPressure;
        gradient        uniform 0;
        value           nonuniform List<scalar> 
800
(
185.123
185.123
185.12
185.116
185.114
185.114
185.116
185.119
185.122
185.128
185.121
185.12
185.117
185.113
185.111
185.11
185.112
185.115
185.119
185.126
185.119
185.118
185.114
185.11
185.108
185.107
185.108
185.111
185.115
185.123
185.118
185.116
185.112
185.107
185.105
185.104
185.104
185.107
185.111
185.119
185.117
185.114
185.11
185.105
185.102
185.101
185.102
185.104
185.107
185.115
185.116
185.113
185.108
185.104
185.101
185.099
185.1
185.101
185.104
185.111
185.116
185.113
185.108
185.103
185.1
185.098
185.098
185.099
185.101
185.107
185.117
185.113
185.107
185.102
185.099
185.098
185.098
185.099
185.1
185.105
185.117
185.113
185.107
185.102
185.099
185.098
185.098
185.099
185.1
185.105
185.117
185.112
185.107
185.102
185.1
185.099
185.099
185.101
185.103
185.107
185.117
185.112
185.107
185.102
185.1
185.099
185.1
185.101
185.105
185.109
185.117
185.113
185.107
185.103
185.1
185.099
185.099
185.1
185.101
185.106
185.117
185.113
185.107
185.103
185.1
185.099
185.099
185.099
185.1
185.105
185.117
185.113
185.108
185.103
185.1
185.099
185.099
185.1
185.101
185.107
185.117
185.114
185.109
185.104
185.101
185.1
185.1
185.102
185.104
185.111
185.117
185.115
185.11
185.106
185.103
185.102
185.102
185.104
185.107
185.115
185.118
185.116
185.112
185.108
185.105
185.105
185.105
185.107
185.111
185.118
185.119
185.118
185.114
185.111
185.108
185.108
185.109
185.111
185.115
185.122
185.121
185.12
185.117
185.114
185.111
185.111
185.112
185.115
185.119
185.125
185.123
185.123
185.12
185.117
185.115
185.115
185.117
185.119
185.122
185.127
185.123
185.123
185.12
185.117
185.115
185.115
185.117
185.119
185.122
185.127
185.121
185.12
185.117
185.114
185.112
185.112
185.113
185.116
185.119
185.125
185.119
185.118
185.115
185.111
185.109
185.108
185.109
185.112
185.116
185.123
185.118
185.116
185.112
185.109
185.106
185.105
185.106
185.108
185.112
185.119
185.117
185.115
185.111
185.107
185.104
185.103
185.104
185.105
185.108
185.115
185.117
185.114
185.109
185.105
185.103
185.101
185.102
185.103
185.105
185.112
185.117
185.114
185.109
185.104
185.102
185.1
185.1
185.101
185.103
185.108
185.118
185.114
185.109
185.104
185.101
185.1
185.1
185.1
185.101
185.106
185.118
185.114
185.109
185.104
185.101
185.1
185.1
185.101
185.101
185.106
185.118
185.114
185.108
185.104
185.102
185.101
185.101
185.102
185.104
185.108
185.118
185.114
185.108
185.104
185.102
185.101
185.102
185.103
185.105
185.109
185.118
185.114
185.109
185.104
185.102
185.101
185.101
185.101
185.102
185.107
185.118
185.114
185.109
185.105
185.102
185.101
185.101
185.101
185.102
185.106
185.118
185.114
185.109
185.105
185.102
185.101
185.101
185.102
185.103
185.108
185.117
185.114
185.11
185.106
185.103
185.102
185.102
185.103
185.105
185.111
185.118
185.115
185.111
185.107
185.105
185.104
185.104
185.105
185.108
185.115
185.118
185.117
185.113
185.109
185.107
185.106
185.107
185.108
185.112
185.118
185.12
185.118
185.115
185.112
185.11
185.109
185.11
185.112
185.115
185.122
185.121
185.121
185.118
185.114
185.113
185.112
185.113
185.116
185.119
185.124
185.123
185.123
185.12
185.118
185.116
185.116
185.117
185.119
185.122
185.126
185.123
185.123
185.12
185.116
185.114
185.114
185.116
185.119
185.122
185.128
185.121
185.12
185.117
185.113
185.111
185.11
185.112
185.115
185.119
185.126
185.119
185.118
185.114
185.11
185.108
185.107
185.108
185.111
185.115
185.123
185.118
185.116
185.112
185.107
185.105
185.104
185.104
185.107
185.111
185.119
185.117
185.114
185.11
185.105
185.102
185.101
185.102
185.104
185.107
185.115
185.116
185.113
185.108
185.104
185.101
185.099
185.1
185.101
185.104
185.111
185.116
185.113
185.108
185.103
185.1
185.098
185.098
185.099
185.101
185.107
185.117
185.113
185.107
185.102
185.099
185.098
185.098
185.099
185.1
185.105
185.117
185.113
185.107
185.102
185.099
185.098
185.098
185.099
185.1
185.105
185.117
185.112
185.107
185.102
185.1
185.099
185.099
185.101
185.103
185.107
185.117
185.112
185.107
185.102
185.1
185.099
185.1
185.101
185.105
185.109
185.117
185.113
185.107
185.103
185.1
185.099
185.099
185.1
185.101
185.106
185.117
185.113
185.107
185.103
185.1
185.099
185.099
185.099
185.1
185.105
185.117
185.113
185.108
185.103
185.1
185.099
185.099
185.1
185.101
185.107
185.117
185.114
185.109
185.104
185.101
185.1
185.1
185.102
185.104
185.111
185.117
185.115
185.11
185.106
185.103
185.102
185.102
185.104
185.107
185.115
185.118
185.116
185.112
185.108
185.105
185.105
185.105
185.107
185.111
185.118
185.119
185.118
185.114
185.111
185.108
185.108
185.109
185.111
185.115
185.122
185.121
185.12
185.117
185.114
185.111
185.111
185.112
185.115
185.119
185.125
185.123
185.123
185.12
185.117
185.115
185.115
185.117
185.119
185.122
185.127
185.123
185.123
185.12
185.117
185.115
185.115
185.117
185.119
185.122
185.127
185.121
185.12
185.117
185.114
185.112
185.112
185.113
185.116
185.119
185.125
185.119
185.118
185.115
185.111
185.109
185.108
185.109
185.112
185.116
185.123
185.118
185.116
185.112
185.109
185.106
185.105
185.106
185.108
185.112
185.119
185.117
185.115
185.111
185.107
185.104
185.103
185.104
185.105
185.108
185.115
185.117
185.114
185.109
185.105
185.103
185.101
185.102
185.103
185.105
185.112
185.117
185.114
185.109
185.104
185.102
185.1
185.1
185.101
185.103
185.108
185.118
185.114
185.109
185.104
185.101
185.1
185.1
185.1
185.101
185.106
185.118
185.114
185.109
185.104
185.101
185.1
185.1
185.101
185.101
185.106
185.118
185.114
185.108
185.104
185.102
185.101
185.101
185.102
185.104
185.108
185.118
185.114
185.108
185.104
185.102
185.101
185.102
185.103
185.105
185.109
185.118
185.114
185.109
185.104
185.102
185.101
185.101
185.101
185.102
185.107
185.118
185.114
185.109
185.105
185.102
185.101
185.101
185.101
185.102
185.106
185.118
185.114
185.109
185.105
185.102
185.101
185.101
185.102
185.103
185.108
185.117
185.114
185.11
185.106
185.103
185.102
185.102
185.103
185.105
185.111
185.118
185.115
185.111
185.107
185.105
185.104
185.104
185.105
185.108
185.115
185.118
185.117
185.113
185.109
185.107
185.106
185.107
185.108
185.112
185.118
185.12
185.118
185.115
185.112
185.11
185.109
185.11
185.112
185.115
185.122
185.121
185.121
185.118
185.114
185.113
185.112
185.113
185.116
185.119
185.124
185.123
185.123
185.12
185.118
185.116
185.116
185.117
185.119
185.122
185.126
)
;
    }
}


// ************************************************************************* //
