/*--------------------------------*- C++ -*----------------------------------*\
  =========                 |
  \\      /  F ield         | OpenFOAM: The Open Source CFD Toolbox
   \\    /   O peration     | Website:  https://openfoam.org
    \\  /    A nd           | Version:  9
     \\/     M anipulation  |
\*---------------------------------------------------------------------------*/
FoamFile
{
    format      ascii;
    class       surfaceScalarField;
    location    "0.05";
    object      phi;
}
// * * * * * * * * * * * * * * * * * * * * * * * * * * * * * * * * * * * * * //

dimensions      [0 3 -1 0 0 0 0];

internalField   nonuniform List<scalar> 
3782
(
1.23098e-05
1.07175e-06
1.21824e-05
5.7814e-07
1.20288e-05
7.70124e-08
1.18435e-05
-4.28768e-07
1.16263e-05
-9.36561e-07
1.13766e-05
-1.44227e-06
1.10941e-05
-1.94141e-06
1.07795e-05
-2.42905e-06
1.04345e-05
-2.89995e-06
1.00614e-05
-3.34878e-06
9.6636e-06
-3.77035e-06
9.24525e-06
-4.15984e-06
8.81094e-06
-4.51309e-06
8.36565e-06
-4.82671e-06
7.91441e-06
-5.09826e-06
7.46209e-06
-5.32627e-06
7.01321e-06
-5.51015e-06
6.57185e-06
-5.65016e-06
6.14154e-06
-5.74725e-06
5.72521e-06
-5.80295e-06
5.32525e-06
-5.81921e-06
4.94346e-06
-5.79831e-06
4.58111e-06
-5.74267e-06
4.23906e-06
-5.65482e-06
3.91776e-06
-5.53723e-06
3.61735e-06
-5.39231e-06
3.33772e-06
-5.22233e-06
3.07855e-06
-5.02939e-06
2.83937e-06
-4.8154e-06
2.61961e-06
-4.58206e-06
2.41865e-06
-4.33085e-06
2.23582e-06
-4.06303e-06
2.07049e-06
-3.77964e-06
1.92202e-06
-3.48151e-06
1.78986e-06
-3.16924e-06
1.67355e-06
-2.84334e-06
1.57275e-06
-2.50428e-06
1.48734e-06
-2.15304e-06
1.41742e-06
-1.79216e-06
1.36332e-06
-1.42831e-06
1.32533e-06
-1.07722e-06
1.30267e-06
-7.72171e-07
-5.78487e-07
1.15805e-06
1.11628e-05
1.23947e-06
1.0753e-05
1.31256e-06
1.04019e-05
1.01122e-05
1.37821e-06
6.89017e-07
1.1052e-05
7.9156e-07
1.06505e-05
8.85615e-07
1.03078e-05
1.00264e-05
9.71394e-07
2.13052e-07
1.09159e-05
3.38967e-07
1.05246e-05
4.55061e-07
1.01918e-05
9.91974e-06
5.61723e-07
-2.66249e-07
1.07534e-05
-1.15915e-07
1.03742e-05
2.29373e-08
1.00529e-05
9.79166e-06
1.5102e-07
-7.46648e-07
1.05635e-05
-5.71093e-07
1.01987e-05
-4.0888e-07
9.89068e-06
9.64174e-06
-2.58951e-07
-1.22448e-06
1.03457e-05
-1.0234e-06
9.99758e-06
-8.37642e-07
9.70493e-06
9.46988e-06
-6.65783e-07
-1.69576e-06
1.01001e-05
-1.46928e-06
9.77109e-06
-1.26017e-06
9.49582e-06
9.27634e-06
-1.06664e-06
-2.15617e-06
9.82716e-06
-1.90492e-06
9.51984e-06
-1.6731e-06
9.264e-06
9.06174e-06
-1.45849e-06
-2.60115e-06
9.52835e-06
-2.32634e-06
9.24502e-06
-2.07288e-06
9.01054e-06
8.82706e-06
-1.8382e-06
-3.02608e-06
9.20565e-06
-2.72948e-06
8.94842e-06
-2.45595e-06
8.73702e-06
8.57372e-06
-2.20259e-06
-3.42644e-06
8.86177e-06
-3.11036e-06
8.63236e-06
-2.81878e-06
8.44546e-06
8.30348e-06
-2.54852e-06
-3.798e-06
8.49997e-06
-3.46525e-06
8.29965e-06
-3.15805e-06
8.13828e-06
8.01848e-06
-2.87302e-06
-4.13703e-06
8.12395e-06
-3.79079e-06
7.95345e-06
-3.47072e-06
7.81824e-06
7.72114e-06
-3.17335e-06
-4.44043e-06
7.73771e-06
-4.08415e-06
7.5972e-06
-3.7542e-06
7.48833e-06
7.41406e-06
-3.44709e-06
-4.70585e-06
7.34531e-06
-4.34307e-06
7.23444e-06
-4.00635e-06
7.15163e-06
7.1e-06
-3.69225e-06
-4.93173e-06
6.95078e-06
-4.56597e-06
6.8687e-06
-4.22558e-06
6.81127e-06
6.78172e-06
-3.90728e-06
-5.11727e-06
6.55791e-06
-4.7519e-06
6.50335e-06
-4.41088e-06
6.47026e-06
6.46194e-06
-4.09109e-06
-5.2624e-06
6.17017e-06
-4.90056e-06
6.14153e-06
-4.56175e-06
6.13145e-06
6.14326e-06
-4.24306e-06
-5.36768e-06
5.79063e-06
-5.0122e-06
5.78606e-06
-4.67819e-06
5.79745e-06
5.82809e-06
-4.36301e-06
-5.4342e-06
5.42192e-06
-5.08754e-06
5.43941e-06
-4.76065e-06
5.47057e-06
5.51861e-06
-4.45117e-06
-5.46346e-06
5.0662e-06
-5.12772e-06
5.10368e-06
-4.80996e-06
5.15282e-06
5.21674e-06
-4.50809e-06
-5.45728e-06
4.7252e-06
-5.13417e-06
4.78058e-06
-4.82723e-06
4.84589e-06
4.92413e-06
-4.53462e-06
-5.41767e-06
4.40022e-06
-5.10854e-06
4.47146e-06
-4.8138e-06
4.55116e-06
4.64218e-06
-4.53184e-06
-5.34677e-06
4.0922e-06
-5.05264e-06
4.17733e-06
-4.77117e-06
4.2697e-06
4.37199e-06
-4.50097e-06
-5.24673e-06
3.80171e-06
-4.9683e-06
3.89891e-06
-4.70091e-06
4.00232e-06
4.11445e-06
-4.44337e-06
-5.11967e-06
3.52908e-06
-4.8574e-06
3.63665e-06
-4.60466e-06
3.74958e-06
3.87023e-06
-4.36042e-06
-4.96762e-06
3.27437e-06
-4.72175e-06
3.39078e-06
-4.48401e-06
3.51185e-06
3.63977e-06
-4.25355e-06
-4.79251e-06
3.03749e-06
-4.56307e-06
3.16135e-06
-4.34053e-06
3.28931e-06
3.42339e-06
-4.12415e-06
-4.59609e-06
2.81816e-06
-4.38301e-06
2.94826e-06
-4.1757e-06
3.082e-06
3.22124e-06
-3.97356e-06
-4.37997e-06
2.61604e-06
-4.18303e-06
2.75131e-06
-3.9909e-06
2.88986e-06
3.03338e-06
-3.80304e-06
-4.14555e-06
2.43069e-06
-3.96448e-06
2.57022e-06
-3.78737e-06
2.71274e-06
2.85978e-06
-3.61378e-06
-3.89405e-06
2.26166e-06
-3.72853e-06
2.40468e-06
-3.56625e-06
2.55044e-06
2.70036e-06
-3.40683e-06
-3.62651e-06
2.10846e-06
-3.47619e-06
2.25433e-06
-3.32851e-06
2.40274e-06
2.55499e-06
-3.18316e-06
-3.34375e-06
1.97065e-06
-3.20831e-06
2.11886e-06
-3.07501e-06
2.26942e-06
2.42355e-06
-2.94358e-06
-3.04646e-06
1.84782e-06
-2.92559e-06
1.99797e-06
-2.80647e-06
2.15028e-06
2.30592e-06
-2.68884e-06
-2.7352e-06
1.73965e-06
-2.62866e-06
1.89141e-06
-2.52355e-06
2.04516e-06
2.20201e-06
-2.41965e-06
-2.41057e-06
1.64591e-06
-2.31822e-06
1.79904e-06
-2.22704e-06
1.95397e-06
2.1118e-06
-2.13683e-06
-2.07368e-06
1.56655e-06
-1.99548e-06
1.72084e-06
-1.91822e-06
1.87671e-06
2.0353e-06
-1.84172e-06
-1.72724e-06
1.50164e-06
-1.66325e-06
1.65685e-06
-1.59996e-06
1.81343e-06
1.97255e-06
-1.5372e-06
-1.37798e-06
1.45132e-06
-1.32822e-06
1.6071e-06
-1.27887e-06
1.76408e-06
1.92347e-06
-1.22979e-06
-1.04132e-06
1.41543e-06
-1.00545e-06
1.57123e-06
-9.69566e-07
1.7282e-06
1.88755e-06
-9.33643e-07
-7.49582e-07
1.39285e-06
-7.26193e-07
1.54784e-06
-7.02397e-07
1.70441e-06
1.86348e-06
-6.78324e-07
-5.64944e-07
-5.49898e-07
-5.34152e-07
-5.1804e-07
1.44324e-06
1.10115e-05
1.49931e-06
1.07034e-05
1.54626e-06
1.03781e-05
1.58416e-06
1.00462e-05
1.61326e-06
9.71647e-06
1.63389e-06
9.39492e-06
1.64651e-06
9.08503e-06
1.65159e-06
8.78865e-06
1.64964e-06
8.5065e-06
1.64118e-06
8.23868e-06
1.6267e-06
7.98493e-06
1.6067e-06
7.74484e-06
1.58166e-06
7.51791e-06
1.55203e-06
7.30361e-06
1.51825e-06
7.10142e-06
1.48072e-06
6.91083e-06
1.43982e-06
6.73132e-06
1.39589e-06
6.56239e-06
1.34925e-06
6.40357e-06
1.30017e-06
6.25442e-06
1.24891e-06
6.11452e-06
1.19568e-06
5.98349e-06
1.14071e-06
5.86099e-06
1.08415e-06
5.74679e-06
1.02618e-06
5.6408e-06
9.66918e-07
5.54317e-06
9.06471e-07
5.45455e-06
8.44903e-07
5.37637e-06
7.82242e-07
5.31126e-06
7.1846e-07
5.26368e-06
6.53475e-07
5.24039e-06
5.87146e-07
5.25094e-06
5.19287e-07
5.30764e-06
4.49703e-07
5.4252e-06
3.78244e-07
5.6196e-06
3.04879e-07
5.90588e-06
2.29802e-07
6.2932e-06
1.53496e-07
6.77326e-06
7.6542e-08
7.29264e-06
7.61144e-06
1.05792e-06
1.0925e-05
1.13451e-06
1.06268e-05
1.20106e-06
1.03115e-05
1.2577e-06
9.98952e-06
1.30469e-06
9.66949e-06
1.34242e-06
9.3572e-06
1.37136e-06
9.0561e-06
1.39201e-06
8.76799e-06
1.4049e-06
8.49359e-06
1.41058e-06
8.23298e-06
1.40959e-06
7.98591e-06
1.40245e-06
7.75198e-06
1.38966e-06
7.53071e-06
1.3717e-06
7.32159e-06
1.34902e-06
7.12413e-06
1.32204e-06
6.93783e-06
1.29116e-06
6.76222e-06
1.25674e-06
6.59683e-06
1.21911e-06
6.44122e-06
1.17858e-06
6.29497e-06
1.13541e-06
6.15769e-06
1.08988e-06
6.02903e-06
1.04219e-06
5.90867e-06
9.92559e-07
5.79641e-06
9.41169e-07
5.69218e-06
8.88175e-07
5.59616e-06
8.33705e-07
5.50902e-06
7.77854e-07
5.43222e-06
7.20678e-07
5.36844e-06
6.62185e-07
5.32218e-06
6.02334e-07
5.30025e-06
5.41035e-07
5.31224e-06
4.78167e-07
5.37051e-06
4.13615e-07
5.48975e-06
3.47316e-07
5.6859e-06
2.79343e-07
5.97384e-06
2.09995e-07
6.36254e-06
1.39852e-07
6.84338e-06
6.95406e-08
7.36292e-06
7.68098e-06
6.70373e-07
1.08163e-05
7.67956e-07
1.05292e-05
8.54443e-07
1.0225e-05
9.30017e-07
9.91395e-06
9.95013e-07
9.6045e-06
1.04988e-06
9.30233e-06
1.09513e-06
9.01085e-06
1.13132e-06
8.73181e-06
1.15902e-06
8.46589e-06
1.1788e-06
8.21319e-06
1.19124e-06
7.97347e-06
1.19688e-06
7.74633e-06
1.19627e-06
7.53133e-06
1.1899e-06
7.32798e-06
1.17825e-06
7.1358e-06
1.16177e-06
6.95434e-06
1.14086e-06
6.78315e-06
1.11591e-06
6.6218e-06
1.08728e-06
6.46987e-06
1.0553e-06
6.32697e-06
1.02025e-06
6.19274e-06
9.82432e-07
6.06685e-06
9.42081e-07
5.94902e-06
8.99431e-07
5.83906e-06
8.54689e-07
5.73691e-06
8.08036e-07
5.64281e-06
7.59625e-07
5.55743e-06
7.09577e-07
5.48227e-06
6.57979e-07
5.42005e-06
6.04873e-07
5.37529e-06
5.50259e-07
5.35488e-06
4.94098e-07
5.36841e-06
4.36336e-07
5.42828e-06
3.7693e-07
5.54916e-06
3.15913e-07
5.74692e-06
2.53458e-07
6.0363e-06
1.89966e-07
6.42603e-06
1.26101e-07
6.90724e-06
6.25261e-08
7.42649e-06
7.74351e-06
2.8226e-07
1.06851e-05
4.01155e-07
1.04103e-05
5.07772e-07
1.01184e-05
6.02381e-07
9.81935e-06
6.85405e-07
9.52147e-06
7.57372e-07
9.23037e-06
8.18868e-07
8.94936e-06
8.70506e-07
8.68017e-06
9.12907e-07
8.4235e-06
9.46688e-07
8.17942e-06
9.7245e-07
7.94771e-06
9.90778e-07
7.72801e-06
1.00223e-06
7.51988e-06
1.00735e-06
7.32287e-06
1.00663e-06
7.13654e-06
1.00054e-06
6.96046e-06
9.89519e-07
6.79419e-06
9.73979e-07
6.63736e-06
9.54298e-07
6.48956e-06
9.30825e-07
6.35045e-06
9.03885e-07
6.21968e-06
8.73776e-07
6.09696e-06
8.40775e-07
5.98202e-06
8.05131e-07
5.87469e-06
7.67075e-07
5.77496e-06
7.26809e-07
5.68307e-06
6.84512e-07
5.59973e-06
6.4033e-07
5.52646e-06
5.94378e-07
5.46601e-06
5.46732e-07
5.42295e-06
4.97433e-07
5.40419e-06
4.46496e-07
5.41936e-06
3.93925e-07
5.48086e-06
3.39757e-07
5.60334e-06
2.8411e-07
5.80258e-06
2.27257e-07
6.09316e-06
1.69699e-07
6.4836e-06
1.12189e-07
6.96476e-06
5.54273e-08
7.48325e-06
7.79894e-06
-1.04797e-07
1.05309e-05
3.56207e-08
1.02699e-05
1.62477e-07
9.99156e-06
2.76145e-07
9.70569e-06
3.77155e-07
9.42047e-06
4.6613e-07
9.1414e-06
5.43738e-07
8.87176e-06
6.10665e-07
8.61326e-06
6.67592e-07
8.36658e-06
7.15184e-07
8.13183e-06
7.54086e-07
7.90882e-06
7.8492e-07
7.69719e-06
8.08279e-07
7.49653e-06
8.24726e-07
7.30644e-06
8.34792e-07
7.12649e-06
8.38973e-07
6.95629e-06
8.37734e-07
6.79545e-06
8.31509e-07
6.6436e-06
8.20699e-07
6.50038e-06
8.05679e-07
6.36548e-06
7.86795e-07
6.23857e-06
7.6437e-07
6.11938e-06
7.38699e-07
6.00768e-06
7.10056e-07
5.90333e-06
6.78691e-07
5.80633e-06
6.44829e-07
5.71693e-06
6.0867e-07
5.6359e-06
5.70387e-07
5.56475e-06
5.30122e-07
5.50628e-06
4.87984e-07
5.4651e-06
4.44055e-07
5.44813e-06
3.98398e-07
5.46503e-06
3.5108e-07
5.52819e-06
3.02211e-07
5.65222e-06
2.51994e-07
5.8528e-06
2.00797e-07
6.14437e-06
1.49222e-07
6.53518e-06
9.81103e-08
7.01588e-06
4.82158e-08
7.53315e-06
7.84716e-06
-4.88697e-07
1.03539e-05
-3.26807e-07
1.0108e-05
-1.7981e-07
9.84458e-06
-4.72103e-08
9.5731e-06
7.16277e-08
9.30165e-06
1.7742e-07
9.03562e-06
2.70922e-07
8.77827e-06
3.52901e-07
8.53129e-06
4.24107e-07
8.29539e-06
4.85262e-07
8.07069e-06
5.37062e-07
7.85703e-06
5.80168e-07
7.65409e-06
6.15212e-07
7.4615e-06
6.42789e-07
7.27887e-06
6.63458e-07
7.10584e-06
6.77744e-07
6.94202e-06
6.86137e-07
6.78707e-06
6.89094e-07
6.64065e-06
6.87043e-07
6.50244e-06
6.8038e-07
6.37215e-06
6.69474e-07
6.24948e-06
6.54667e-07
6.13419e-06
6.36278e-07
6.02607e-06
6.14599e-07
5.92501e-06
5.89901e-07
5.83103e-06
5.6243e-07
5.74441e-06
5.32408e-07
5.66592e-06
5.00032e-07
5.59713e-06
4.6547e-07
5.54085e-06
4.28864e-07
5.50171e-06
3.90334e-07
5.48666e-06
3.49993e-07
5.50538e-06
3.07965e-07
5.57023e-06
2.64433e-07
5.69576e-06
2.19684e-07
5.89756e-06
1.74178e-07
6.18988e-06
1.28617e-07
6.58075e-06
8.39318e-08
7.06058e-06
4.09399e-08
7.57615e-06
7.88811e-06
-8.66951e-07
1.01542e-05
-6.83948e-07
9.92504e-06
-5.17176e-07
9.67782e-06
-3.66005e-07
9.42195e-06
-2.29691e-07
9.16536e-06
-1.07421e-07
8.91338e-06
1.64919e-09
8.66923e-06
9.83616e-08
8.43461e-06
1.83528e-07
8.21024e-06
2.57932e-07
7.9963e-06
3.22324e-07
7.79265e-06
3.77415e-07
7.599e-06
4.23872e-07
7.41504e-06
4.62325e-07
7.24042e-06
4.93365e-07
7.0748e-06
5.17544e-07
6.91785e-06
5.35377e-07
6.76924e-06
5.47347e-07
6.62869e-06
5.53904e-07
6.49589e-06
5.55466e-07
6.37059e-06
5.52423e-07
6.25252e-06
5.45137e-07
6.14148e-06
5.33947e-07
6.03727e-06
5.19165e-07
5.9398e-06
5.01081e-07
5.84912e-06
4.7996e-07
5.76553e-06
4.56047e-07
5.68984e-06
4.29559e-07
5.62363e-06
4.0069e-07
5.56973e-06
3.69616e-07
5.53279e-06
3.36492e-07
5.5198e-06
3.01477e-07
5.54041e-06
2.64757e-07
5.60696e-06
2.2658e-07
5.73395e-06
1.87316e-07
5.93684e-06
1.47518e-07
6.22969e-06
1.07984e-07
6.6203e-06
6.97344e-08
7.09884e-06
3.36528e-08
7.61224e-06
7.92177e-06
-1.23686e-06
9.93256e-06
-1.03339e-06
9.72158e-06
-8.47468e-07
9.49191e-06
-6.78331e-07
9.25283e-06
-5.25113e-07
9.01216e-06
-3.86896e-07
8.77519e-06
-2.62747e-07
8.54511e-06
-1.51757e-07
8.32364e-06
-5.30498e-08
8.11156e-06
3.42166e-08
7.90905e-06
1.10839e-07
7.71603e-06
1.77567e-07
7.53228e-06
2.35111e-07
7.3575e-06
2.84139e-07
7.1914e-06
3.25269e-07
7.03368e-06
3.59082e-07
6.88404e-06
3.86122e-07
6.74221e-06
4.06893e-07
6.60792e-06
4.21867e-07
6.48093e-06
4.31484e-07
6.36098e-06
4.36154e-07
6.24786e-06
4.36258e-07
6.14138e-06
4.32153e-07
6.04138e-06
4.24169e-07
5.94779e-06
4.12616e-07
5.86068e-06
3.97777e-07
5.78038e-06
3.79914e-07
5.70771e-06
3.59269e-07
5.64428e-06
3.36061e-07
5.59294e-06
3.10492e-07
5.55837e-06
2.82757e-07
5.54754e-06
2.53059e-07
5.57011e-06
2.21639e-07
5.63839e-06
1.88814e-07
5.76679e-06
1.55033e-07
5.97063e-06
1.20939e-07
6.2638e-06
8.74217e-08
6.65383e-06
5.55923e-08
7.13068e-06
2.63962e-08
7.64146e-06
7.94817e-06
-1.59566e-06
9.69004e-06
-1.37266e-06
9.4986e-06
-1.16847e-06
9.28773e-06
-9.82176e-07
9.06656e-06
-8.12814e-07
8.84282e-06
-6.59361e-07
8.62176e-06
-5.20797e-07
8.40657e-06
-3.96137e-07
8.19901e-06
-2.8444e-07
7.99988e-06
-1.84813e-07
7.80944e-06
-9.64179e-08
7.62765e-06
-1.84649e-08
7.45433e-06
4.97894e-08
7.28925e-06
1.09039e-07
7.13215e-06
1.59932e-07
6.98279e-06
2.03078e-07
6.8409e-06
2.39047e-07
6.70625e-06
2.68366e-07
6.57861e-06
2.91529e-07
6.45778e-06
3.08994e-07
6.34353e-06
3.2119e-07
6.23568e-06
3.28517e-07
6.13406e-06
3.31349e-07
6.03856e-06
3.30035e-07
5.94911e-06
3.24898e-07
5.86582e-06
3.16242e-07
5.78904e-06
3.04346e-07
5.71961e-06
2.89473e-07
5.65915e-06
2.71865e-07
5.61055e-06
2.51752e-07
5.57848e-06
2.29365e-07
5.56993e-06
2.0495e-07
5.59454e-06
1.78801e-07
5.66455e-06
1.51303e-07
5.7943e-06
1.2298e-07
5.99897e-06
9.4561e-08
6.29224e-06
6.70276e-08
6.68138e-06
4.15734e-08
7.15615e-06
1.92048e-08
7.66384e-06
7.96739e-06
-1.94053e-06
9.428e-06
-1.69927e-06
9.25736e-06
-1.47794e-06
9.06641e-06
-1.27553e-06
8.86417e-06
-1.09097e-06
8.65828e-06
-9.23142e-07
8.45396e-06
-7.70962e-07
8.25441e-06
-6.33368e-07
8.06144e-06
-5.0936e-07
7.87589e-06
-3.97996e-07
7.69808e-06
-2.98393e-07
7.52805e-06
-2.09725e-07
7.36567e-06
-1.31223e-07
7.21075e-06
-6.21704e-08
7.0631e-06
-1.89183e-09
6.92251e-06
5.02458e-08
6.78877e-06
9.48279e-08
6.66167e-06
1.32403e-07
6.54105e-06
1.63485e-07
6.42671e-06
1.88554e-07
6.31847e-06
2.08055e-07
6.21619e-06
2.22406e-07
6.11973e-06
2.31995e-07
6.02898e-06
2.37188e-07
5.94393e-06
2.38325e-07
5.86469e-06
2.35724e-07
5.79165e-06
2.29684e-07
5.72565e-06
2.20484e-07
5.66835e-06
2.0839e-07
5.62265e-06
1.9366e-07
5.59322e-06
1.76555e-07
5.58704e-06
1.57365e-07
5.61374e-06
1.36436e-07
5.68549e-06
1.14215e-07
5.81654e-06
9.13012e-08
6.0219e-06
6.85056e-08
6.31505e-06
4.68952e-08
6.703e-06
2.77417e-08
7.17532e-06
1.2106e-08
7.6795e-06
7.97951e-06
-2.26871e-06
9.14821e-06
-2.01075e-06
8.99941e-06
-1.77367e-06
8.82935e-06
-1.5564e-06
8.64691e-06
-1.35777e-06
8.45967e-06
-1.1766e-06
8.27281e-06
-1.01173e-06
8.08957e-06
-8.62055e-07
7.91178e-06
-7.26516e-07
7.74036e-06
-6.04128e-07
7.57571e-06
-4.93973e-07
7.4179e-06
-3.95195e-07
7.2669e-06
-3.06997e-07
7.12256e-06
-2.28637e-07
6.98475e-06
-1.59419e-07
6.8533e-06
-9.8699e-08
6.72806e-06
-4.58725e-08
6.60886e-06
-3.74238e-10
6.49557e-06
3.83276e-08
6.38802e-06
7.07231e-08
6.28609e-06
9.72743e-08
6.18966e-06
1.18415e-07
6.0986e-06
1.3455e-07
6.01286e-06
1.46059e-07
5.93243e-06
1.53296e-07
5.85746e-06
1.56596e-07
5.78835e-06
1.56271e-07
5.72598e-06
1.5262e-07
5.672e-06
1.45929e-07
5.62934e-06
1.3648e-07
5.60267e-06
1.24568e-07
5.59896e-06
1.10521e-07
5.62779e-06
9.47356e-08
5.70129e-06
7.77192e-08
5.83357e-06
6.01416e-08
6.03949e-06
4.28914e-08
6.33231e-06
2.71165e-08
6.71879e-06
1.4159e-08
7.1883e-06
5.11186e-09
7.68856e-06
7.98463e-06
-2.57755e-06
8.85276e-06
-2.30473e-06
8.72661e-06
-2.05354e-06
8.57818e-06
-1.82286e-06
8.41624e-06
-1.61146e-06
8.24829e-06
-1.41813e-06
8.07949e-06
-1.24164e-06
7.91309e-06
-1.08084e-06
7.75099e-06
-9.34647e-07
7.59418e-06
-8.02038e-07
7.44311e-06
-6.82065e-07
7.29794e-06
-5.7385e-07
7.15869e-06
-4.76573e-07
7.02529e-06
-3.89472e-07
6.89766e-06
-3.11837e-07
6.77568e-06
-2.43006e-07
6.65924e-06
-1.82361e-07
6.54823e-06
-1.29324e-07
6.44255e-06
-8.33566e-08
6.34207e-06
-4.39541e-08
6.24671e-06
-1.06412e-08
6.15636e-06
1.70273e-08
6.07095e-06
3.94682e-08
5.99043e-06
5.7073e-08
5.91483e-06
7.02098e-08
5.84433e-06
7.92258e-08
5.77934e-06
8.44505e-08
5.72075e-06
8.61979e-08
5.67025e-06
8.47727e-08
5.63076e-06
8.04809e-08
5.60696e-06
7.36465e-08
5.6058e-06
6.46363e-08
5.63681e-06
5.38943e-08
5.71204e-06
4.1985e-08
5.84549e-06
2.96449e-08
6.05185e-06
1.78371e-08
6.34413e-06
7.78638e-09
6.72886e-06
8.99088e-10
7.1952e-06
-1.74529e-09
7.69123e-06
7.98289e-06
-2.86458e-06
8.54402e-06
-2.57899e-06
8.44104e-06
-2.31554e-06
8.31475e-06
-2.07308e-06
8.1738e-06
-1.85039e-06
8.02561e-06
-1.6462e-06
7.87531e-06
-1.45927e-06
7.72617e-06
-1.28842e-06
7.58016e-06
-1.13254e-06
7.43831e-06
-9.90598e-07
7.30117e-06
-8.61616e-07
7.16897e-06
-7.44701e-07
7.04179e-06
-6.39022e-07
6.91963e-06
-5.43802e-07
6.80245e-06
-4.5832e-07
6.69021e-06
-3.81903e-07
6.58284e-06
-3.13921e-07
6.48027e-06
-2.53789e-07
6.38243e-06
-2.00958e-07
6.28926e-06
-1.54913e-07
6.20068e-06
-1.1517e-07
6.11663e-06
-8.12749e-08
6.03706e-06
-5.28036e-08
5.96196e-06
-2.93537e-08
5.89139e-06
-1.05458e-08
5.82552e-06
3.97898e-09
5.76481e-06
1.4562e-08
5.71017e-06
2.15315e-08
5.66328e-06
2.52101e-08
5.62708e-06
2.59257e-08
5.60625e-06
2.40303e-08
5.6077e-06
1.99265e-08
5.64092e-06
1.41032e-08
5.71787e-06
7.17953e-09
5.85242e-06
-4.42045e-11
6.05908e-06
-6.53789e-09
6.35064e-06
-1.10123e-08
6.73335e-06
-1.20181e-08
7.19622e-06
-8.49347e-09
7.68772e-06
7.97441e-06
-3.12762e-06
8.22458e-06
-2.83152e-06
8.14498e-06
-2.55782e-06
8.04108e-06
-2.30539e-06
7.92138e-06
-2.07299e-06
7.79323e-06
-1.85937e-06
7.6617e-06
-1.66329e-06
7.53011e-06
-1.48356e-06
7.40043e-06
-1.31906e-06
7.27382e-06
-1.16873e-06
7.15086e-06
-1.03162e-06
7.03187e-06
-9.06805e-07
6.91699e-06
-7.93457e-07
6.80629e-06
-6.90791e-07
6.6998e-06
-5.9808e-07
6.59752e-06
-5.14645e-07
6.49942e-06
-4.39851e-07
6.40549e-06
-3.73105e-07
6.31571e-06
-3.13853e-07
6.23002e-06
-2.61572e-07
6.14841e-06
-2.15773e-07
6.07084e-06
-1.75995e-07
5.9973e-06
-1.41806e-07
5.92778e-06
-1.12796e-07
5.86238e-06
-8.85769e-08
5.8013e-06
-6.87821e-08
5.74502e-06
-5.30602e-08
5.69444e-06
-4.10705e-08
5.65129e-06
-3.2475e-08
5.61849e-06
-2.69256e-08
5.6007e-06
-2.40444e-08
5.60483e-06
-2.33957e-08
5.64028e-06
-2.44486e-08
5.71894e-06
-2.65335e-08
5.85452e-06
-2.87919e-08
6.06136e-06
-3.01288e-08
6.352e-06
-2.91916e-08
6.73243e-06
-2.4475e-08
7.19152e-06
-1.48711e-08
7.67814e-06
7.95955e-06
-3.36478e-06
7.89714e-06
-3.06059e-06
7.84082e-06
-2.77877e-06
7.75929e-06
-2.51826e-06
7.66089e-06
-2.27785e-06
7.55284e-06
-2.05633e-06
7.4402e-06
-1.85248e-06
7.32626e-06
-1.6651e-06
7.21307e-06
-1.4931e-06
7.10182e-06
-1.33543e-06
6.9932e-06
-1.19111e-06
6.88757e-06
-1.05926e-06
6.78515e-06
-9.39033e-07
6.68608e-06
-8.29643e-07
6.59043e-06
-7.30366e-07
6.49826e-06
-6.40523e-07
6.4096e-06
-5.59479e-07
6.32447e-06
-4.86638e-07
6.24288e-06
-4.21442e-07
6.16484e-06
-3.63366e-07
6.09035e-06
-3.11918e-07
6.01941e-06
-2.66632e-07
5.95202e-06
-2.2707e-07
5.88823e-06
-1.92819e-07
5.82813e-06
-1.63483e-07
5.77197e-06
-1.3869e-07
5.72022e-06
-1.18079e-07
5.67383e-06
-1.01299e-07
5.63451e-06
-8.79997e-08
5.60519e-06
-7.78156e-08
5.59052e-06
-7.03454e-08
5.59736e-06
-6.51229e-08
5.63507e-06
-6.15788e-08
5.71541e-06
-5.89965e-08
5.85196e-06
-5.64636e-08
6.05884e-06
-5.28266e-08
6.34838e-06
-4.66733e-08
6.72629e-06
-3.64425e-08
7.18131e-06
-2.09777e-08
7.6627e-06
7.93859e-06
-3.57457e-06
7.56446e-06
-3.26475e-06
7.53102e-06
-2.97701e-06
7.47158e-06
-2.71038e-06
7.39428e-06
-2.46374e-06
7.30622e-06
-2.23592e-06
7.21238e-06
-2.02572e-06
7.11608e-06
-1.832e-06
7.01937e-06
-1.65369e-06
6.92352e-06
-1.48974e-06
6.82926e-06
-1.33922e-06
6.73706e-06
-1.20124e-06
6.64717e-06
-1.07495e-06
6.55981e-06
-9.59604e-07
6.47509e-06
-8.54465e-07
6.39314e-06
-7.58863e-07
6.31401e-06
-6.72167e-07
6.23779e-06
-5.93783e-07
6.16452e-06
-5.23154e-07
6.09423e-06
-4.59756e-07
6.02697e-06
-4.03095e-07
5.96276e-06
-3.52705e-07
5.90164e-06
-3.08146e-07
5.84367e-06
-2.69e-07
5.78899e-06
-2.3487e-07
5.73784e-06
-2.05377e-07
5.69073e-06
-1.80154e-07
5.64861e-06
-1.58842e-07
5.61321e-06
-1.4108e-07
5.58744e-06
-1.26488e-07
5.57594e-06
-1.14642e-07
5.58553e-06
-1.05051e-07
5.62549e-06
-9.71085e-08
5.70748e-06
-9.00559e-08
5.84492e-06
-8.29314e-08
6.05173e-06
-7.45279e-08
6.33999e-06
-6.3378e-08
6.71516e-06
-4.78693e-08
7.16582e-06
-2.67985e-08
7.64165e-06
7.9118e-06
-3.75589e-06
7.22928e-06
-3.44289e-06
7.21805e-06
-3.15145e-06
7.18016e-06
-2.8807e-06
7.12356e-06
-2.62962e-06
7.05516e-06
-2.39711e-06
6.97989e-06
-2.18204e-06
6.90103e-06
-1.98333e-06
6.82067e-06
-1.79992e-06
6.74012e-06
-1.63083e-06
6.66018e-06
-1.47513e-06
6.58136e-06
-1.33195e-06
6.504e-06
-1.20048e-06
6.42835e-06
-1.07997e-06
6.3546e-06
-9.69708e-07
6.28289e-06
-8.69029e-07
6.21335e-06
-7.77311e-07
6.14609e-06
-6.93967e-07
6.08119e-06
-6.18446e-07
6.01873e-06
-5.50227e-07
5.95876e-06
-4.88819e-07
5.90136e-06
-4.33758e-07
5.84658e-06
-3.84603e-07
5.79452e-06
-3.40937e-07
5.74533e-06
-3.02359e-07
5.69927e-06
-2.6849e-07
5.65687e-06
-2.38957e-07
5.61908e-06
-2.13397e-07
5.58765e-06
-1.91439e-07
5.56549e-06
-1.72689e-07
5.5572e-06
-1.56707e-07
5.56956e-06
-1.42975e-07
5.61177e-06
-1.30856e-07
5.69538e-06
-1.19554e-07
5.83363e-06
-1.08061e-07
6.04025e-06
-9.51218e-08
6.32706e-06
-7.92193e-08
6.69927e-06
-5.86963e-08
7.14531e-06
-3.23059e-08
7.61527e-06
7.8795e-06
-3.908e-06
6.89424e-06
-3.59423e-06
6.90429e-06
-3.30126e-06
6.88721e-06
-3.02836e-06
6.85068e-06
-2.77464e-06
6.80146e-06
-2.53908e-06
6.74435e-06
-2.32064e-06
6.6826e-06
-2.11829e-06
6.61833e-06
-1.93104e-06
6.55288e-06
-1.75794e-06
6.48709e-06
-1.5981e-06
6.42153e-06
-1.4507e-06
6.35661e-06
-1.31494e-06
6.29261e-06
-1.1901e-06
6.22977e-06
-1.07548e-06
6.16828e-06
-9.70429e-07
6.10832e-06
-8.74346e-07
6.05003e-06
-7.86653e-07
5.99351e-06
-7.06806e-07
5.9389e-06
-6.34294e-07
5.88626e-06
-5.6863e-07
5.83571e-06
-5.09354e-07
5.78732e-06
-4.5603e-07
5.74121e-06
-4.08241e-07
5.69754e-06
-3.65589e-07
5.65662e-06
-3.27691e-07
5.61897e-06
-2.94176e-07
5.58558e-06
-2.64674e-07
5.55816e-06
-2.38808e-07
5.53963e-06
-2.16174e-07
5.53458e-06
-1.96316e-07
5.54971e-06
-1.78694e-07
5.59416e-06
-1.62644e-07
5.67934e-06
-1.47334e-07
5.81834e-06
-1.31719e-07
6.02465e-06
-1.14498e-07
6.30986e-06
-9.41119e-08
6.6789e-06
-6.88642e-08
7.12008e-06
-3.74697e-08
7.58389e-06
7.84203e-06
-4.03059e-06
6.56183e-06
-3.71832e-06
6.59204e-06
-3.42591e-06
6.59481e-06
-3.15279e-06
6.57758e-06
-2.89817e-06
6.54687e-06
-2.66117e-06
6.50736e-06
-2.44084e-06
6.46228e-06
-2.23621e-06
6.41371e-06
-2.04636e-06
6.36304e-06
-1.87041e-06
6.31114e-06
-1.70751e-06
6.25864e-06
-1.55687e-06
6.20597e-06
-1.41773e-06
6.15348e-06
-1.2894e-06
6.10145e-06
-1.1712e-06
6.0501e-06
-1.06252e-06
5.99965e-06
-9.6275e-07
5.95027e-06
-8.7134e-07
5.90212e-06
-7.87757e-07
5.85533e-06
-7.11501e-07
5.81002e-06
-6.42094e-07
5.76631e-06
-5.79084e-07
5.72432e-06
-5.22039e-07
5.68417e-06
-4.70547e-07
5.64606e-06
-4.24214e-07
5.6103e-06
-3.82658e-07
5.57743e-06
-3.45508e-07
5.54843e-06
-3.12393e-07
5.52505e-06
-2.8293e-07
5.51018e-06
-2.56706e-07
5.50837e-06
-2.33254e-07
5.52628e-06
-2.12015e-07
5.57294e-06
-1.923e-07
5.65964e-06
-1.73248e-07
5.7993e-06
-1.53777e-07
6.0052e-06
-1.32552e-07
6.28864e-06
-1.07975e-07
6.65433e-06
-7.83178e-08
7.09043e-06
-4.22627e-08
7.54785e-06
7.79977e-06
-4.12366e-06
6.23433e-06
-3.81502e-06
6.28342e-06
-3.52515e-06
6.30495e-06
-3.25362e-06
6.30607e-06
-2.99981e-06
6.29307e-06
-2.76293e-06
6.2705e-06
-2.54214e-06
6.2415e-06
-2.33657e-06
6.20815e-06
-2.14537e-06
6.17184e-06
-1.96771e-06
6.13349e-06
-1.80281e-06
6.09374e-06
-1.64991e-06
6.05308e-06
-1.50832e-06
6.01189e-06
-1.37736e-06
5.97049e-06
-1.25639e-06
5.92914e-06
-1.14481e-06
5.88809e-06
-1.04205e-06
5.84753e-06
-9.47572e-07
5.80766e-06
-8.60861e-07
5.76864e-06
-7.81428e-07
5.73061e-06
-7.08811e-07
5.69371e-06
-6.42565e-07
5.65809e-06
-5.82267e-07
5.62388e-06
-5.27513e-07
5.59132e-06
-4.77912e-07
5.56071e-06
-4.33089e-07
5.53261e-06
-3.92672e-07
5.50803e-06
-3.56291e-07
5.48869e-06
-3.23561e-07
5.47746e-06
-2.94063e-07
5.47888e-06
-2.67319e-07
5.49955e-06
-2.42754e-07
5.54839e-06
-2.19661e-07
5.63656e-06
-1.97151e-07
5.7768e-06
-1.74115e-07
5.98217e-06
-1.49185e-07
6.26373e-06
-1.20735e-07
6.62589e-06
-8.70079e-08
7.05671e-06
-4.66619e-08
7.5075e-06
7.75311e-06
-4.18754e-06
5.91378e-06
-3.88447e-06
5.98036e-06
-3.59896e-06
6.01945e-06
-3.33074e-06
6.03787e-06
-3.07933e-06
6.04167e-06
-2.84407e-06
6.03525e-06
-2.62421e-06
6.02165e-06
-2.419e-06
6.00294e-06
-2.22765e-06
5.9805e-06
-2.04941e-06
5.95525e-06
-1.88356e-06
5.92789e-06
-1.7294e-06
5.89893e-06
-1.58626e-06
5.86877e-06
-1.45353e-06
5.83776e-06
-1.33059e-06
5.80621e-06
-1.21687e-06
5.77438e-06
-1.11182e-06
5.74251e-06
-1.01494e-06
5.7108e-06
-9.25719e-07
5.67944e-06
-8.43694e-07
5.6486e-06
-7.68413e-07
5.61845e-06
-6.99446e-07
5.58913e-06
-6.36381e-07
5.56083e-06
-5.78821e-07
5.53377e-06
-5.26384e-07
5.50828e-06
-4.787e-07
5.48494e-06
-4.35402e-07
5.46474e-06
-3.96122e-07
5.44942e-06
-3.60473e-07
5.44183e-06
-3.28034e-07
5.44646e-06
-2.98317e-07
5.46985e-06
-2.70738e-07
5.52083e-06
-2.44572e-07
5.61041e-06
-2.1891e-07
5.75116e-06
-1.92619e-07
5.95589e-06
-1.64306e-07
6.23542e-06
-1.32321e-07
6.59391e-06
-9.48896e-08
7.01928e-06
-5.06465e-08
7.46325e-06
7.70245e-06
-4.22283e-06
5.602e-06
-3.92707e-06
5.68461e-06
-3.64757e-06
5.73996e-06
-3.38423e-06
5.77454e-06
-3.13671e-06
5.79415e-06
-2.90446e-06
5.80301e-06
-2.68686e-06
5.80406e-06
-2.48324e-06
5.79933e-06
-2.29291e-06
5.79017e-06
-2.11519e-06
5.77754e-06
-1.94942e-06
5.76213e-06
-1.79496e-06
5.74447e-06
-1.65119e-06
5.72501e-06
-1.51754e-06
5.70411e-06
-1.39343e-06
5.68211e-06
-1.27832e-06
5.65929e-06
-1.1717e-06
5.63591e-06
-1.07308e-06
5.61219e-06
-9.81981e-07
5.58836e-06
-8.97956e-07
5.5646e-06
-8.20571e-07
5.54108e-06
-7.49411e-07
5.51799e-06
-6.84076e-07
5.49551e-06
-6.24182e-07
5.47389e-06
-5.69355e-07
5.45347e-06
-5.19233e-07
5.43483e-06
-4.73456e-07
5.41898e-06
-4.31658e-07
5.40763e-06
-3.93455e-07
5.40364e-06
-3.58424e-07
5.41144e-06
-3.26073e-07
5.43751e-06
-2.95808e-07
5.49058e-06
-2.66892e-07
5.58151e-06
-2.384e-07
5.72268e-06
-2.09183e-07
5.92668e-06
-1.77828e-07
6.20407e-06
-1.42668e-07
6.55875e-06
-1.01918e-07
6.97852e-06
-5.41931e-08
7.41552e-06
7.64825e-06
-4.23035e-06
5.30051e-06
-3.9434e-06
5.39767e-06
-3.67139e-06
5.46795e-06
-3.41436e-06
5.51752e-06
-3.17208e-06
5.55189e-06
-2.94415e-06
5.57509e-06
-2.73005e-06
5.58997e-06
-2.52919e-06
5.59848e-06
-2.34099e-06
5.60197e-06
-2.16484e-06
5.60139e-06
-2.00015e-06
5.59743e-06
-1.84633e-06
5.59065e-06
-1.70282e-06
5.58151e-06
-1.56909e-06
5.57038e-06
-1.4446e-06
5.55763e-06
-1.32886e-06
5.54356e-06
-1.22137e-06
5.52844e-06
-1.12168e-06
5.51252e-06
-1.02934e-06
5.49604e-06
-9.43915e-07
5.47919e-06
-8.64993e-07
5.46218e-06
-7.92177e-07
5.44519e-06
-7.25081e-07
5.42844e-06
-6.63335e-07
5.41216e-06
-6.06577e-07
5.39672e-06
-5.54454e-07
5.38272e-06
-5.06612e-07
5.37115e-06
-4.62692e-07
5.36373e-06
-4.22315e-07
5.36327e-06
-3.85056e-07
5.3742e-06
-3.50422e-07
5.40289e-06
-3.17815e-07
5.45798e-06
-2.86488e-07
5.5502e-06
-2.55507e-07
5.69171e-06
-2.23709e-07
5.89489e-06
-1.89669e-07
6.17003e-06
-1.51712e-07
6.52079e-06
-1.08046e-07
6.93485e-06
-5.72743e-08
7.36473e-06
7.59096e-06
-4.21107e-06
5.01061e-06
-3.93424e-06
5.12085e-06
-3.671e-06
5.20472e-06
-3.42154e-06
5.26806e-06
-3.18574e-06
5.3161e-06
-2.96332e-06
5.35267e-06
-2.75385e-06
5.38051e-06
-2.55686e-06
5.4015e-06
-2.37184e-06
5.41696e-06
-2.19826e-06
5.42782e-06
-2.0356e-06
5.43477e-06
-1.88333e-06
5.43839e-06
-1.74095e-06
5.43913e-06
-1.60796e-06
5.4374e-06
-1.48387e-06
5.43356e-06
-1.36823e-06
5.42793e-06
-1.26059e-06
5.42081e-06
-1.1605e-06
5.41245e-06
-1.06754e-06
5.4031e-06
-9.81316e-07
5.39299e-06
-9.01429e-07
5.38231e-06
-8.27499e-07
5.37128e-06
-7.5916e-07
5.36011e-06
-6.96054e-07
5.34907e-06
-6.37832e-07
5.33852e-06
-5.84153e-07
5.32905e-06
-5.34673e-07
5.32168e-06
-4.8904e-07
5.3181e-06
-4.46879e-07
5.32112e-06
-4.0777e-07
5.3351e-06
-3.7122e-07
5.36635e-06
-3.36628e-07
5.4234e-06
-3.03244e-07
5.51682e-06
-2.70128e-07
5.6586e-06
-2.36108e-07
5.86088e-06
-1.99756e-07
6.13368e-06
-1.59394e-07
6.48043e-06
-1.1323e-07
6.88867e-06
-5.98636e-08
7.31135e-06
7.53109e-06
-4.16609e-06
4.73335e-06
-3.90047e-06
4.85524e-06
-3.64712e-06
4.95138e-06
-3.40632e-06
5.02727e-06
-3.1781e-06
5.08788e-06
-2.96225e-06
5.13683e-06
-2.75847e-06
5.17674e-06
-2.56637e-06
5.20941e-06
-2.38551e-06
5.23611e-06
-2.21545e-06
5.25776e-06
-2.05572e-06
5.27505e-06
-1.90587e-06
5.28854e-06
-1.76545e-06
5.2987e-06
-1.63399e-06
5.30595e-06
-1.51107e-06
5.31065e-06
-1.39626e-06
5.31313e-06
-1.28914e-06
5.3137e-06
-1.18931e-06
5.31264e-06
-1.09637e-06
5.31019e-06
-1.00995e-06
5.30659e-06
-9.2967e-07
5.30205e-06
-8.55173e-07
5.29681e-06
-7.8611e-07
5.29107e-06
-7.22141e-07
5.28512e-06
-6.62932e-07
5.27932e-06
-6.08152e-07
5.27429e-06
-5.57469e-07
5.27101e-06
-5.10541e-07
5.27119e-06
-4.66998e-07
5.27759e-06
-4.26427e-07
5.29454e-06
-3.88338e-07
5.32827e-06
-3.52132e-07
5.38721e-06
-3.17057e-07
5.48176e-06
-2.82172e-07
5.62372e-06
-2.46304e-07
5.82502e-06
-2.08026e-07
6.09541e-06
-1.65663e-07
6.43806e-06
-1.17434e-07
6.84043e-06
-6.19433e-08
7.25584e-06
7.46913e-06
-4.09661e-06
4.46954e-06
-3.84308e-06
4.60171e-06
-3.60054e-06
4.70884e-06
-3.36937e-06
4.79611e-06
-3.14968e-06
4.86819e-06
-2.94137e-06
4.92853e-06
-2.74422e-06
4.9796e-06
-2.55793e-06
5.02312e-06
-2.38214e-06
5.06033e-06
-2.21648e-06
5.0921e-06
-2.06054e-06
5.11911e-06
-1.91394e-06
5.14193e-06
-1.77626e-06
5.16102e-06
-1.64711e-06
5.1768e-06
-1.52609e-06
5.18963e-06
-1.41282e-06
5.19987e-06
-1.30691e-06
5.2078e-06
-1.20798e-06
5.21373e-06
-1.11568e-06
5.21791e-06
-1.02966e-06
5.22058e-06
-9.49551e-07
5.22197e-06
-8.75032e-07
5.22231e-06
-8.05769e-07
5.22183e-06
-7.41438e-07
5.2208e-06
-6.8172e-07
5.21962e-06
-6.26299e-07
5.21888e-06
-5.74856e-07
5.21957e-06
-5.27057e-07
5.22339e-06
-4.82544e-07
5.23309e-06
-4.40909e-07
5.25291e-06
-4.01669e-07
5.28904e-06
-3.64229e-07
5.34978e-06
-3.2784e-07
5.44538e-06
-2.91565e-07
5.58746e-06
-2.54234e-07
5.78769e-06
-2.14429e-07
6.0556e-06
-1.70485e-07
6.39411e-06
-1.20638e-07
6.79057e-06
-6.35069e-08
7.19869e-06
7.40561e-06
-4.00382e-06
4.21982e-06
-3.76309e-06
4.36098e-06
-3.53213e-06
4.47788e-06
-3.31139e-06
4.57537e-06
-3.10106e-06
4.65787e-06
-2.90114e-06
4.72861e-06
-2.71147e-06
4.78994e-06
-2.53184e-06
4.8435e-06
-2.36195e-06
4.89045e-06
-2.20151e-06
4.93165e-06
-2.05017e-06
4.96777e-06
-1.90759e-06
4.99935e-06
-1.77342e-06
5.02685e-06
-1.64731e-06
5.05069e-06
-1.5289e-06
5.07123e-06
-1.41784e-06
5.08882e-06
-1.31379e-06
5.10377e-06
-1.21641e-06
5.11637e-06
-1.12536e-06
5.12688e-06
-1.04032e-06
5.13555e-06
-9.60951e-07
5.14263e-06
-8.86953e-07
5.14833e-06
-8.1801e-07
5.1529e-06
-7.53817e-07
5.15662e-06
-6.94072e-07
5.15988e-06
-6.38475e-07
5.16329e-06
-5.86718e-07
5.16782e-06
-5.3848e-07
5.17516e-06
-4.93413e-07
5.18803e-06
-4.5112e-07
5.21063e-06
-4.11125e-07
5.24906e-06
-3.72839e-07
5.3115e-06
-3.35523e-07
5.40807e-06
-2.98246e-07
5.55019e-06
-2.59849e-07
5.7493e-06
-2.18926e-07
6.01468e-06
-1.73832e-07
6.34901e-06
-1.22827e-07
6.73956e-06
-6.45512e-08
7.14039e-06
7.34105e-06
-3.88896e-06
3.98464e-06
-3.66158e-06
4.1336e-06
-3.44281e-06
4.25911e-06
-3.23318e-06
4.36574e-06
-3.03292e-06
4.45762e-06
-2.84212e-06
4.53781e-06
-2.66068e-06
4.60851e-06
-2.48846e-06
4.67128e-06
-2.32524e-06
4.72723e-06
-2.17077e-06
4.77718e-06
-2.02477e-06
4.82177e-06
-1.88695e-06
4.86153e-06
-1.757e-06
4.8969e-06
-1.63462e-06
4.92831e-06
-1.5195e-06
4.95611e-06
-1.41132e-06
4.98065e-06
-1.30977e-06
5.00223e-06
-1.21455e-06
5.02116e-06
-1.12535e-06
5.03769e-06
-1.04186e-06
5.05209e-06
-9.63793e-07
5.06458e-06
-8.9085e-07
5.0754e-06
-8.22745e-07
5.08481e-06
-7.59189e-07
5.09308e-06
-6.99899e-07
5.1006e-06
-6.4459e-07
5.10798e-06
-5.92967e-07
5.1162e-06
-5.44725e-07
5.12692e-06
-4.99527e-07
5.14283e-06
-4.56986e-07
5.16809e-06
-4.16637e-07
5.20872e-06
-3.77903e-07
5.27278e-06
-3.40053e-07
5.37023e-06
-3.02171e-07
5.51231e-06
-2.63112e-07
5.71025e-06
-2.21489e-07
5.97306e-06
-1.75684e-07
6.3032e-06
-1.23988e-07
6.68785e-06
-6.50674e-08
7.08146e-06
7.27598e-06
-3.75322e-06
3.7643e-06
-3.53959e-06
3.91997e-06
-3.3335e-06
4.05302e-06
-3.13552e-06
4.16776e-06
-2.94595e-06
4.26805e-06
-2.7649e-06
4.35677e-06
-2.59236e-06
4.43598e-06
-2.42824e-06
4.50716e-06
-2.27237e-06
4.57136e-06
-2.12456e-06
4.62937e-06
-1.98459e-06
4.68179e-06
-1.8522e-06
4.72914e-06
-1.72715e-06
4.77185e-06
-1.60917e-06
4.81032e-06
-1.49798e-06
4.84492e-06
-1.39331e-06
4.87598e-06
-1.29488e-06
4.90382e-06
-1.20241e-06
4.92871e-06
-1.11563e-06
4.95093e-06
-1.03427e-06
4.97074e-06
-9.58041e-07
4.98837e-06
-8.86682e-07
5.00406e-06
-8.19925e-07
5.01806e-06
-7.57501e-07
5.03066e-06
-6.99144e-07
5.04225e-06
-6.44585e-07
5.05342e-06
-5.93548e-07
5.06517e-06
-5.45738e-07
5.07912e-06
-5.00833e-07
5.09793e-06
-4.58458e-07
5.12572e-06
-4.18162e-07
5.16843e-06
-3.7938e-07
5.234e-06
-3.41397e-07
5.33226e-06
-3.03311e-07
5.47424e-06
-2.63999e-07
5.67095e-06
-2.221e-07
5.93116e-06
-1.76027e-07
6.25713e-06
-1.24109e-07
6.63593e-06
-6.50465e-08
7.02238e-06
7.21093e-06
-3.59773e-06
3.55898e-06
-3.39814e-06
3.72037e-06
-3.20512e-06
3.86e-06
-3.01924e-06
3.98188e-06
-2.84084e-06
4.08966e-06
-2.6701e-06
4.18603e-06
-2.50704e-06
4.27292e-06
-2.35162e-06
4.35174e-06
-2.20373e-06
4.42347e-06
-2.06322e-06
4.48885e-06
-1.92991e-06
4.54847e-06
-1.8036e-06
4.60282e-06
-1.68407e-06
4.65232e-06
-1.5711e-06
4.69736e-06
-1.46446e-06
4.73828e-06
-1.3639e-06
4.77543e-06
-1.26918e-06
4.80911e-06
-1.18005e-06
4.83959e-06
-1.09626e-06
4.86716e-06
-1.01756e-06
4.89206e-06
-9.43704e-07
4.91453e-06
-8.74446e-07
4.93482e-06
-8.09539e-07
4.95316e-06
-7.48734e-07
4.96986e-06
-6.91783e-07
4.9853e-06
-6.38436e-07
5.00008e-06
-5.8843e-07
5.01516e-06
-5.41489e-07
5.03217e-06
-4.97302e-07
5.05374e-06
-4.55511e-07
5.08393e-06
-4.15678e-07
5.1286e-06
-3.77252e-07
5.19559e-06
-3.39539e-07
5.29456e-06
-3.01656e-07
5.43636e-06
-2.62505e-07
5.63181e-06
-2.20755e-07
5.88942e-06
-1.74858e-07
6.21124e-06
-1.23189e-07
6.58426e-06
-6.4489e-08
6.96368e-06
7.14644e-06
-3.42358e-06
3.36877e-06
-3.23822e-06
3.53502e-06
-3.05854e-06
3.68032e-06
-2.88513e-06
3.80847e-06
-2.71834e-06
3.92288e-06
-2.55837e-06
4.02606e-06
-2.40531e-06
4.11986e-06
-2.25913e-06
4.20556e-06
-2.11977e-06
4.28411e-06
-1.98713e-06
4.3562e-06
-1.86107e-06
4.4224e-06
-1.74142e-06
4.48317e-06
-1.62801e-06
4.53891e-06
-1.52065e-06
4.59e-06
-1.41913e-06
4.63678e-06
-1.32326e-06
4.67956e-06
-1.23281e-06
4.71866e-06
-1.14756e-06
4.75436e-06
-1.0673e-06
4.78691e-06
-9.91797e-07
4.81657e-06
-9.20833e-07
4.84358e-06
-8.5418e-07
4.86817e-06
-7.91614e-07
4.8906e-06
-7.32906e-07
4.91115e-06
-6.77829e-07
4.93022e-06
-6.26147e-07
4.94839e-06
-5.77618e-07
4.96662e-06
-5.31978e-07
4.98653e-06
-4.88935e-07
5.0107e-06
-4.48144e-07
5.04314e-06
-4.09184e-07
5.08964e-06
-3.71523e-07
5.15794e-06
-3.34486e-07
5.25753e-06
-2.97215e-07
5.39911e-06
-2.58641e-07
5.59324e-06
-2.17469e-07
5.84826e-06
-1.72194e-07
6.16597e-06
-1.21243e-07
6.53331e-06
-6.3407e-08
6.90584e-06
7.08303e-06
-3.23176e-06
3.19369e-06
-3.06076e-06
3.36401e-06
-2.89464e-06
3.5142e-06
-2.73398e-06
3.64781e-06
-2.57915e-06
3.76805e-06
-2.43036e-06
3.87728e-06
-2.28773e-06
3.97722e-06
-2.15128e-06
4.0691e-06
-2.02096e-06
4.15379e-06
-1.89672e-06
4.23195e-06
-1.77844e-06
4.30412e-06
-1.666e-06
4.37072e-06
-1.55926e-06
4.43216e-06
-1.45805e-06
4.48879e-06
-1.36222e-06
4.54094e-06
-1.27157e-06
4.58893e-06
-1.18593e-06
4.63303e-06
-1.1051e-06
4.67354e-06
-1.02889e-06
4.71071e-06
-9.57095e-07
4.74478e-06
-8.8952e-07
4.77601e-06
-8.25961e-07
4.80462e-06
-7.66214e-07
4.83085e-06
-7.10071e-07
4.85501e-06
-6.57324e-07
4.87747e-06
-6.07757e-07
4.89881e-06
-5.61142e-07
4.92e-06
-5.17234e-07
4.94261e-06
-4.75756e-07
4.96922e-06
-4.36382e-07
5.00377e-06
-3.98706e-07
5.05197e-06
-3.62219e-07
5.12146e-06
-3.26266e-07
5.22159e-06
-2.90017e-07
5.36287e-06
-2.52438e-07
5.55568e-06
-2.12272e-07
5.8081e-06
-1.68063e-07
6.12177e-06
-1.18296e-07
6.48355e-06
-6.18172e-08
6.84936e-06
7.02121e-06
-3.02318e-06
3.03372e-06
-2.86661e-06
3.20744e-06
-2.71421e-06
3.3618e-06
-2.56653e-06
3.50014e-06
-2.42396e-06
3.62549e-06
-2.28672e-06
3.74004e-06
-2.15492e-06
3.84543e-06
-2.02862e-06
3.94279e-06
-1.90781e-06
4.03297e-06
-1.79244e-06
4.11658e-06
-1.68244e-06
4.19411e-06
-1.57772e-06
4.266e-06
-1.47816e-06
4.3326e-06
-1.38363e-06
4.39426e-06
-1.29399e-06
4.45131e-06
-1.20909e-06
4.50403e-06
-1.12877e-06
4.55272e-06
-1.05286e-06
4.59764e-06
-9.81197e-07
4.63905e-06
-9.13602e-07
4.6772e-06
-8.49898e-07
4.71231e-06
-7.89905e-07
4.74463e-06
-7.33441e-07
4.77439e-06
-6.80318e-07
4.80188e-06
-6.30348e-07
4.82749e-06
-5.83332e-07
4.85179e-06
-5.39062e-07
4.87572e-06
-4.9731e-07
4.90085e-06
-4.57817e-07
4.92972e-06
-4.20274e-07
4.96622e-06
-3.84295e-07
5.016e-06
-3.4939e-07
5.08656e-06
-3.14932e-07
5.18715e-06
-2.80119e-07
5.32808e-06
-2.43951e-07
5.51953e-06
-2.05216e-07
5.76938e-06
-1.62511e-07
6.07907e-06
-1.14381e-07
6.43542e-06
-5.97347e-08
6.79471e-06
6.96148e-06
-2.79865e-06
2.88879e-06
-2.65656e-06
3.06535e-06
-2.518e-06
3.22325e-06
-2.38352e-06
3.36567e-06
-2.25347e-06
3.49544e-06
-2.12808e-06
3.61465e-06
-2.00747e-06
3.72482e-06
-1.89172e-06
3.82703e-06
-1.78083e-06
3.92207e-06
-1.67478e-06
4.01052e-06
-1.57353e-06
4.09286e-06
-1.47699e-06
4.16946e-06
-1.38509e-06
4.2407e-06
-1.29773e-06
4.30689e-06
-1.21477e-06
4.36835e-06
-1.1361e-06
4.42536e-06
-1.06159e-06
4.4782e-06
-9.91082e-07
4.52714e-06
-9.24442e-07
4.57241e-06
-8.61513e-07
4.61427e-06
-8.02142e-07
4.65294e-06
-7.46169e-07
4.68865e-06
-6.93433e-07
4.72165e-06
-6.4377e-07
4.75221e-06
-5.97008e-07
4.78072e-06
-5.52971e-07
4.80774e-06
-5.11468e-07
4.8342e-06
-4.72289e-07
4.86166e-06
-4.35195e-07
4.89262e-06
-3.99895e-07
4.93092e-06
-3.66024e-07
4.98214e-06
-3.33114e-07
5.05367e-06
-3.00564e-07
5.15461e-06
-2.67601e-07
5.29513e-06
-2.33263e-07
5.4852e-06
-1.9638e-07
5.73251e-06
-1.55604e-07
6.0383e-06
-1.09547e-07
6.38937e-06
-5.71847e-08
6.74235e-06
6.90429e-06
-2.55892e-06
2.75886e-06
-2.43134e-06
2.93777e-06
-2.30675e-06
3.09867e-06
-2.18564e-06
3.24456e-06
-2.06835e-06
3.37816e-06
-1.9551e-06
3.5014e-06
-1.84601e-06
3.61573e-06
-1.74116e-06
3.72219e-06
-1.64058e-06
3.82149e-06
-1.54427e-06
3.9142e-06
-1.45218e-06
4.00077e-06
-1.36428e-06
4.08156e-06
-1.28049e-06
4.15691e-06
-1.20074e-06
4.22714e-06
-1.12493e-06
4.29254e-06
-1.05295e-06
4.35339e-06
-9.84701e-07
4.40995e-06
-9.20054e-07
4.46249e-06
-8.58887e-07
4.51125e-06
-8.01071e-07
4.55645e-06
-7.46471e-07
4.59834e-06
-6.94951e-07
4.63713e-06
-6.46372e-07
4.67306e-06
-6.00589e-07
4.70642e-06
-5.57453e-07
4.73757e-06
-5.16805e-07
4.76708e-06
-4.78477e-07
4.79586e-06
-4.4228e-07
4.82546e-06
-4.07993e-07
4.85833e-06
-3.75345e-07
4.89828e-06
-3.43994e-07
4.95079e-06
-3.13495e-07
5.02318e-06
-2.83272e-07
5.12441e-06
-2.5258e-07
5.26446e-06
-2.20493e-07
5.45313e-06
-1.85882e-07
5.69791e-06
-1.47451e-07
5.99988e-06
-1.03878e-07
6.3458e-06
-5.4216e-08
6.69268e-06
6.85007e-06
-2.30471e-06
2.64392e-06
-2.1917e-06
2.82475e-06
-2.08119e-06
2.98817e-06
-1.97363e-06
3.13701e-06
-1.86932e-06
3.27386e-06
-1.76848e-06
3.40056e-06
-1.67121e-06
3.51847e-06
-1.57761e-06
3.62858e-06
-1.4877e-06
3.73158e-06
-1.40149e-06
3.828e-06
-1.31898e-06
3.91825e-06
-1.24011e-06
4.00269e-06
-1.16486e-06
4.08165e-06
-1.09315e-06
4.15543e-06
-1.02491e-06
4.2243e-06
-9.60057e-07
4.28853e-06
-8.98499e-07
4.34839e-06
-8.40138e-07
4.40412e-06
-7.84869e-07
4.45597e-06
-7.32583e-07
4.50416e-06
-6.83169e-07
4.54892e-06
-6.36512e-07
4.59046e-06
-5.92492e-07
4.62903e-06
-5.50988e-07
4.6649e-06
-5.11871e-07
4.69843e-06
-4.75006e-07
4.7302e-06
-4.40246e-07
4.76109e-06
-4.07423e-07
4.79263e-06
-3.76341e-07
4.82724e-06
-3.46751e-07
4.86869e-06
-3.18334e-07
4.92239e-06
-2.90669e-07
4.99553e-06
-2.63203e-07
5.09695e-06
-2.35218e-07
5.23649e-06
-2.05814e-07
5.42374e-06
-1.73897e-07
5.666e-06
-1.38216e-07
5.9642e-06
-9.75075e-08
6.30508e-06
-5.09075e-08
6.64607e-06
6.79915e-06
-2.03688e-06
2.54398e-06
-1.93851e-06
2.72638e-06
-1.84221e-06
2.89188e-06
-1.74838e-06
3.04318e-06
-1.65728e-06
3.18276e-06
-1.56909e-06
3.31237e-06
-1.48393e-06
3.43332e-06
-1.40188e-06
3.54653e-06
-1.32297e-06
3.65267e-06
-1.24722e-06
3.75225e-06
-1.17464e-06
3.84566e-06
-1.10519e-06
3.93325e-06
-1.03885e-06
4.01531e-06
-9.75575e-07
4.09214e-06
-9.15304e-07
4.16402e-06
-8.57971e-07
4.23119e-06
-8.03504e-07
4.29391e-06
-7.51822e-07
4.35244e-06
-7.02842e-07
4.40698e-06
-6.56474e-07
4.45779e-06
-6.12628e-07
4.50506e-06
-5.71209e-07
4.54903e-06
-5.32121e-07
4.58993e-06
-4.95263e-07
4.62803e-06
-4.60531e-07
4.66369e-06
-4.27813e-07
4.69746e-06
-3.96986e-07
4.73025e-06
-3.67911e-07
4.76354e-06
-3.40415e-07
4.79975e-06
-3.1428e-07
4.84256e-06
-2.89212e-07
4.89733e-06
-2.64814e-07
4.97115e-06
-2.40554e-07
5.07271e-06
-2.15735e-07
5.21168e-06
-1.8947e-07
5.39749e-06
-1.60682e-07
5.63722e-06
-1.28145e-07
5.93166e-06
-9.06375e-08
6.26757e-06
-4.73746e-08
6.6028e-06
6.75177e-06
-1.75683e-06
2.4591e-06
-1.67319e-06
2.64275e-06
-1.59123e-06
2.80993e-06
-1.51129e-06
2.96324e-06
-1.43358e-06
3.10506e-06
-1.35827e-06
3.23706e-06
-1.28546e-06
3.36051e-06
-1.21522e-06
3.47629e-06
-1.1476e-06
3.58505e-06
-1.08261e-06
3.68727e-06
-1.02027e-06
3.78332e-06
-9.60571e-07
3.87354e-06
-9.03484e-07
3.95822e-06
-8.48981e-07
4.03763e-06
-7.97022e-07
4.11205e-06
-7.47555e-07
4.18171e-06
-7.00524e-07
4.24687e-06
-6.55867e-07
4.30777e-06
-6.13518e-07
4.36463e-06
-5.73407e-07
4.41767e-06
-5.35464e-07
4.46711e-06
-4.99614e-07
4.51318e-06
-4.65783e-07
4.55609e-06
-4.33893e-07
4.59613e-06
-4.03864e-07
4.63365e-06
-3.75612e-07
4.6692e-06
-3.49042e-07
4.70368e-06
-3.24047e-07
4.73855e-06
-3.0049e-07
4.77619e-06
-2.78184e-07
4.82026e-06
-2.5687e-07
4.87602e-06
-2.3618e-07
4.95047e-06
-2.15601e-07
5.05214e-06
-1.94444e-07
5.19053e-06
-1.71814e-07
5.37487e-06
-1.46619e-07
5.61203e-06
-1.1761e-07
5.90265e-06
-8.35764e-08
6.23353e-06
-4.37968e-08
6.56301e-06
6.70797e-06
-1.46742e-06
2.38933e-06
-1.39858e-06
2.57392e-06
-1.33105e-06
2.7424e-06
-1.26509e-06
2.89728e-06
-1.20088e-06
3.04086e-06
-1.13858e-06
3.17476e-06
-1.07826e-06
3.3002e-06
-1.02001e-06
3.41804e-06
-9.63849e-07
3.5289e-06
-9.09822e-07
3.63325e-06
-8.57939e-07
3.73144e-06
-8.08203e-07
3.8238e-06
-7.60602e-07
3.91061e-06
-7.15116e-07
3.99214e-06
-6.71718e-07
4.06864e-06
-6.30371e-07
4.14035e-06
-5.91033e-07
4.20752e-06
-5.53658e-07
4.27038e-06
-5.18197e-07
4.32916e-06
-4.84599e-07
4.38406e-06
-4.52811e-07
4.43532e-06
-4.22778e-07
4.48314e-06
-3.94448e-07
4.52775e-06
-3.67767e-07
4.56943e-06
-3.42679e-07
4.60855e-06
-3.19132e-07
4.64564e-06
-2.97065e-07
4.6816e-06
-2.76409e-07
4.71789e-06
-2.57072e-07
4.75685e-06
-2.38916e-07
4.80211e-06
-2.21726e-07
4.85884e-06
-2.05173e-07
4.93393e-06
-1.88767e-07
5.03575e-06
-1.71812e-07
5.17359e-06
-1.53375e-07
5.35643e-06
-1.32281e-07
5.59094e-06
-1.07181e-07
5.87755e-06
-7.67931e-08
6.20313e-06
-4.04484e-08
6.52665e-06
6.66751e-06
-1.17504e-06
2.33459e-06
-1.1209e-06
2.51978e-06
-1.06766e-06
2.68917e-06
-1.01556e-06
2.84518e-06
-9.64736e-07
2.99004e-06
-9.15324e-07
3.12535e-06
-8.67409e-07
3.25229e-06
-8.21056e-07
3.37169e-06
-7.76313e-07
3.48416e-06
-7.33212e-07
3.59015e-06
-6.91775e-07
3.69e-06
-6.52011e-07
3.78403e-06
-6.13919e-07
3.87251e-06
-5.7749e-07
3.9557e-06
-5.42704e-07
4.03384e-06
-5.0954e-07
4.10718e-06
-4.77968e-07
4.17594e-06
-4.47956e-07
4.24036e-06
-4.1947e-07
4.30067e-06
-3.92475e-07
4.35706e-06
-3.66933e-07
4.40977e-06
-3.42811e-07
4.45901e-06
-3.20074e-07
4.50501e-06
-2.98691e-07
4.54804e-06
-2.78635e-07
4.58849e-06
-2.59884e-07
4.62689e-06
-2.4242e-07
4.66413e-06
-2.2622e-07
4.70169e-06
-2.11251e-07
4.74189e-06
-1.97442e-07
4.78831e-06
-1.84649e-07
4.84606e-06
-1.72604e-07
4.92189e-06
-1.60854e-07
5.02401e-06
-1.48695e-07
5.16143e-06
-1.35107e-07
5.34285e-06
-1.1873e-07
5.57456e-06
-9.79446e-08
5.85676e-06
-7.11944e-08
6.17637e-06
-3.78104e-08
6.49325e-06
6.62969e-06
-8.93406e-07
2.29436e-06
-8.53375e-07
2.47975e-06
-8.1379e-07
2.64959e-06
-7.74857e-07
2.80625e-06
-7.36739e-07
2.95193e-06
-6.99558e-07
3.08818e-06
-6.63406e-07
3.21614e-06
-6.28354e-07
3.33665e-06
-5.94456e-07
3.45027e-06
-5.61751e-07
3.55745e-06
-5.30267e-07
3.65852e-06
-5.00019e-07
3.75378e-06
-4.71014e-07
3.8435e-06
-4.43251e-07
3.92793e-06
-4.1672e-07
4.0073e-06
-3.91407e-07
4.08185e-06
-3.67296e-07
4.15182e-06
-3.44366e-07
4.21743e-06
-3.22595e-07
4.27889e-06
-3.0196e-07
4.33642e-06
-2.82439e-07
4.39025e-06
-2.64014e-07
4.44058e-06
-2.46667e-07
4.48765e-06
-2.30389e-07
4.53176e-06
-2.15177e-07
4.57327e-06
-2.01042e-07
4.61275e-06
-1.88009e-07
4.6511e-06
-1.76113e-07
4.68979e-06
-1.65393e-07
4.73117e-06
-1.5587e-07
4.77879e-06
-1.47507e-07
4.8377e-06
-1.40148e-07
4.91453e-06
-1.33429e-07
5.01729e-06
-1.26681e-07
5.15469e-06
-1.18803e-07
5.33497e-06
-1.08154e-07
5.56391e-06
-9.25302e-08
5.84113e-06
-6.95127e-08
6.15335e-06
-3.78082e-08
6.46154e-06
6.59188e-06
-6.50656e-07
2.26669e-06
-6.22773e-07
2.45187e-06
-5.94914e-07
2.62173e-06
-5.67239e-07
2.77857e-06
-5.39942e-07
2.92463e-06
-5.13166e-07
3.0614e-06
-4.87019e-07
3.19e-06
-4.61584e-07
3.31121e-06
-4.36922e-07
3.42561e-06
-4.1308e-07
3.5336e-06
-3.90091e-07
3.63553e-06
-3.67976e-07
3.73166e-06
-3.46746e-07
3.82227e-06
-3.26407e-07
3.90758e-06
-3.06956e-07
3.98784e-06
-2.88386e-07
4.06328e-06
-2.70689e-07
4.13412e-06
-2.53851e-07
4.20059e-06
-2.3786e-07
4.2629e-06
-2.22703e-07
4.32126e-06
-2.08369e-07
4.37591e-06
-1.94848e-07
4.42705e-06
-1.82138e-07
4.47494e-06
-1.70242e-07
4.51986e-06
-1.59179e-07
4.5622e-06
-1.48983e-07
4.60255e-06
-1.39712e-07
4.64183e-06
-1.31448e-07
4.68153e-06
-1.24296e-07
4.72402e-06
-1.18367e-07
4.77287e-06
-1.1374e-07
4.83308e-06
-1.10401e-07
4.9112e-06
-1.08151e-07
5.01505e-06
-1.06479e-07
5.15302e-06
-1.04371e-07
5.33286e-06
-1.0007e-07
5.55961e-06
-9.07987e-08
5.83186e-06
-7.28798e-08
6.13542e-06
-4.27919e-08
6.43144e-06
6.54909e-06
-4.98513e-07
-4.78297e-07
-4.57719e-07
-4.36994e-07
-4.16361e-07
-3.95992e-07
-3.76008e-07
-3.56503e-07
-3.37547e-07
-3.1919e-07
-3.01469e-07
-2.84406e-07
-2.68017e-07
-2.52309e-07
-2.37281e-07
-2.22933e-07
-2.09256e-07
-1.96244e-07
-1.83888e-07
-1.72178e-07
-1.6111e-07
-1.50679e-07
-1.40888e-07
-1.31749e-07
-1.23285e-07
-1.15534e-07
-1.08556e-07
-1.02428e-07
-9.72446e-08
-9.3096e-08
-9.00401e-08
-8.80503e-08
-8.69442e-08
-8.62834e-08
-8.5239e-08
-8.23946e-08
-7.55324e-08
-6.16413e-08
-3.72407e-08
)
;

boundaryField
{
    leftWall
    {
        type            calculated;
        value           nonuniform List<scalar> 0();
    }
    rightWall
    {
        type            calculated;
        value           uniform 0;
    }
    lowerWall
    {
        type            calculated;
        value           nonuniform List<scalar> 0();
    }
    atmosphere
    {
        type            calculated;
        value           nonuniform List<scalar> 
45
(
1.291e-06
1.37931e-06
1.5328e-06
1.68866e-06
1.84737e-06
2.24716e-06
2.43166e-06
2.60115e-06
2.75785e-06
2.904e-06
3.04104e-06
3.17002e-06
3.29171e-06
3.40665e-06
3.51525e-06
3.6178e-06
3.7146e-06
3.80587e-06
3.89187e-06
3.97281e-06
4.04893e-06
4.12044e-06
4.18757e-06
4.25054e-06
4.30955e-06
4.36484e-06
4.41662e-06
4.46515e-06
4.51072e-06
4.55374e-06
4.5948e-06
4.63485e-06
4.6754e-06
4.71884e-06
4.76872e-06
4.83002e-06
4.90921e-06
5.01394e-06
5.15236e-06
5.33182e-06
5.55676e-06
5.82499e-06
6.12153e-06
6.40704e-06
6.51185e-06
)
;
    }
    defaultFaces
    {
        type            empty;
        value           nonuniform List<scalar> 0();
    }
    procBoundary3to1
    {
        type            processor;
        value           nonuniform List<scalar> 
45
(
-1.24098e-05
-1.12492e-05
-1.08345e-05
-1.0475e-05
-1.01779e-05
-1.10766e-05
-1.07595e-05
-1.0425e-05
-1.00841e-05
-9.74561e-06
-9.41561e-06
-9.09771e-06
-8.79377e-06
-8.50454e-06
-8.23016e-06
-7.97037e-06
-7.72477e-06
-7.49282e-06
-7.27397e-06
-7.06766e-06
-6.87331e-06
-6.6904e-06
-6.51842e-06
-6.35688e-06
-6.2053e-06
-6.06322e-06
-5.93025e-06
-5.80601e-06
-5.69025e-06
-5.58284e-06
-5.48393e-06
-5.39412e-06
-5.31481e-06
-5.2486e-06
-5.19988e-06
-5.17539e-06
-5.18458e-06
-5.23975e-06
-5.35559e-06
-5.54813e-06
-5.83251e-06
-6.21812e-06
-6.69693e-06
-7.21564e-06
-7.53481e-06
)
;
    }
    procBoundary3to2
    {
        type            processor;
        value           nonuniform List<scalar> 
43
(
-9.72434e-07
-4.50886e-07
7.66068e-08
6.13996e-07
1.15373e-06
1.69202e-06
2.22388e-06
2.74361e-06
3.24507e-06
3.72196e-06
4.16818e-06
4.57818e-06
4.9473e-06
5.2719e-06
5.54947e-06
5.77862e-06
5.95908e-06
6.09154e-06
6.17752e-06
6.21916e-06
6.21904e-06
6.17998e-06
6.1049e-06
5.99674e-06
5.85838e-06
5.69256e-06
5.50182e-06
5.28847e-06
5.05454e-06
4.80183e-06
4.53188e-06
4.24598e-06
3.94514e-06
3.63016e-06
3.30159e-06
2.9598e-06
2.60516e-06
2.23845e-06
1.86199e-06
1.48227e-06
1.11507e-06
7.94733e-07
5.9013e-07
)
;
    }
}


// ************************************************************************* //
