/*--------------------------------*- C++ -*----------------------------------*\
  =========                 |
  \\      /  F ield         | OpenFOAM: The Open Source CFD Toolbox
   \\    /   O peration     | Website:  https://openfoam.org
    \\  /    A nd           | Version:  9
     \\/     M anipulation  |
\*---------------------------------------------------------------------------*/
FoamFile
{
    format      ascii;
    class       volVectorField;
    location    "0.1";
    object      U;
}
// * * * * * * * * * * * * * * * * * * * * * * * * * * * * * * * * * * * * * //

dimensions      [0 1 -1 0 0 0 0];

internalField   nonuniform List<vector> 
1935
(
(0.00430398 0.254751 0)
(-0.00559472 0.25113 0)
(-0.0154134 0.246882 0)
(-0.0250219 0.242112 0)
(-0.0343762 0.236743 0)
(-0.0434005 0.230779 0)
(-0.0520148 0.224225 0)
(-0.0601365 0.217103 0)
(-0.0676846 0.209452 0)
(-0.0745831 0.201326 0)
(-0.0807657 0.192796 0)
(-0.0861799 0.183942 0)
(-0.0907887 0.174855 0)
(-0.094572 0.165627 0)
(-0.0975269 0.156352 0)
(-0.099667 0.14712 0)
(-0.10102 0.138012 0)
(-0.101624 0.129104 0)
(-0.101527 0.120457 0)
(-0.100782 0.112123 0)
(-0.0994451 0.104141 0)
(-0.0975739 0.096542 0)
(-0.0952252 0.0893464 0)
(-0.092453 0.0825663 0)
(-0.0893085 0.0762067 0)
(-0.0858387 0.070267 0)
(-0.0820861 0.0647418 0)
(-0.0780891 0.0596223 0)
(-0.0738812 0.0548971 0)
(-0.0694911 0.0505534 0)
(-0.0649433 0.0465772 0)
(-0.0602583 0.0429542 0)
(-0.055453 0.0396706 0)
(-0.0505416 0.0367135 0)
(-0.0455368 0.0340713 0)
(-0.040453 0.0317344 0)
(-0.0353119 0.0296967 0)
(-0.0301518 0.027956 0)
(-0.0250455 0.0265161 0)
(-0.0201282 0.0253886 0)
(-0.0156376 0.0245852 0)
(-0.0119616 0.0241275 0)
(-0.0097175 0.0239159 0)
(0.00740302 0.245261 0)
(0.0100945 0.236767 0)
(0.0126174 0.229185 0)
(0.0149149 0.222506 0)
(-0.00212563 0.241836 0)
(0.00101708 0.233632 0)
(0.00392088 0.226307 0)
(0.00658353 0.219874 0)
(-0.0114563 0.237939 0)
(-0.00789931 0.230028 0)
(-0.00461096 0.222986 0)
(-0.00157974 0.21682 0)
(-0.0205964 0.233518 0)
(-0.0166218 0.225933 0)
(-0.0129436 0.219205 0)
(-0.00954405 0.213331 0)
(-0.0294814 0.22855 0)
(-0.0250917 0.221336 0)
(-0.0210291 0.214957 0)
(-0.0172686 0.209405 0)
(-0.0380476 0.223039 0)
(-0.0332539 0.21624 0)
(-0.0288183 0.210246 0)
(-0.0247095 0.205046 0)
(-0.0462263 0.216994 0)
(-0.0410484 0.210654 0)
(-0.0362589 0.205082 0)
(-0.0318206 0.200264 0)
(-0.0539465 0.210435 0)
(-0.0484141 0.204598 0)
(-0.0432977 0.199482 0)
(-0.038555 0.195077 0)
(-0.0611384 0.203395 0)
(-0.0552903 0.198101 0)
(-0.0498819 0.193475 0)
(-0.0448663 0.189508 0)
(-0.0677369 0.195924 0)
(-0.0616206 0.191205 0)
(-0.055962 0.187097 0)
(-0.0507108 0.183592 0)
(-0.0736846 0.188079 0)
(-0.0673546 0.183962 0)
(-0.0614936 0.180392 0)
(-0.0560491 0.177368 0)
(-0.0789346 0.17993 0)
(-0.0724506 0.176431 0)
(-0.0664394 0.173414 0)
(-0.0608477 0.170882 0)
(-0.0834528 0.171553 0)
(-0.0768773 0.168678 0)
(-0.0707705 0.16622 0)
(-0.0650801 0.164184 0)
(-0.0872194 0.16303 0)
(-0.080615 0.160774 0)
(-0.074468 0.158871 0)
(-0.068728 0.15733 0)
(-0.0902286 0.154441 0)
(-0.0836559 0.15279 0)
(-0.0775228 0.15143 0)
(-0.0717814 0.150374 0)
(-0.0924881 0.145865 0)
(-0.0860039 0.144796 0)
(-0.0799357 0.143959 0)
(-0.074239 0.143373 0)
(-0.0940178 0.137376 0)
(-0.0876733 0.136857 0)
(-0.0817167 0.136519 0)
(-0.0761074 0.136382 0)
(-0.0948481 0.129041 0)
(-0.0886877 0.129035 0)
(-0.0828839 0.129165 0)
(-0.0774005 0.12945 0)
(-0.0950173 0.120918 0)
(-0.0890781 0.121385 0)
(-0.0834625 0.121947 0)
(-0.0781384 0.122626 0)
(-0.0945698 0.113056 0)
(-0.0888814 0.113953 0)
(-0.0834831 0.11491 0)
(-0.0783464 0.115951 0)
(-0.0935531 0.105496 0)
(-0.0881383 0.106778 0)
(-0.0829802 0.108093 0)
(-0.0780539 0.109462 0)
(-0.0920168 0.0982684 0)
(-0.0868916 0.0998919 0)
(-0.0819907 0.101526 0)
(-0.0772926 0.10319 0)
(-0.0900105 0.0913957 0)
(-0.0851849 0.0933192 0)
(-0.0805531 0.0952354 0)
(-0.0760962 0.0971618 0)
(-0.0875829 0.0848936 0)
(-0.0830617 0.0870772 0)
(-0.0787059 0.0892396 0)
(-0.0744989 0.0913967 0)
(-0.0847803 0.0787706 0)
(-0.0805637 0.0811775 0)
(-0.0764868 0.0835528 0)
(-0.0725347 0.0859107 0)
(-0.0816461 0.0730302 0)
(-0.0777309 0.0756265 0)
(-0.0739322 0.0781839 0)
(-0.0702366 0.0807147 0)
(-0.0782202 0.067671 0)
(-0.0746003 0.0704264 0)
(-0.0710764 0.0731379 0)
(-0.0676363 0.0758162 0)
(-0.0745388 0.0626883 0)
(-0.0712059 0.0655758 0)
(-0.0679512 0.0684165 0)
(-0.0647634 0.0712192 0)
(-0.0706337 0.0580747 0)
(-0.0675783 0.0610707 0)
(-0.0645856 0.0640185 0)
(-0.0616456 0.0669251 0)
(-0.0665334 0.0538208 0)
(-0.0637449 0.0569051 0)
(-0.061006 0.0599408 0)
(-0.0583077 0.0629335 0)
(-0.062262 0.0499164 0)
(-0.0597295 0.0530718 0)
(-0.0572357 0.056179 0)
(-0.0547725 0.0592423 0)
(-0.05784 0.0463505 0)
(-0.0555527 0.0495629 0)
(-0.0532953 0.0527278 0)
(-0.0510601 0.0558485 0)
(-0.053285 0.0431125 0)
(-0.0512324 0.0463704 0)
(-0.0492027 0.0495817 0)
(-0.0471886 0.0527487 0)
(-0.0486119 0.0401922 0)
(-0.0467844 0.0434866 0)
(-0.0449744 0.0467352 0)
(-0.0431748 0.0499396 0)
(-0.0438351 0.0375807 0)
(-0.0422241 0.0409049 0)
(-0.0406266 0.0441837 0)
(-0.0390355 0.0474181 0)
(-0.0389708 0.0352709 0)
(-0.0375691 0.0386201 0)
(-0.0361782 0.0419235 0)
(-0.0347904 0.0451819 0)
(-0.0340429 0.0332583 0)
(-0.0328452 0.0366289 0)
(-0.0316561 0.0399525 0)
(-0.0304676 0.0432299 0)
(-0.029093 0.0315416 0)
(-0.0280957 0.0349304 0)
(-0.0271049 0.0382701 0)
(-0.026112 0.0415615 0)
(-0.0241969 0.030123 0)
(-0.0233981 0.0335258 0)
(-0.0226021 0.0368764 0)
(-0.0218008 0.0401761 0)
(-0.0194915 0.0290096 0)
(-0.0188883 0.0324184 0)
(-0.0182817 0.035772 0)
(-0.017665 0.0390728 0)
(-0.0152111 0.0282043 0)
(-0.014795 0.0316054 0)
(-0.0143652 0.0349502 0)
(-0.0139187 0.0382416 0)
(-0.011729 0.027701 0)
(-0.0114776 0.0310643 0)
(-0.0111987 0.0343781 0)
(-0.0108959 0.0376434 0)
(-0.0096192 0.0273835 0)
(-0.00947631 0.030661 0)
(-0.00929492 0.0339141 0)
(-0.00908422 0.0371336 0)
(0.0171175 0.216233 0)
(0.0192064 0.209779 0)
(0.0210472 0.203333 0)
(0.0226454 0.196915 0)
(0.0240083 0.190575 0)
(0.0251451 0.184364 0)
(0.0260667 0.17833 0)
(0.0267853 0.172506 0)
(0.0273142 0.166916 0)
(0.0276668 0.161576 0)
(0.0278568 0.156491 0)
(0.0278973 0.151661 0)
(0.0278013 0.147083 0)
(0.0275813 0.142752 0)
(0.0272489 0.138659 0)
(0.0268151 0.134797 0)
(0.0262897 0.131157 0)
(0.0256821 0.127732 0)
(0.0250008 0.124514 0)
(0.0242535 0.121497 0)
(0.023447 0.118679 0)
(0.0225873 0.11606 0)
(0.0216796 0.113644 0)
(0.0207284 0.111445 0)
(0.0197372 0.109481 0)
(0.0187089 0.107784 0)
(0.0176456 0.106398 0)
(0.0165488 0.105383 0)
(0.015419 0.104812 0)
(0.014256 0.104777 0)
(0.0130595 0.105381 0)
(0.0118287 0.106741 0)
(0.0105631 0.10898 0)
(0.00926213 0.11222 0)
(0.00792615 0.116574 0)
(0.00655579 0.122124 0)
(0.00515178 0.128882 0)
(0.00372117 0.136714 0)
(0.00229677 0.145127 0)
(0.000943705 0.151056 0)
(0.00915248 0.213846 0)
(0.0116156 0.207644 0)
(0.0138159 0.201447 0)
(0.0157601 0.195272 0)
(0.0174569 0.189167 0)
(0.0189161 0.183181 0)
(0.020149 0.177359 0)
(0.0211683 0.171736 0)
(0.0219873 0.166334 0)
(0.0226197 0.161168 0)
(0.0230792 0.156243 0)
(0.023379 0.15156 0)
(0.0235323 0.147117 0)
(0.0235513 0.142909 0)
(0.0234479 0.138927 0)
(0.0232332 0.135166 0)
(0.0229174 0.131617 0)
(0.02251 0.128273 0)
(0.0220197 0.125129 0)
(0.0214545 0.122179 0)
(0.0208214 0.119421 0)
(0.0201271 0.116857 0)
(0.019377 0.114491 0)
(0.0185763 0.112336 0)
(0.0177289 0.110414 0)
(0.0168384 0.108756 0)
(0.0159075 0.107407 0)
(0.0149381 0.106427 0)
(0.0139318 0.105891 0)
(0.0128892 0.10589 0)
(0.011811 0.106529 0)
(0.0106974 0.107923 0)
(0.00954895 0.110196 0)
(0.00836645 0.113471 0)
(0.00715141 0.117858 0)
(0.00590585 0.123438 0)
(0.00463196 0.130224 0)
(0.00333754 0.138082 0)
(0.00205318 0.146522 0)
(0.000841059 0.152471 0)
(0.00135648 0.211056 0)
(0.00419177 0.205125 0)
(0.00674699 0.199194 0)
(0.00903086 0.193278 0)
(0.0110537 0.187422 0)
(0.0128266 0.181675 0)
(0.0143616 0.17608 0)
(0.0156718 0.17067 0)
(0.016771 0.165467 0)
(0.0176733 0.160486 0)
(0.0183926 0.155733 0)
(0.0189424 0.151209 0)
(0.0193358 0.146911 0)
(0.0195855 0.142836 0)
(0.0197034 0.138977 0)
(0.0197006 0.135327 0)
(0.0195877 0.131879 0)
(0.0193744 0.128628 0)
(0.0190697 0.125567 0)
(0.0186818 0.122693 0)
(0.0182181 0.120004 0)
(0.0176855 0.117501 0)
(0.0170901 0.115192 0)
(0.0164372 0.11309 0)
(0.0157315 0.111215 0)
(0.0149769 0.109602 0)
(0.0141767 0.108295 0)
(0.0133337 0.107355 0)
(0.0124499 0.106857 0)
(0.011527 0.106894 0)
(0.0105665 0.107569 0)
(0.00956965 0.108999 0)
(0.00853803 0.111307 0)
(0.00747363 0.114614 0)
(0.00637917 0.119031 0)
(0.00525795 0.124638 0)
(0.00411358 0.131447 0)
(0.00295464 0.139325 0)
(0.00180928 0.147784 0)
(0.000737408 0.15374 0)
(-0.00624244 0.207855 0)
(-0.00303985 0.202218 0)
(-0.000136187 0.196572 0)
(0.00247936 0.190932 0)
(0.00481924 0.185342 0)
(0.00689583 0.179848 0)
(0.00872234 0.174493 0)
(0.0103128 0.169309 0)
(0.0116816 0.164318 0)
(0.0128432 0.159534 0)
(0.013812 0.154964 0)
(0.0146019 0.15061 0)
(0.0152261 0.146469 0)
(0.0156976 0.142538 0)
(0.0160283 0.138811 0)
(0.0162298 0.135283 0)
(0.0163127 0.131946 0)
(0.0162871 0.128796 0)
(0.016162 0.125828 0)
(0.015946 0.123038 0)
(0.015647 0.120426 0)
(0.015272 0.117994 0)
(0.0148275 0.115749 0)
(0.0143192 0.113705 0)
(0.0137523 0.111885 0)
(0.0131313 0.110322 0)
(0.0124599 0.109062 0)
(0.0117415 0.108166 0)
(0.0109788 0.107711 0)
(0.0101744 0.107787 0)
(0.00933056 0.108501 0)
(0.00844955 0.109967 0)
(0.00753396 0.112309 0)
(0.00658691 0.115647 0)
(0.0056123 0.120091 0)
(0.00461471 0.125721 0)
(0.00359916 0.132546 0)
(0.00257516 0.140437 0)
(0.00156859 0.148906 0)
(0.000636229 0.15486 0)
(-0.01361 0.204243 0)
(-0.0100496 0.198921 0)
(-0.00680779 0.193582 0)
(-0.00387144 0.188237 0)
(-0.00122569 0.18293 0)
(0.00114338 0.177705 0)
(0.00324998 0.172604 0)
(0.00510904 0.167659 0)
(0.00673583 0.162893 0)
(0.0081455 0.158319 0)
(0.00935287 0.153944 0)
(0.0103722 0.14977 0)
(0.0112172 0.145797 0)
(0.0119009 0.14202 0)
(0.0124356 0.138435 0)
(0.0128331 0.135037 0)
(0.0131042 0.131821 0)
(0.013259 0.128781 0)
(0.0133072 0.125914 0)
(0.0132574 0.123216 0)
(0.0131177 0.120689 0)
(0.0128955 0.118335 0)
(0.0125977 0.116161 0)
(0.0122304 0.114183 0)
(0.0117991 0.112423 0)
(0.0113087 0.110916 0)
(0.0107636 0.109708 0)
(0.0101675 0.108861 0)
(0.00952412 0.10845 0)
(0.00883651 0.108569 0)
(0.00810782 0.109323 0)
(0.00734129 0.110826 0)
(0.00654049 0.113201 0)
(0.00570962 0.116569 0)
(0.00485372 0.121037 0)
(0.00397866 0.126685 0)
(0.00309088 0.133522 0)
(0.00220075 0.141417 0)
(0.00133204 0.149887 0)
(0.000537597 0.155827 0)
(-0.0207075 0.200224 0)
(-0.016804 0.195243 0)
(-0.0132386 0.190231 0)
(-0.00999566 0.1852 0)
(-0.00705793 0.180192 0)
(-0.00441011 0.175252 0)
(-0.00203678 0.170421 0)
(7.80719e-05 0.165729 0)
(0.00195044 0.1612 0)
(0.00359605 0.156847 0)
(0.00503027 0.152678 0)
(0.00626787 0.148696 0)
(0.00732291 0.1449 0)
(0.00820872 0.141287 0)
(0.00893797 0.137854 0)
(0.00952253 0.134596 0)
(0.00997356 0.131508 0)
(0.0103014 0.128587 0)
(0.0105159 0.125829 0)
(0.0106258 0.123232 0)
(0.0106397 0.120797 0)
(0.0105652 0.118527 0)
(0.0104094 0.116431 0)
(0.0101788 0.114525 0)
(0.00987926 0.112831 0)
(0.00951611 0.111385 0)
(0.00909418 0.110233 0)
(0.00861787 0.109438 0)
(0.00809129 0.109076 0)
(0.00751833 0.10924 0)
(0.00690289 0.110035 0)
(0.00624906 0.111576 0)
(0.00556138 0.113983 0)
(0.00484508 0.117378 0)
(0.00410635 0.121868 0)
(0.00335228 0.127529 0)
(0.00259067 0.134372 0)
(0.00183273 0.142265 0)
(0.00110004 0.150725 0)
(0.000441031 0.156643 0)
(-0.0274942 0.195809 0)
(-0.0232671 0.191193 0)
(-0.0193969 0.18653 0)
(-0.0158652 0.181832 0)
(-0.0126528 0.177141 0)
(-0.00974251 0.172501 0)
(-0.00711787 0.167952 0)
(-0.00476194 0.163527 0)
(-0.00265803 0.159247 0)
(-0.000789705 0.155127 0)
(0.000858911 0.151175 0)
(0.00230292 0.147395 0)
(0.0035567 0.143786 0)
(0.00463399 0.140346 0)
(0.00554771 0.137074 0)
(0.00631001 0.133964 0)
(0.00693226 0.131014 0)
(0.00742505 0.128219 0)
(0.00779828 0.125577 0)
(0.00806117 0.123088 0)
(0.00822233 0.120751 0)
(0.00828972 0.118573 0)
(0.00827071 0.116561 0)
(0.00817208 0.114732 0)
(0.00800004 0.11311 0)
(0.00776028 0.111729 0)
(0.00745809 0.110638 0)
(0.00709836 0.109899 0)
(0.00668578 0.109589 0)
(0.00622489 0.1098 0)
(0.00572032 0.110637 0)
(0.00517697 0.112215 0)
(0.00460031 0.114655 0)
(0.00399658 0.118076 0)
(0.00337302 0.122584 0)
(0.0027379 0.128254 0)
(0.00210035 0.135097 0)
(0.00147226 0.142979 0)
(0.000873048 0.151422 0)
(0.000346532 0.157309 0)
(-0.0339288 0.191014 0)
(-0.0294025 0.186787 0)
(-0.0252501 0.182494 0)
(-0.0214511 0.178147 0)
(-0.0179841 0.173788 0)
(-0.0148304 0.169463 0)
(-0.0119724 0.165211 0)
(-0.00939216 0.161064 0)
(-0.0070723 0.157045 0)
(-0.00499586 0.153168 0)
(-0.00314661 0.149444 0)
(-0.00150907 0.145875 0)
(-6.8497e-05 0.142462 0)
(0.00118907 0.139205 0)
(0.00227674 0.136101 0)
(0.0032069 0.133148 0)
(0.00399114 0.130342 0)
(0.00464025 0.127681 0)
(0.00516434 0.125163 0)
(0.00557282 0.122788 0)
(0.00587452 0.120557 0)
(0.00607763 0.118476 0)
(0.00618974 0.116554 0)
(0.0062179 0.114807 0)
(0.00616861 0.113261 0)
(0.00604793 0.111951 0)
(0.00586153 0.110925 0)
(0.0056148 0.110245 0)
(0.00531293 0.109989 0)
(0.00496108 0.110249 0)
(0.00456456 0.11113 0)
(0.00412907 0.112746 0)
(0.00366091 0.115217 0)
(0.00316729 0.118662 0)
(0.00265646 0.123184 0)
(0.00213779 0.128859 0)
(0.00162163 0.135696 0)
(0.00112048 0.143562 0)
(0.000651549 0.151979 0)
(0.000254252 0.157826 0)
(-0.0399706 0.185863 0)
(-0.0351743 0.182046 0)
(-0.0307666 0.178141 0)
(-0.026725 0.174162 0)
(-0.0230263 0.170152 0)
(-0.0196505 0.166155 0)
(-0.0165789 0.162211 0)
(-0.013793 0.158354 0)
(-0.0112746 0.154606 0)
(-0.00900627 0.150983 0)
(-0.00697143 0.147494 0)
(-0.00515427 0.144145 0)
(-0.00353986 0.140938 0)
(-0.00211411 0.137871 0)
(-0.000863674 0.134944 0)
(0.000223978 0.132155 0)
(0.00116054 0.129501 0)
(0.00195698 0.12698 0)
(0.00262354 0.124592 0)
(0.00316987 0.122338 0)
(0.00360494 0.120218 0)
(0.00393713 0.11824 0)
(0.00417425 0.116413 0)
(0.00432357 0.114754 0)
(0.00439186 0.113289 0)
(0.00438551 0.112053 0)
(0.00431055 0.111095 0)
(0.00417279 0.110477 0)
(0.00397793 0.110278 0)
(0.00373167 0.110589 0)
(0.00343999 0.111515 0)
(0.0031093 0.113169 0)
(0.00274673 0.11567 0)
(0.00236034 0.119136 0)
(0.00195935 0.12367 0)
(0.00155415 0.129346 0)
(0.00115622 0.13617 0)
(0.000778539 0.144012 0)
(0.000435984 0.152395 0)
(0.000164259 0.158195 0)
(-0.0455811 0.180384 0)
(-0.0405485 0.176997 0)
(-0.0359161 0.173497 0)
(-0.0316598 0.169901 0)
(-0.0277549 0.166251 0)
(-0.0241805 0.162594 0)
(-0.0209172 0.15897 0)
(-0.0179457 0.155412 0)
(-0.0152474 0.151945 0)
(-0.0128047 0.148584 0)
(-0.0106005 0.14534 0)
(-0.00861882 0.142219 0)
(-0.00684461 0.139223 0)
(-0.00526359 0.136354 0)
(-0.00386235 0.13361 0)
(-0.00262831 0.130992 0)
(-0.00154969 0.128496 0)
(-0.000615436 0.126123 0)
(0.000184852 0.123871 0)
(0.000860887 0.121742 0)
(0.00142177 0.119739 0)
(0.00187604 0.117869 0)
(0.00223166 0.116142 0)
(0.00249612 0.114575 0)
(0.00267642 0.113195 0)
(0.00277924 0.112037 0)
(0.00281095 0.111151 0)
(0.00277775 0.110599 0)
(0.00268579 0.110459 0)
(0.00254131 0.110822 0)
(0.00235085 0.111793 0)
(0.00212152 0.113484 0)
(0.00186119 0.116015 0)
(0.00157874 0.1195 0)
(0.00128428 0.124043 0)
(0.000989135 0.129715 0)
(0.000705801 0.136522 0)
(0.000447612 0.144334 0)
(0.000226544 0.152674 0)
(7.6138e-05 0.158417 0)
(-0.0507252 0.174614 0)
(-0.0454941 0.171671 0)
(-0.0406709 0.16859 0)
(-0.0362305 0.165388 0)
(-0.0321473 0.16211 0)
(-0.0283998 0.158802 0)
(-0.0249681 0.155507 0)
(-0.0218326 0.152257 0)
(-0.0189744 0.149078 0)
(-0.0163757 0.145986 0)
(-0.0140193 0.142994 0)
(-0.0118891 0.140107 0)
(-0.00996994 0.13733 0)
(-0.00824746 0.134664 0)
(-0.00670822 0.13211 0)
(-0.00533962 0.129668 0)
(-0.00412985 0.127336 0)
(-0.00306782 0.125115 0)
(-0.00214313 0.123005 0)
(-0.00134602 0.121008 0)
(-0.000667301 0.119127 0)
(-9.83469e-05 0.117369 0)
(0.00036893 0.115746 0)
(0.000742149 0.114276 0)
(0.00102854 0.112984 0)
(0.00123502 0.111908 0)
(0.00136828 0.111096 0)
(0.00143488 0.110612 0)
(0.00144136 0.110532 0)
(0.00139443 0.110949 0)
(0.00130121 0.111966 0)
(0.00116941 0.113695 0)
(0.00100759 0.116253 0)
(0.000825407 0.119756 0)
(0.000633739 0.124304 0)
(0.00044481 0.129968 0)
(0.000272035 0.136752 0)
(0.000129003 0.144527 0)
(2.25463e-05 0.152818 0)
(-1.22116e-05 0.158496 0)
(-0.0553729 0.168592 0)
(-0.049984 0.166104 0)
(-0.0450065 0.16345 0)
(-0.0404149 0.160651 0)
(-0.0361831 0.157753 0)
(-0.0322896 0.154803 0)
(-0.0287143 0.151843 0)
(-0.0254376 0.148908 0)
(-0.0224406 0.146023 0)
(-0.0197053 0.143206 0)
(-0.0172147 0.140471 0)
(-0.0149526 0.137824 0)
(-0.0129039 0.135271 0)
(-0.0110543 0.132814 0)
(-0.00939046 0.130455 0)
(-0.00789971 0.128193 0)
(-0.00657032 0.12603 0)
(-0.00539121 0.123966 0)
(-0.00435201 0.122002 0)
(-0.00344295 0.120141 0)
(-0.00265484 0.118386 0)
(-0.00197903 0.116745 0)
(-0.00140739 0.11523 0)
(-0.000932159 0.11386 0)
(-0.000545947 0.11266 0)
(-0.000241618 0.111668 0)
(-1.22287e-05 0.110934 0)
(0.000149071 0.110519 0)
(0.00024919 0.110502 0)
(0.00029528 0.110973 0)
(0.000294947 0.112036 0)
(0.00025648 0.113803 0)
(0.000189082 0.116388 0)
(0.00010308 0.119906 0)
(1.00818e-05 0.124456 0)
(-7.69074e-05 0.130107 0)
(-0.00014368 0.136864 0)
(-0.000176533 0.144597 0)
(-0.00017354 0.15284 0)
(-9.77879e-05 0.15842 0)
(-0.0594999 0.162364 0)
(-0.0539961 0.160336 0)
(-0.0489026 0.158115 0)
(-0.0441942 0.155724 0)
(-0.0398451 0.15321 0)
(-0.0358339 0.150622 0)
(-0.0321408 0.148002 0)
(-0.0287466 0.145386 0)
(-0.0256326 0.142799 0)
(-0.0227809 0.140262 0)
(-0.0201747 0.137788 0)
(-0.017798 0.135385 0)
(-0.0156357 0.13306 0)
(-0.0136739 0.130816 0)
(-0.0118992 0.128655 0)
(-0.0102991 0.126579 0)
(-0.00886201 0.124589 0)
(-0.00757695 0.122686 0)
(-0.00643358 0.120871 0)
(-0.0054222 0.119149 0)
(-0.00453364 0.117523 0)
(-0.00375929 0.116003 0)
(-0.00309095 0.114599 0)
(-0.00252082 0.113332 0)
(-0.00204139 0.112227 0)
(-0.00164536 0.111323 0)
(-0.00132562 0.110668 0)
(-0.00107504 0.110325 0)
(-0.00088641 0.110372 0)
(-0.000752182 0.110899 0)
(-0.000664299 0.112008 0)
(-0.00061396 0.11381 0)
(-0.00059139 0.116421 0)
(-0.000585649 0.119952 0)
(-0.00058447 0.124501 0)
(-0.000574157 0.130136 0)
(-0.000539796 0.136861 0)
(-0.000467616 0.144547 0)
(-0.000358864 0.152735 0)
(-0.000177666 0.158203 0)
(-0.0630888 0.155978 0)
(-0.0575139 0.15441 0)
(-0.0523436 0.152621 0)
(-0.0475536 0.150639 0)
(-0.0431191 0.148512 0)
(-0.0390193 0.146287 0)
(-0.0352351 0.144009 0)
(-0.0317477 0.141713 0)
(-0.028539 0.139428 0)
(-0.0255915 0.137173 0)
(-0.0228888 0.134962 0)
(-0.020415 0.132806 0)
(-0.0181557 0.130712 0)
(-0.0160968 0.128684 0)
(-0.0142254 0.126724 0)
(-0.0125292 0.124836 0)
(-0.0109967 0.123022 0)
(-0.00961714 0.121282 0)
(-0.00838029 0.119621 0)
(-0.00727654 0.118041 0)
(-0.00629683 0.116548 0)
(-0.00543257 0.11515 0)
(-0.00467558 0.113861 0)
(-0.00401805 0.112699 0)
(-0.00345237 0.111692 0)
(-0.00297119 0.110877 0)
(-0.00256721 0.110303 0)
(-0.00223312 0.110033 0)
(-0.00196142 0.110145 0)
(-0.00174426 0.110728 0)
(-0.00157317 0.111883 0)
(-0.00143889 0.113722 0)
(-0.00133114 0.116356 0)
(-0.00123845 0.119898 0)
(-0.00114795 0.124443 0)
(-0.00104533 0.130058 0)
(-0.000914987 0.136746 0)
(-0.00074302 0.144379 0)
(-0.000532492 0.152506 0)
(-0.000250821 0.157852 0)
(-0.0661292 0.149484 0)
(-0.0605266 0.148369 0)
(-0.0553187 0.147009 0)
(-0.0504827 0.145433 0)
(-0.0459949 0.143689 0)
(-0.0418357 0.141826 0)
(-0.0379872 0.13989 0)
(-0.0344312 0.137915 0)
(-0.0311505 0.135931 0)
(-0.0281281 0.133958 0)
(-0.0253481 0.132012 0)
(-0.0227953 0.130104 0)
(-0.0204554 0.128242 0)
(-0.0183149 0.126431 0)
(-0.0163613 0.124675 0)
(-0.0145824 0.122977 0)
(-0.0129671 0.12134 0)
(-0.0115047 0.119767 0)
(-0.0101853 0.11826 0)
(-0.00899944 0.116825 0)
(-0.00793812 0.115466 0)
(-0.00699288 0.114194 0)
(-0.00615558 0.113021 0)
(-0.00541841 0.111967 0)
(-0.00477379 0.111059 0)
(-0.00421428 0.110335 0)
(-0.00373251 0.109844 0)
(-0.00332099 0.109649 0)
(-0.00297203 0.109826 0)
(-0.00267747 0.110465 0)
(-0.00242851 0.111667 0)
(-0.0022155 0.11354 0)
(-0.00202771 0.116197 0)
(-0.00185318 0.119747 0)
(-0.00167855 0.124285 0)
(-0.00148892 0.129876 0)
(-0.00126805 0.136523 0)
(-0.00100187 0.144097 0)
(-0.000694682 0.152157 0)
(-0.000318135 0.157376 0)
(-0.068618 0.14293 0)
(-0.0630299 0.142258 0)
(-0.0578227 0.141318 0)
(-0.0529753 0.140141 0)
(-0.0484659 0.138775 0)
(-0.0442765 0.13727 0)
(-0.0403901 0.135671 0)
(-0.0367901 0.134015 0)
(-0.0334599 0.13233 0)
(-0.0303834 0.130639 0)
(-0.0275456 0.128957 0)
(-0.0249316 0.127297 0)
(-0.022528 0.125667 0)
(-0.0203216 0.124074 0)
(-0.0183002 0.122521 0)
(-0.0164522 0.121015 0)
(-0.0147668 0.119556 0)
(-0.0132335 0.11815 0)
(-0.0118427 0.1168 0)
(-0.0105851 0.115511 0)
(-0.00945192 0.114289 0)
(-0.00843482 0.113143 0)
(-0.00752576 0.112088 0)
(-0.00671699 0.111143 0)
(-0.00600096 0.110336 0)
(-0.00537024 0.109704 0)
(-0.00481739 0.109297 0)
(-0.00433483 0.109177 0)
(-0.00391468 0.10942 0)
(-0.00354855 0.110115 0)
(-0.00322736 0.111363 0)
(-0.00294111 0.11327 0)
(-0.00267871 0.115948 0)
(-0.00242778 0.119504 0)
(-0.00217449 0.124033 0)
(-0.00190346 0.129596 0)
(-0.00159786 0.136196 0)
(-0.00124345 0.143707 0)
(-0.000845596 0.151691 0)
(-0.000380417 0.156779 0)
(-0.0705588 0.136367 0)
(-0.0650253 0.136122 0)
(-0.0598552 0.135589 0)
(-0.0550299 0.134799 0)
(-0.0505296 0.133803 0)
(-0.046338 0.132649 0)
(-0.0424399 0.131382 0)
(-0.0388198 0.130039 0)
(-0.0354624 0.128649 0)
(-0.0323525 0.127236 0)
(-0.029476 0.125816 0)
(-0.0268188 0.124402 0)
(-0.024368 0.123003 0)
(-0.0221112 0.121627 0)
(-0.0200367 0.120278 0)
(-0.0181333 0.118962 0)
(-0.0163904 0.117683 0)
(-0.0147982 0.116444 0)
(-0.0133472 0.115251 0)
(-0.0120284 0.114108 0)
(-0.0108333 0.113023 0)
(-0.00975363 0.112005 0)
(-0.00878154 0.111069 0)
(-0.00790939 0.110234 0)
(-0.00712972 0.109529 0)
(-0.00643512 0.10899 0)
(-0.00581814 0.108667 0)
(-0.00527114 0.108623 0)
(-0.00478611 0.108932 0)
(-0.00435448 0.109684 0)
(-0.00396694 0.110976 0)
(-0.00361322 0.112916 0)
(-0.00328189 0.115614 0)
(-0.00296023 0.119174 0)
(-0.00263406 0.123689 0)
(-0.00228753 0.129222 0)
(-0.00190331 0.135771 0)
(-0.00146705 0.143213 0)
(-0.000985024 0.151114 0)
(-0.00043785 0.15607 0)
(-0.071962 0.129842 0)
(-0.0665198 0.130003 0)
(-0.061421 0.12986 0)
(-0.0566491 0.129444 0)
(-0.052187 0.128805 0)
(-0.0480203 0.127991 0)
(-0.0441355 0.127048 0)
(-0.0405185 0.126011 0)
(-0.0371555 0.124912 0)
(-0.0340324 0.123772 0)
(-0.0311359 0.12261 0)
(-0.0284531 0.121438 0)
(-0.0259716 0.120268 0)
(-0.0236798 0.119106 0)
(-0.0215666 0.117959 0)
(-0.0196212 0.116833 0)
(-0.0178337 0.115731 0)
(-0.0161945 0.11466 0)
(-0.0146946 0.113624 0)
(-0.0133252 0.112628 0)
(-0.0120781 0.11168 0)
(-0.0109452 0.11079 0)
(-0.00991895 0.109973 0)
(-0.0089918 0.109249 0)
(-0.00815639 0.108645 0)
(-0.00740542 0.1082 0)
(-0.00673144 0.107962 0)
(-0.0061268 0.107993 0)
(-0.00558339 0.108368 0)
(-0.00509254 0.109175 0)
(-0.00464473 0.110512 0)
(-0.00422949 0.112484 0)
(-0.00383515 0.115199 0)
(-0.00344869 0.118761 0)
(-0.00305564 0.123261 0)
(-0.00263977 0.128759 0)
(-0.00218333 0.135254 0)
(-0.0016719 0.142621 0)
(-0.00111257 0.150433 0)
(-0.000490313 0.155253 0)
(-0.0728435 0.123397 0)
(-0.0675257 0.123942 0)
(-0.0625291 0.124169 0)
(-0.0578398 0.12411 0)
(-0.053443 0.123813 0)
(-0.0493264 0.123328 0)
(-0.0454786 0.122697 0)
(-0.041887 0.121958 0)
(-0.038539 0.121141 0)
(-0.0354221 0.120268 0)
(-0.0325239 0.119358 0)
(-0.0298324 0.118424 0)
(-0.0273364 0.117478 0)
(-0.0250247 0.116527 0)
(-0.0228869 0.11558 0)
(-0.020913 0.114641 0)
(-0.0190934 0.113716 0)
(-0.0174191 0.112811 0)
(-0.0158814 0.11193 0)
(-0.014472 0.11108 0)
(-0.0131828 0.110268 0)
(-0.0120062 0.109506 0)
(-0.0109347 0.108808 0)
(-0.00996098 0.108194 0)
(-0.00907787 0.107692 0)
(-0.00827813 0.10734 0)
(-0.00755442 0.107187 0)
(-0.00689906 0.107293 0)
(-0.00630394 0.107734 0)
(-0.00576028 0.108596 0)
(-0.00525847 0.109977 0)
(-0.00478786 0.111979 0)
(-0.0043366 0.114709 0)
(-0.00389148 0.118271 0)
(-0.00343776 0.122753 0)
(-0.00295895 0.128213 0)
(-0.00243693 0.134649 0)
(-0.00185728 0.141938 0)
(-0.00122778 0.149654 0)
(-0.000537616 0.154338 0)
(-0.0732237 0.117073 0)
(-0.0680595 0.117975 0)
(-0.0631928 0.11855 0)
(-0.0586122 0.118828 0)
(-0.0543055 0.118858 0)
(-0.0502625 0.118686 0)
(-0.0464737 0.118356 0)
(-0.0429282 0.117903 0)
(-0.039615 0.117358 0)
(-0.0365227 0.116744 0)
(-0.0336402 0.116079 0)
(-0.0309566 0.115378 0)
(-0.0284614 0.114651 0)
(-0.0261444 0.113907 0)
(-0.0239959 0.113155 0)
(-0.0220065 0.112401 0)
(-0.0201672 0.11165 0)
(-0.0184695 0.110908 0)
(-0.0169051 0.110181 0)
(-0.0154661 0.109475 0)
(-0.0141449 0.108799 0)
(-0.0129339 0.108164 0)
(-0.0118261 0.107584 0)
(-0.0108143 0.107079 0)
(-0.00989157 0.106679 0)
(-0.00905077 0.10642 0)
(-0.00828465 0.10635 0)
(-0.00758561 0.106531 0)
(-0.00694554 0.107037 0)
(-0.00635563 0.107953 0)
(-0.0058062 0.109375 0)
(-0.00528652 0.111406 0)
(-0.00478461 0.114151 0)
(-0.00428712 0.117711 0)
(-0.00377915 0.122172 0)
(-0.00324399 0.127591 0)
(-0.00266324 0.133965 0)
(-0.00202253 0.14117 0)
(-0.00133026 0.148785 0)
(-0.000579579 0.153331 0)
(-0.0731273 0.110905 0)
(-0.0681413 0.112137 0)
(-0.0634286 0.113035 0)
(-0.0589798 0.11363 0)
(-0.0547854 0.113967 0)
(-0.0508373 0.114092 0)
(-0.0471277 0.114048 0)
(-0.0436476 0.11387 0)
(-0.0403874 0.113587 0)
(-0.0373371 0.113222 0)
(-0.0344868 0.112794 0)
(-0.0318267 0.112317 0)
(-0.0293472 0.111803 0)
(-0.0270391 0.111262 0)
(-0.0248933 0.110701 0)
(-0.0229011 0.110127 0)
(-0.0210541 0.109546 0)
(-0.0193444 0.108964 0)
(-0.0177642 0.108388 0)
(-0.016306 0.107825 0)
(-0.0149624 0.107282 0)
(-0.0137265 0.106772 0)
(-0.0125912 0.106309 0)
(-0.0115498 0.105913 0)
(-0.0105955 0.105613 0)
(-0.00972131 0.105445 0)
(-0.00892017 0.105459 0)
(-0.00818453 0.105714 0)
(-0.00750636 0.106283 0)
(-0.00687685 0.107252 0)
(-0.00628631 0.108715 0)
(-0.00572398 0.110774 0)
(-0.00517783 0.113531 0)
(-0.00463442 0.117086 0)
(-0.00407876 0.121523 0)
(-0.00349399 0.126899 0)
(-0.00286154 0.133207 0)
(-0.00216713 0.140325 0)
(-0.00141967 0.147834 0)
(-0.000616073 0.152242 0)
(-0.0725813 0.104923 0)
(-0.0677942 0.106456 0)
(-0.0632557 0.107652 0)
(-0.0589588 0.108541 0)
(-0.0548962 0.109166 0)
(-0.0510619 0.109572 0)
(-0.0474498 0.109798 0)
(-0.0440526 0.109881 0)
(-0.0408622 0.109847 0)
(-0.03787 0.109721 0)
(-0.0350673 0.109521 0)
(-0.0324455 0.109261 0)
(-0.0299958 0.108953 0)
(-0.02771 0.108607 0)
(-0.0255796 0.108231 0)
(-0.0235969 0.107832 0)
(-0.021754 0.107418 0)
(-0.0200434 0.106993 0)
(-0.018458 0.106565 0)
(-0.0169906 0.106141 0)
(-0.0156344 0.105729 0)
(-0.0143826 0.105342 0)
(-0.0132287 0.104993 0)
(-0.012166 0.104704 0)
(-0.0111881 0.104502 0)
(-0.0102883 0.104425 0)
(-0.0094595 0.104521 0)
(-0.00869439 0.104848 0)
(-0.00798499 0.10548 0)
(-0.00732259 0.106501 0)
(-0.00669754 0.108003 0)
(-0.00609908 0.110087 0)
(-0.00551519 0.112854 0)
(-0.00493242 0.116403 0)
(-0.00433576 0.120815 0)
(-0.00370827 0.126144 0)
(-0.00303129 0.132384 0)
(-0.00229067 0.13941 0)
(-0.00149577 0.146809 0)
(-0.000647022 0.151079 0)
(-0.0716149 0.0991539 0)
(-0.0670429 0.100959 0)
(-0.0626955 0.102428 0)
(-0.0585673 0.103588 0)
(-0.0546533 0.10448 0)
(-0.0509492 0.105147 0)
(-0.0474508 0.105628 0)
(-0.0441523 0.105956 0)
(-0.041047 0.10616 0)
(-0.0381277 0.106261 0)
(-0.0353869 0.106278 0)
(-0.0328171 0.106226 0)
(-0.0304105 0.106116 0)
(-0.0281596 0.105958 0)
(-0.026057 0.105761 0)
(-0.0240954 0.105532 0)
(-0.0222677 0.105278 0)
(-0.020567 0.105006 0)
(-0.0189866 0.104722 0)
(-0.0175199 0.104433 0)
(-0.0161604 0.10415 0)
(-0.0149018 0.103882 0)
(-0.0137378 0.103646 0)
(-0.0126622 0.103462 0)
(-0.0116687 0.103357 0)
(-0.0107508 0.103368 0)
(-0.00990167 0.103544 0)
(-0.00911419 0.103942 0)
(-0.00838048 0.104635 0)
(-0.00769193 0.105706 0)
(-0.00703899 0.107245 0)
(-0.00641098 0.109353 0)
(-0.00579593 0.112129 0)
(-0.00518045 0.115669 0)
(-0.00454955 0.120053 0)
(-0.00388632 0.125333 0)
(-0.00317209 0.131502 0)
(-0.00239289 0.138435 0)
(-0.00155843 0.145718 0)
(-0.000672379 0.149851 0)
(-0.0702581 0.093618 0)
(-0.0659136 0.0956677 0)
(-0.0617706 0.0973836 0)
(-0.0578249 0.0987911 0)
(-0.0540735 0.0999297 0)
(-0.0505138 0.100839 0)
(-0.0471432 0.101558 0)
(-0.0439573 0.102117 0)
(-0.0409508 0.102543 0)
(-0.0381179 0.102859 0)
(-0.0354521 0.103083 0)
(-0.032947 0.103228 0)
(-0.0305957 0.103307 0)
(-0.0283917 0.10333 0)
(-0.0263283 0.103305 0)
(-0.024399 0.103239 0)
(-0.0225972 0.103141 0)
(-0.0209166 0.103016 0)
(-0.0193511 0.102871 0)
(-0.0178945 0.102714 0)
(-0.0165409 0.102555 0)
(-0.0152842 0.102405 0)
(-0.0141185 0.102278 0)
(-0.0130381 0.102196 0)
(-0.0120367 0.102185 0)
(-0.0111083 0.102283 0)
(-0.0102462 0.102536 0)
(-0.00944341 0.103004 0)
(-0.00869227 0.103756 0)
(-0.00798432 0.104874 0)
(-0.00731014 0.10645 0)
(-0.00665918 0.10858 0)
(-0.00601959 0.111363 0)
(-0.00537808 0.114892 0)
(-0.00471977 0.119246 0)
(-0.00402784 0.124476 0)
(-0.00328368 0.130571 0)
(-0.00247359 0.137407 0)
(-0.0016075 0.144572 0)
(-0.000692077 0.148569 0)
(-0.0685411 0.0883325 0)
(-0.0644331 0.0905993 0)
(-0.0605046 0.0925371 0)
(-0.0567522 0.0941695 0)
(-0.0531749 0.0955334 0)
(-0.0497714 0.0966669 0)
(-0.0465406 0.0976052 0)
(-0.0434795 0.0983792 0)
(-0.040584 0.0990147 0)
(-0.0378494 0.099533 0)
(-0.0352705 0.0999513 0)
(-0.0328416 0.100284 0)
(-0.0305571 0.100543 0)
(-0.0284111 0.100737 0)
(-0.0263976 0.100876 0)
(-0.0245109 0.100967 0)
(-0.0227451 0.101018 0)
(-0.0210945 0.101034 0)
(-0.0195533 0.101024 0)
(-0.018116 0.100995 0)
(-0.016777 0.100956 0)
(-0.0155307 0.100918 0)
(-0.0143716 0.100898 0)
(-0.0132941 0.100915 0)
(-0.0122926 0.100996 0)
(-0.011361 0.101178 0)
(-0.0104931 0.101507 0)
(-0.009682 0.102041 0)
(-0.00892026 0.10285 0)
(-0.00819962 0.104014 0)
(-0.00751084 0.105624 0)
(-0.00684352 0.107775 0)
(-0.006186 0.110562 0)
(-0.00552515 0.114079 0)
(-0.00484626 0.118402 0)
(-0.00413266 0.123578 0)
(-0.00336592 0.129598 0)
(-0.00253263 0.136335 0)
(-0.00164288 0.143379 0)
(-0.000706029 0.147243 0)
(-0.0664938 0.0833105 0)
(-0.0626281 0.0857684 0)
(-0.058921 0.087904 0)
(-0.0553702 0.0897389 0)
(-0.0519761 0.0913077 0)
(-0.0487386 0.0926461 0)
(-0.0456577 0.0937872 0)
(-0.0427317 0.0947604 0)
(-0.0399578 0.0955904 0)
(-0.0373321 0.0962977 0)
(-0.0348507 0.096899 0)
(-0.0325086 0.097408 0)
(-0.0303012 0.0978363 0)
(-0.0282233 0.0981937 0)
(-0.0262698 0.0984887 0)
(-0.0244355 0.098729 0)
(-0.0227152 0.0989219 0)
(-0.0211037 0.0990741 0)
(-0.0195959 0.0991928 0)
(-0.0181865 0.0992859 0)
(-0.0168705 0.0993625 0)
(-0.0156427 0.0994342 0)
(-0.0144981 0.099516 0)
(-0.0134313 0.0996282 0)
(-0.0124371 0.0997979 0)
(-0.0115096 0.100061 0)
(-0.0106429 0.100463 0)
(-0.00983038 0.101061 0)
(-0.00906479 0.101925 0)
(-0.00833809 0.103134 0)
(-0.00764127 0.104776 0)
(-0.00696415 0.106944 0)
(-0.00629528 0.109735 0)
(-0.00562175 0.113238 0)
(-0.00492908 0.117527 0)
(-0.00420084 0.12265 0)
(-0.00341884 0.128592 0)
(-0.00257002 0.135229 0)
(-0.00166453 0.14215 0)
(-0.000714198 0.145883 0)
(-0.0641449 0.0785612 0)
(-0.0605245 0.0811859 0)
(-0.0570436 0.0834965 0)
(-0.0537002 0.0855127 0)
(-0.050496 0.0872665 0)
(-0.0474322 0.0887912 0)
(-0.0445095 0.0901181 0)
(-0.0417275 0.0912748 0)
(-0.0390841 0.092285 0)
(-0.0365768 0.0931679 0)
(-0.0342021 0.0939399 0)
(-0.0319563 0.0946142 0)
(-0.0298354 0.095202 0)
(-0.027835 0.0957129 0)
(-0.0259506 0.0961554 0)
(-0.0241778 0.0965372 0)
(-0.0225118 0.0968652 0)
(-0.0209481 0.0971465 0)
(-0.019482 0.0973883 0)
(-0.0181088 0.0975982 0)
(-0.0168239 0.0977855 0)
(-0.0156225 0.0979617 0)
(-0.0145 0.0981418 0)
(-0.0134513 0.0983458 0)
(-0.0124716 0.0986005 0)
(-0.0115553 0.0989414 0)
(-0.0106966 0.0994137 0)
(-0.00988941 0.100074 0)
(-0.00912658 0.10099 0)
(-0.00840037 0.102241 0)
(-0.007702 0.103912 0)
(-0.00702156 0.106097 0)
(-0.00634786 0.108889 0)
(-0.00566826 0.112376 0)
(-0.00496856 0.116631 0)
(-0.00423265 0.121698 0)
(-0.00344267 0.127563 0)
(-0.00258594 0.134098 0)
(-0.00167259 0.140894 0)
(-0.000716661 0.144499 0)
(-0.0615219 0.074091 0)
(-0.0581476 0.0768602 0)
(-0.0548951 0.0793245 0)
(-0.051763 0.0815017 0)
(-0.0487537 0.0834216 0)
(-0.0458693 0.0851148 0)
(-0.0431116 0.0866108 0)
(-0.0404807 0.0879356 0)
(-0.0379757 0.0891115 0)
(-0.0355946 0.0901569 0)
(-0.033335 0.0910873 0)
(-0.0311938 0.0919155 0)
(-0.0291678 0.0926524 0)
(-0.0272532 0.0933073 0)
(-0.0254464 0.0938885 0)
(-0.0237433 0.0944035 0)
(-0.02214 0.0948593 0)
(-0.0206321 0.0952629 0)
(-0.0192157 0.0956214 0)
(-0.0178865 0.0959424 0)
(-0.0166403 0.0962351 0)
(-0.0154728 0.096511 0)
(-0.0143796 0.0967849 0)
(-0.0133563 0.0970766 0)
(-0.0123979 0.0974127 0)
(-0.0114996 0.097828 0)
(-0.0106558 0.0983674 0)
(-0.00986038 0.0990866 0)
(-0.00910679 0.100053 0)
(-0.00838747 0.101342 0)
(-0.00769394 0.103042 0)
(-0.00701657 0.105242 0)
(-0.00634446 0.108033 0)
(-0.00566532 0.111503 0)
(-0.00496528 0.115722 0)
(-0.0042286 0.120732 0)
(-0.00343784 0.126519 0)
(-0.00258074 0.132951 0)
(-0.00166734 0.139622 0)
(-0.000713594 0.143103 0)
(-0.0586505 0.0699036 0)
(-0.0555212 0.0727969 0)
(-0.0524977 0.0753953 0)
(-0.0495787 0.0777148 0)
(-0.0467677 0.0797826 0)
(-0.0440671 0.0816274 0)
(-0.0414794 0.0832765 0)
(-0.0390056 0.0847544 0)
(-0.0366453 0.0860819 0)
(-0.0343973 0.0872767 0)
(-0.0322598 0.0883534 0)
(-0.0302306 0.0893242 0)
(-0.028307 0.0901997 0)
(-0.026486 0.0909888 0)
(-0.0247643 0.0916996 0)
(-0.0231386 0.0923395 0)
(-0.0216054 0.0929154 0)
(-0.020161 0.0934341 0)
(-0.0188017 0.0939027 0)
(-0.0175238 0.0943287 0)
(-0.0163235 0.0947213 0)
(-0.0151969 0.0950918 0)
(-0.0141401 0.0954547 0)
(-0.0131488 0.0958298 0)
(-0.0122186 0.0962432 0)
(-0.0113448 0.0967294 0)
(-0.0105222 0.0973325 0)
(-0.00974502 0.0981076 0)
(-0.00900697 0.0991205 0)
(-0.00830081 0.100447 0)
(-0.00761836 0.102172 0)
(-0.00695032 0.104385 0)
(-0.00628613 0.107174 0)
(-0.00561387 0.110626 0)
(-0.00492006 0.114808 0)
(-0.00418942 0.119761 0)
(-0.00340496 0.125468 0)
(-0.00255493 0.131799 0)
(-0.00164914 0.138344 0)
(-0.000705157 0.141705 0)
(-0.0555546 0.0660007 0)
(-0.0526676 0.0689998 0)
(-0.0498722 0.0717144 0)
(-0.047167 0.0741588 0)
(-0.044556 0.0763579 0)
(-0.0420422 0.0783382 0)
(-0.0396285 0.0801251 0)
(-0.0373163 0.0817415 0)
(-0.035106 0.083207 0)
(-0.0329968 0.0845383 0)
(-0.0309877 0.0857491 0)
(-0.0290769 0.0868513 0)
(-0.0272623 0.0878548 0)
(-0.0255416 0.0887683 0)
(-0.0239119 0.0895997 0)
(-0.0223706 0.090356 0)
(-0.0209144 0.0910441 0)
(-0.0195403 0.0916706 0)
(-0.0182451 0.0922424 0)
(-0.0170253 0.0927672 0)
(-0.0158777 0.0932538 0)
(-0.0147987 0.0937134 0)
(-0.0137848 0.0941605 0)
(-0.012832 0.0946144 0)
(-0.0119363 0.095101 0)
(-0.0110934 0.0956542 0)
(-0.0102982 0.0963175 0)
(-0.00954543 0.0971453 0)
(-0.00882904 0.0982024 0)
(-0.00814213 0.0995636 0)
(-0.00747686 0.101312 0)
(-0.00682428 0.103535 0)
(-0.00617421 0.106321 0)
(-0.00551511 0.109753 0)
(-0.00483399 0.113898 0)
(-0.00411602 0.118794 0)
(-0.0033448 0.124422 0)
(-0.00250905 0.130651 0)
(-0.0016183 0.137071 0)
(-0.000691437 0.140317 0)
(-0.0522558 0.0623825 0)
(-0.0496076 0.0654712 0)
(-0.0470382 0.0682858 0)
(-0.0445463 0.0708391 0)
(-0.0421361 0.073154 0)
(-0.0398109 0.0752547 0)
(-0.037574 0.0771649 0)
(-0.0354271 0.078906 0)
(-0.0333709 0.0804963 0)
(-0.0314054 0.0819516 0)
(-0.0295298 0.0832849 0)
(-0.0277429 0.0845073 0)
(-0.0260433 0.0856283 0)
(-0.0244288 0.0866564 0)
(-0.0228974 0.087599 0)
(-0.0214466 0.0884632 0)
(-0.0200739 0.0892554 0)
(-0.0187765 0.0899822 0)
(-0.0175516 0.0906504 0)
(-0.0163963 0.0912674 0)
(-0.0153077 0.0918421 0)
(-0.0142825 0.0923852 0)
(-0.0133177 0.0929113 0)
(-0.0124096 0.0934392 0)
(-0.0115545 0.0939946 0)
(-0.0107483 0.0946108 0)
(-0.00998656 0.0953308 0)
(-0.00926413 0.0962079 0)
(-0.00857531 0.0973062 0)
(-0.00791357 0.0986993 0)
(-0.00727141 0.100469 0)
(-0.00664026 0.102701 0)
(-0.00601034 0.105482 0)
(-0.00537056 0.108893 0)
(-0.00470839 0.113 0)
(-0.00400957 0.117838 0)
(-0.00325829 0.123388 0)
(-0.00244378 0.129516 0)
(-0.00157521 0.135813 0)
(-0.000672549 0.138948 0)
(-0.0487738 0.0590481 0)
(-0.0463601 0.0622121 0)
(-0.044014 0.0651124 0)
(-0.041734 0.0677602 0)
(-0.0395246 0.0701765 0)
(-0.0373891 0.0723836 0)
(-0.0353308 0.0744034 0)
(-0.0333519 0.076256 0)
(-0.0314533 0.0779585 0)
(-0.0296353 0.0795256 0)
(-0.0278977 0.0809698 0)
(-0.0262396 0.0823015 0)
(-0.0246598 0.0835298 0)
(-0.023157 0.0846627 0)
(-0.0217293 0.0857074 0)
(-0.0203747 0.0866707 0)
(-0.0190911 0.087559 0)
(-0.0178761 0.0883785 0)
(-0.0167274 0.089136 0)
(-0.0156425 0.0898386 0)
(-0.0146186 0.0904951 0)
(-0.0136532 0.0911161 0)
(-0.0127432 0.0917158 0)
(-0.0118856 0.0923129 0)
(-0.0110768 0.0929326 0)
(-0.0103131 0.0936077 0)
(-0.00959046 0.0943805 0)
(-0.00890404 0.0953037 0)
(-0.00824848 0.0964401 0)
(-0.00761761 0.0978624 0)
(-0.00700432 0.0996508 0)
(-0.00640041 0.10189 0)
(-0.00579652 0.104665 0)
(-0.00518203 0.108054 0)
(-0.00454492 0.112123 0)
(-0.00387151 0.116904 0)
(-0.00314662 0.122376 0)
(-0.00236004 0.128404 0)
(-0.0015205 0.13458 0)
(-0.000648777 0.13761 0)
(-0.0451267 0.055996 0)
(-0.042943 0.0592229 0)
(-0.040817 0.062196 0)
(-0.0387471 0.0649253 0)
(-0.0367378 0.0674299 0)
(-0.0347922 0.0697304 0)
(-0.0329139 0.0718471 0)
(-0.0311049 0.0737987 0)
(-0.0293665 0.0756012 0)
(-0.0276993 0.0772686 0)
(-0.0261032 0.0788124 0)
(-0.0245779 0.0802427 0)
(-0.0231225 0.0815681 0)
(-0.0217359 0.0827962 0)
(-0.0204167 0.0839339 0)
(-0.0191633 0.0849878 0)
(-0.0179739 0.085964 0)
(-0.0168466 0.0868686 0)
(-0.0157794 0.0877081 0)
(-0.0147701 0.0884897 0)
(-0.0138165 0.0892217 0)
(-0.0129161 0.0899147 0)
(-0.0120664 0.0905827 0)
(-0.0112645 0.0912439 0)
(-0.0105074 0.0919232 0)
(-0.00979165 0.092653 0)
(-0.00911346 0.0934749 0)
(-0.00846846 0.0944406 0)
(-0.00785162 0.0956122 0)
(-0.00725714 0.097061 0)
(-0.00667826 0.0988661 0)
(-0.00610722 0.101111 0)
(-0.00553507 0.103878 0)
(-0.00495168 0.107245 0)
(-0.00434556 0.111275 0)
(-0.00370359 0.115999 0)
(-0.00301131 0.121394 0)
(-0.00225904 0.127326 0)
(-0.00145499 0.133382 0)
(-0.000620559 0.136313 0)
(-0.0413314 0.0532245 0)
(-0.0393731 0.0565035 0)
(-0.037464 0.0595383 0)
(-0.0356021 0.0623374 0)
(-0.0337917 0.0649184 0)
(-0.032036 0.0673002 0)
(-0.0303382 0.0695017 0)
(-0.0287006 0.0715404 0)
(-0.0271244 0.0734315 0)
(-0.0256105 0.0751879 0)
(-0.024159 0.0768206 0)
(-0.0227698 0.0783391 0)
(-0.0214425 0.0797515 0)
(-0.0201761 0.0810653 0)
(-0.0189696 0.082287 0)
(-0.0178217 0.0834229 0)
(-0.0167311 0.0844789 0)
(-0.0156961 0.0854609 0)
(-0.0147151 0.0863753 0)
(-0.0137863 0.087229 0)
(-0.0129077 0.0880302 0)
(-0.0120773 0.0887893 0)
(-0.0112927 0.08952 0)
(-0.0105516 0.0902403 0)
(-0.00985111 0.0909746 0)
(-0.00918829 0.0917548 0)
(-0.00855965 0.0926218 0)
(-0.00796119 0.0936266 0)
(-0.00738825 0.0948303 0)
(-0.00683541 0.0963031 0)
(-0.00629632 0.0981227 0)
(-0.00576359 0.100371 0)
(-0.00522875 0.103129 0)
(-0.0046821 0.106474 0)
(-0.00411268 0.110464 0)
(-0.00350798 0.115132 0)
(-0.00285422 0.120452 0)
(-0.00214225 0.126289 0)
(-0.00137972 0.132229 0)
(-0.000588352 0.135068 0)
(-0.0374052 0.0507321 0)
(-0.0356681 0.0540541 0)
(-0.0339726 0.0571405 0)
(-0.0323164 0.0599988 0)
(-0.0307037 0.0626452 0)
(-0.0291373 0.0650972 0)
(-0.0276202 0.0673723 0)
(-0.0261547 0.069487 0)
(-0.0247421 0.0714556 0)
(-0.0233834 0.0732902 0)
(-0.0220788 0.0750013 0)
(-0.0208285 0.0765979 0)
(-0.0196322 0.0780878 0)
(-0.0184893 0.0794779 0)
(-0.017399 0.0807747 0)
(-0.0163605 0.081984 0)
(-0.0153725 0.0831118 0)
(-0.0144339 0.0841636 0)
(-0.0135433 0.0851455 0)
(-0.0126992 0.0860645 0)
(-0.0118999 0.0869285 0)
(-0.0111438 0.0877477 0)
(-0.0104288 0.0885356 0)
(-0.00975283 0.0893098 0)
(-0.00911353 0.0900944 0)
(-0.00850822 0.0909206 0)
(-0.0079338 0.0918289 0)
(-0.00738665 0.0928695 0)
(-0.00686249 0.0941023 0)
(-0.0063563 0.0955966 0)
(-0.00586211 0.0974286 0)
(-0.00537296 0.0996789 0)
(-0.0048808 0.102427 0)
(-0.00437637 0.105748 0)
(-0.0038492 0.1097 0)
(-0.00328733 0.114313 0)
(-0.00267765 0.119559 0)
(-0.00201149 0.125303 0)
(-0.0012959 0.13113 0)
(-0.000552618 0.133882 0)
(-0.0333685 0.048518 0)
(-0.0318487 0.0518749 0)
(-0.0303637 0.055004 0)
(-0.0289109 0.0579119 0)
(-0.0274942 0.0606136 0)
(-0.0261161 0.0631253 0)
(-0.0247795 0.0654635 0)
(-0.0234863 0.0676435 0)
(-0.022238 0.069679 0)
(-0.0210355 0.0715815 0)
(-0.0198794 0.0733609 0)
(-0.0187699 0.0750258 0)
(-0.0177069 0.0765836 0)
(-0.0166899 0.078041 0)
(-0.0157187 0.079404 0)
(-0.0147924 0.0806785 0)
(-0.0139103 0.0818698 0)
(-0.0130714 0.0829837 0)
(-0.0122746 0.0840261 0)
(-0.0115188 0.0850035 0)
(-0.0108025 0.0859238 0)
(-0.0101244 0.0867972 0)
(-0.00948272 0.0876365 0)
(-0.00887582 0.0884596 0)
(-0.00830165 0.0892896 0)
(-0.0077579 0.0901578 0)
(-0.00724186 0.0911036 0)
(-0.00675032 0.0921765 0)
(-0.00627942 0.0934357 0)
(-0.00582451 0.0949491 0)
(-0.00538007 0.0967917 0)
(-0.00493954 0.0990427 0)
(-0.00449526 0.10178 0)
(-0.00403837 0.105077 0)
(-0.00355881 0.108991 0)
(-0.00304509 0.113548 0)
(-0.00248465 0.118722 0)
(-0.00186922 0.124375 0)
(-0.00120521 0.130094 0)
(-0.000514074 0.132764 0)
(-0.0292496 0.0465817 0)
(-0.0279436 0.0499664 0)
(-0.0266659 0.05313 0)
(-0.025414 0.0560786 0)
(-0.0241911 0.0588261 0)
(-0.0229996 0.0613876 0)
(-0.0218421 0.0637788 0)
(-0.0207205 0.066014 0)
(-0.0196362 0.0681064 0)
(-0.0185902 0.0700668 0)
(-0.0175831 0.0719047 0)
(-0.0166152 0.0736284 0)
(-0.0156866 0.0752448 0)
(-0.0147973 0.0767605 0)
(-0.0139468 0.0781812 0)
(-0.0131349 0.0795124 0)
(-0.0123608 0.0807595 0)
(-0.011624 0.0819279 0)
(-0.0109236 0.0830234 0)
(-0.0102587 0.0840524 0)
(-0.00962815 0.0850226 0)
(-0.00903086 0.085944 0)
(-0.00846555 0.0868294 0)
(-0.00793078 0.087696 0)
(-0.00742492 0.088567 0)
(-0.00694604 0.0894728 0)
(-0.00649185 0.0904525 0)
(-0.00605958 0.0915547 0)
(-0.0056458 0.0928376 0)
(-0.00524632 0.094368 0)
(-0.00485605 0.0962197 0)
(-0.00446884 0.0984702 0)
(-0.0040774 0.101196 0)
(-0.0036732 0.104469 0)
(-0.00324645 0.108344 0)
(-0.00278595 0.112847 0)
(-0.00227949 0.117949 0)
(-0.00171903 0.123514 0)
(-0.00111023 0.129127 0)
(-0.000473971 0.13172 0)
(-0.025094 0.0449232 0)
(-0.0239978 0.0483288 0)
(-0.0229235 0.0515191 0)
(-0.0218686 0.0544998 0)
(-0.0208361 0.057284 0)
(-0.0198281 0.0598859 0)
(-0.0188471 0.0623203 0)
(-0.0178948 0.0646011 0)
(-0.0169726 0.0667406 0)
(-0.0160816 0.0687493 0)
(-0.0152224 0.0706364 0)
(-0.0143955 0.0724096 0)
(-0.0136011 0.0740758 0)
(-0.0128392 0.075641 0)
(-0.0121099 0.0771108 0)
(-0.0114129 0.0784906 0)
(-0.0107478 0.0797856 0)
(-0.0101141 0.081001 0)
(-0.0095113 0.0821424 0)
(-0.00893866 0.0832163 0)
(-0.0083954 0.0842301 0)
(-0.00788065 0.0851935 0)
(-0.00739346 0.0861193 0)
(-0.00693274 0.0870244 0)
(-0.00649724 0.0879317 0)
(-0.00608546 0.0888712 0)
(-0.00569555 0.0898813 0)
(-0.0053252 0.0910099 0)
(-0.0049715 0.0923143 0)
(-0.00463076 0.0938602 0)
(-0.00429837 0.0957198 0)
(-0.00396861 0.0979691 0)
(-0.00363454 0.100683 0)
(-0.00328788 0.103932 0)
(-0.00291893 0.107768 0)
(-0.00251648 0.112216 0)
(-0.00206832 0.117248 0)
(-0.0015662 0.122725 0)
(-0.00101499 0.128234 0)
(-0.000434312 0.130753 0)
(-0.0209774 0.0435417 0)
(-0.0200854 0.0469607 0)
(-0.0192085 0.0501698 0)
(-0.0183445 0.053174 0)
(-0.0174964 0.0559861 0)
(-0.0166662 0.0586191 0)
(-0.0158561 0.0610875 0)
(-0.0150681 0.0634045 0)
(-0.0143034 0.0655818 0)
(-0.0135632 0.0676298 0)
(-0.0128482 0.0695569 0)
(-0.012159 0.0713708 0)
(-0.011496 0.073078 0)
(-0.0108593 0.0746843 0)
(-0.0102492 0.0761952 0)
(-0.0096654 0.0776157 0)
(-0.00910789 0.078951 0)
(-0.00857632 0.080206 0)
(-0.00807032 0.0813864 0)
(-0.00758941 0.0824983 0)
(-0.00713307 0.0835494 0)
(-0.0067007 0.084549 0)
(-0.00629165 0.0855097 0)
(-0.00590519 0.0864484 0)
(-0.00554043 0.0873876 0)
(-0.00519632 0.0883569 0)
(-0.00487149 0.0893943 0)
(-0.00456417 0.0905469 0)
(-0.004272 0.091871 0)
(-0.00399188 0.0934311 0)
(-0.00371976 0.0952982 0)
(-0.00345044 0.0975464 0)
(-0.00317736 0.100249 0)
(-0.0028924 0.103473 0)
(-0.00258579 0.10727 0)
(-0.00224591 0.111664 0)
(-0.00185989 0.116624 0)
(-0.00141846 0.122012 0)
(-0.000925374 0.127417 0)
(-0.000397898 0.129863 0)
(-0.0170274 0.0424352 0)
(-0.0163297 0.0458597 0)
(-0.0156394 0.0490789 0)
(-0.0149554 0.0520979 0)
(-0.0142808 0.0549288 0)
(-0.0136176 0.0575841 0)
(-0.0129683 0.0600775 0)
(-0.0123347 0.0624218 0)
(-0.0117183 0.0646282 0)
(-0.0111202 0.0667067 0)
(-0.0105415 0.0686655 0)
(-0.00998261 0.0705118 0)
(-0.00944418 0.0722518 0)
(-0.0089265 0.0738913 0)
(-0.00842979 0.0754354 0)
(-0.00795411 0.076889 0)
(-0.00749944 0.0782572 0)
(-0.00706564 0.0795449 0)
(-0.0066525 0.0807575 0)
(-0.00625975 0.0819011 0)
(-0.00588706 0.0829832 0)
(-0.00553411 0.0840132 0)
(-0.00520052 0.0850036 0)
(-0.00488586 0.0859711 0)
(-0.00458966 0.0869379 0)
(-0.00431128 0.0879335 0)
(-0.00404985 0.0889953 0)
(-0.00380417 0.0901698 0)
(-0.00357254 0.0915124 0)
(-0.00335252 0.0930865 0)
(-0.00314076 0.0949613 0)
(-0.00293272 0.0972093 0)
(-0.00272234 0.0999017 0)
(-0.00250178 0.103103 0)
(-0.0022611 0.106862 0)
(-0.00198785 0.111199 0)
(-0.00166747 0.116084 0)
(-0.00128805 0.121379 0)
(-0.000850999 0.126676 0)
(-0.000368261 0.129039 0)
(-0.0134501 0.0415913 0)
(-0.0129283 0.0450113 0)
(-0.0124056 0.0482316 0)
(-0.0118822 0.0512564 0)
(-0.0113618 0.0540973 0)
(-0.010847 0.0567664 0)
(-0.0103402 0.0592766 0)
(-0.00984377 0.0616401 0)
(-0.00935915 0.0638677 0)
(-0.00888768 0.0659689 0)
(-0.00843034 0.0679517 0)
(-0.00798791 0.0698228 0)
(-0.00756098 0.0715883 0)
(-0.00714998 0.0732536 0)
(-0.00675519 0.0748238 0)
(-0.00637678 0.0763037 0)
(-0.00601484 0.0776981 0)
(-0.00566933 0.0790118 0)
(-0.00534019 0.0802503 0)
(-0.00502729 0.0814195 0)
(-0.00473051 0.082527 0)
(-0.00444971 0.083582 0)
(-0.00418475 0.084597 0)
(-0.0039355 0.0855887 0)
(-0.00370179 0.0865792 0)
(-0.00348339 0.0875976 0)
(-0.00327992 0.0886813 0)
(-0.00309074 0.089876 0)
(-0.00291479 0.0912365 0)
(-0.00275041 0.0928248 0)
(-0.0025951 0.0947089 0)
(-0.00244517 0.0969592 0)
(-0.00229546 0.0996444 0)
(-0.00213882 0.102826 0)
(-0.00196556 0.106549 0)
(-0.00176259 0.110832 0)
(-0.0015128 0.115638 0)
(-0.00119895 0.12083 0)
(-0.000816371 0.126007 0)
(-0.000360264 0.128266 0)
(-0.0105656 0.0409685 0)
(-0.0101856 0.044369 0)
(-0.00979681 0.0475757 0)
(-0.00940143 0.0505938 0)
(-0.00900325 0.0534336 0)
(-0.00860573 0.0561061 0)
(-0.00821181 0.0586236 0)
(-0.00782382 0.0609974 0)
(-0.00744356 0.0632378 0)
(-0.00707246 0.0653537 0)
(-0.00671161 0.0673525 0)
(-0.00636186 0.069241 0)
(-0.00602386 0.0710247 0)
(-0.0056981 0.0727089 0)
(-0.0053849 0.0742984 0)
(-0.00508451 0.075798 0)
(-0.00479705 0.0772122 0)
(-0.0045226 0.0785459 0)
(-0.00426116 0.0798044 0)
(-0.00401274 0.0809937 0)
(-0.00377733 0.0821212 0)
(-0.00355492 0.0831962 0)
(-0.00334555 0.0842313 0)
(-0.00314927 0.085243 0)
(-0.00296614 0.0862536 0)
(-0.00279619 0.087292 0)
(-0.00263939 0.0883952 0)
(-0.00249551 0.0896088 0)
(-0.002364 0.0909868 0)
(-0.00224386 0.0925903 0)
(-0.0021334 0.0944861 0)
(-0.00202996 0.0967428 0)
(-0.00192963 0.0994267 0)
(-0.00182676 0.102596 0)
(-0.00171331 0.106292 0)
(-0.00157758 0.110527 0)
(-0.00140233 0.115257 0)
(-0.00116622 0.120338 0)
(-0.000857374 0.125368 0)
(-0.000417371 0.127469 0)
(-0.00883886 0.0403983 0)
(-0.00854434 0.0437687 0)
(-0.00823441 0.0469569 0)
(-0.00791408 0.0499639 0)
(-0.00758767 0.0528011 0)
(-0.00725903 0.0554775 0)
(-0.00693133 0.0580039 0)
(-0.00660707 0.0603905 0)
(-0.00628822 0.0626467 0)
(-0.00597627 0.0647806 0)
(-0.00567241 0.0667993 0)
(-0.00537751 0.0687088 0)
(-0.00509227 0.0705144 0)
(-0.00481717 0.0722212 0)
(-0.00455258 0.0738337 0)
(-0.00429876 0.0753564 0)
(-0.00405585 0.0767939 0)
(-0.00382397 0.0781509 0)
(-0.00360319 0.0794327 0)
(-0.00339354 0.0806452 0)
(-0.00319508 0.0817958 0)
(-0.00300785 0.0828941 0)
(-0.00283193 0.0839525 0)
(-0.00266741 0.0849876 0)
(-0.00251436 0.0860216 0)
(-0.00237286 0.0870835 0)
(-0.00224285 0.08821 0)
(-0.00212413 0.0894461 0)
(-0.00201622 0.0908451 0)
(-0.00191823 0.0924674 0)
(-0.00182872 0.0943778 0)
(-0.00174548 0.0966433 0)
(-0.00166535 0.0993275 0)
(-0.00158393 0.102485 0)
(-0.00149504 0.106152 0)
(-0.00138984 0.110332 0)
(-0.00125494 0.114968 0)
(-0.00107151 0.119887 0)
(-0.000821515 0.124627 0)
(-0.000426506 0.126189 0)
)
;

boundaryField
{
    leftWall
    {
        type            noSlip;
    }
    rightWall
    {
        type            noSlip;
    }
    lowerWall
    {
        type            noSlip;
    }
    atmosphere
    {
        type            pressureInletOutletVelocity;
        value           nonuniform List<vector> 
45
(
(-0.0097175 0.0239159 0)
(-0.0096192 0.0273835 0)
(-0.00947631 0.030661 0)
(-0.00929492 0.0339141 0)
(-0.00908422 0.0371336 0)
(-0.00883886 0.0403983 0)
(-0.00854434 0.0437687 0)
(-0.00823441 0.0469569 0)
(-0.00791408 0.0499639 0)
(-0.00758767 0.0528011 0)
(-0.00725903 0.0554775 0)
(-0.00693133 0.0580039 0)
(-0.00660707 0.0603905 0)
(-0.00628822 0.0626467 0)
(-0.00597627 0.0647806 0)
(-0.00567241 0.0667993 0)
(-0.00537751 0.0687088 0)
(-0.00509227 0.0705144 0)
(-0.00481717 0.0722212 0)
(-0.00455258 0.0738337 0)
(-0.00429876 0.0753564 0)
(-0.00405585 0.0767939 0)
(-0.00382397 0.0781509 0)
(-0.00360319 0.0794327 0)
(-0.00339354 0.0806452 0)
(-0.00319508 0.0817958 0)
(-0.00300785 0.0828941 0)
(-0.00283193 0.0839525 0)
(-0.00266741 0.0849876 0)
(-0.00251436 0.0860216 0)
(-0.00237286 0.0870835 0)
(-0.00224285 0.08821 0)
(-0.00212413 0.0894461 0)
(-0.00201622 0.0908451 0)
(-0.00191823 0.0924674 0)
(-0.00182872 0.0943778 0)
(-0.00174548 0.0966433 0)
(-0.00166535 0.0993275 0)
(-0.00158393 0.102485 0)
(-0.00149504 0.106152 0)
(-0.00138984 0.110332 0)
(-0.00125494 0.114968 0)
(-0.00107151 0.119887 0)
(-0.000821515 0.124627 0)
(-0.000426506 0.126189 0)
)
;
    }
    defaultFaces
    {
        type            empty;
    }
    procBoundary3to1
    {
        type            processor;
        value           nonuniform List<vector> 
45
(
(0.0143552 0.257881 0)
(0.0169456 0.24816 0)
(0.019324 0.23943 0)
(0.0214509 0.231617 0)
(0.0233896 0.224715 0)
(0.0252266 0.218218 0)
(0.02694 0.21153 0)
(0.0284182 0.204852 0)
(0.0296658 0.198206 0)
(0.0306888 0.191645 0)
(0.0314958 0.185222 0)
(0.0320977 0.178987 0)
(0.0325067 0.172974 0)
(0.0327361 0.167209 0)
(0.0327994 0.161706 0)
(0.0327105 0.156472 0)
(0.0324829 0.151507 0)
(0.0321294 0.146806 0)
(0.0316623 0.142363 0)
(0.0310932 0.13817 0)
(0.0304331 0.134218 0)
(0.029692 0.130498 0)
(0.028879 0.127001 0)
(0.0280023 0.123718 0)
(0.027069 0.120644 0)
(0.0260855 0.117775 0)
(0.0250574 0.11511 0)
(0.0239893 0.112653 0)
(0.0228854 0.110416 0)
(0.0217486 0.108417 0)
(0.0205813 0.106688 0)
(0.0193848 0.105271 0)
(0.0181597 0.104225 0)
(0.0169059 0.103624 0)
(0.0156222 0.103557 0)
(0.0143074 0.104129 0)
(0.0129596 0.105455 0)
(0.0115769 0.107659 0)
(0.0101575 0.110864 0)
(0.00870053 0.115183 0)
(0.00720504 0.120697 0)
(0.0056703 0.127421 0)
(0.00410235 0.135221 0)
(0.00253654 0.143597 0)
(0.00104266 0.149493 0)
)
;
    }
    procBoundary3to2
    {
        type            processor;
        value           nonuniform List<vector> 
43
(
(0.000925431 0.264983 0)
(-0.00946155 0.261029 0)
(-0.0197936 0.256557 0)
(-0.0299259 0.251412 0)
(-0.0398077 0.245627 0)
(-0.049351 0.23918 0)
(-0.0584614 0.232074 0)
(-0.0670414 0.224335 0)
(-0.0749945 0.216005 0)
(-0.0822311 0.20715 0)
(-0.0886741 0.197852 0)
(-0.0942634 0.188206 0)
(-0.0989589 0.17832 0)
(-0.102741 0.168303 0)
(-0.105612 0.158264 0)
(-0.107593 0.148305 0)
(-0.108721 0.138519 0)
(-0.109046 0.128986 0)
(-0.108627 0.119773 0)
(-0.107527 0.110933 0)
(-0.105814 0.102507 0)
(-0.103554 0.0945218 0)
(-0.100811 0.0869946 0)
(-0.0976467 0.0799332 0)
(-0.0941163 0.073338 0)
(-0.090271 0.0672033 0)
(-0.0861561 0.0615193 0)
(-0.0818119 0.0562722 0)
(-0.0772731 0.0514462 0)
(-0.0725689 0.0470239 0)
(-0.0677241 0.0429874 0)
(-0.0627589 0.0393191 0)
(-0.0576894 0.0360015 0)
(-0.0525285 0.0330184 0)
(-0.0472874 0.0303552 0)
(-0.0419781 0.0279998 0)
(-0.0366191 0.0259432 0)
(-0.0312443 0.024182 0)
(-0.0259212 0.0227204 0)
(-0.0207794 0.0215754 0)
(-0.0160551 0.0207709 0)
(-0.01215 0.0203661 0)
(-0.00973489 0.0203244 0)
)
;
    }
}


// ************************************************************************* //
