/*--------------------------------*- C++ -*----------------------------------*\
  =========                 |
  \\      /  F ield         | OpenFOAM: The Open Source CFD Toolbox
   \\    /   O peration     | Website:  https://openfoam.org
    \\  /    A nd           | Version:  9
     \\/     M anipulation  |
\*---------------------------------------------------------------------------*/
FoamFile
{
    format      ascii;
    class       volVectorField;
    location    "0.05";
    object      U;
}
// * * * * * * * * * * * * * * * * * * * * * * * * * * * * * * * * * * * * * //

dimensions      [0 1 -1 0 0 0 0];

internalField   nonuniform List<vector> 
1915
(
(0.0284181 -0.277819 0)
(0.0295834 -0.278612 0)
(0.0300147 -0.27748 0)
(0.0310776 -0.269922 0)
(0.0324991 -0.256082 0)
(0.0335719 -0.0673091 0)
(0.0272007 0.0624477 0)
(0.0218379 0.145312 0)
(0.0168211 0.193635 0)
(0.0121245 0.217968 0)
(0.00820821 0.227036 0)
(0.00521997 0.227168 0)
(0.00314246 0.222533 0)
(0.00185655 0.215622 0)
(0.00122191 0.207804 0)
(0.00110931 0.199778 0)
(0.00140776 0.191877 0)
(0.0020194 0.184246 0)
(0.00285753 0.176939 0)
(0.00384974 0.169964 0)
(0.00493923 0.163308 0)
(0.00608124 0.156941 0)
(0.00725085 0.150824 0)
(0.00836449 0.144927 0)
(0.00952342 0.139119 0)
(0.000741174 -0.379826 0)
(0.00186872 -0.360586 0)
(0.00317632 -0.334358 0)
(0.00457978 -0.310985 0)
(0.00600526 -0.29203 0)
(0.00741584 -0.27764 0)
(0.00878734 -0.267391 0)
(0.0101185 -0.260647 0)
(0.0114138 -0.256721 0)
(0.012679 -0.254961 0)
(0.0139157 -0.254796 0)
(0.0151222 -0.255764 0)
(0.0162946 -0.257515 0)
(0.0174284 -0.259797 0)
(0.0185191 -0.262436 0)
(0.0195621 -0.265312 0)
(0.0205556 -0.268324 0)
(0.0215034 -0.27137 0)
(0.0224136 -0.274307 0)
(0.0233217 -0.276925 0)
(0.0243008 -0.278905 0)
(0.0253434 -0.279768 0)
(0.0257853 -0.278713 0)
(0.0267883 -0.270962 0)
(0.028226 -0.256418 0)
(0.0288943 -0.0634035 0)
(0.0215072 0.0679272 0)
(0.0147105 0.151413 0)
(0.00830394 0.199412 0)
(0.00267879 0.222878 0)
(-0.00175189 0.230848 0)
(-0.00488885 0.229885 0)
(-0.00686036 0.224263 0)
(-0.00787987 0.216516 0)
(-0.00815194 0.208023 0)
(-0.00784825 0.199475 0)
(-0.00711052 0.191185 0)
(-0.00605888 0.183274 0)
(-0.00479358 0.175774 0)
(-0.00339393 0.168676 0)
(-0.00191996 0.161949 0)
(-0.000417465 0.155556 0)
(0.00108883 0.149445 0)
(0.00255744 0.143556 0)
(0.003937 0.137872 0)
(0.0008644 -0.380411 0)
(0.00181406 -0.361479 0)
(0.00283299 -0.335518 0)
(0.00397768 -0.312305 0)
(0.005125 -0.293378 0)
(0.00625617 -0.278968 0)
(0.0073641 -0.268685 0)
(0.00844785 -0.261909 0)
(0.00951592 -0.257956 0)
(0.0105717 -0.256173 0)
(0.0116148 -0.255986 0)
(0.0126412 -0.256928 0)
(0.0136434 -0.258645 0)
(0.0146127 -0.260885 0)
(0.0155409 -0.263477 0)
(0.0164213 -0.266301 0)
(0.017249 -0.269261 0)
(0.0180239 -0.272262 0)
(0.0187565 -0.275175 0)
(0.0194757 -0.277801 0)
(0.0202655 -0.279845 0)
(0.0211787 -0.280832 0)
(0.0216327 -0.279911 0)
(0.0225124 -0.272108 0)
(0.0241077 -0.256537 0)
(0.0243428 -0.0586491 0)
(0.0150327 0.0751795 0)
(0.00602989 0.159257 0)
(-0.00202924 0.206521 0)
(-0.00861286 0.228566 0)
(-0.0134073 0.234964 0)
(-0.016483 0.232548 0)
(-0.0181235 0.225701 0)
(-0.0186484 0.21698 0)
(-0.0183432 0.207744 0)
(-0.0174376 0.198649 0)
(-0.0161107 0.189969 0)
(-0.0145015 0.181793 0)
(-0.0127168 0.174122 0)
(-0.0108364 0.166927 0)
(-0.00891935 0.160161 0)
(-0.0070102 0.153771 0)
(-0.00513524 0.147699 0)
(-0.0033231 0.141872 0)
(-0.00160422 0.136229 0)
(0.000235419 -0.381842 0)
(0.00109295 -0.362732 0)
(0.00193422 -0.336704 0)
(0.00297636 -0.313497 0)
(0.00399756 -0.294554 0)
(0.00494534 -0.280104 0)
(0.00585713 -0.26979 0)
(0.00675055 -0.262996 0)
(0.00764024 -0.259037 0)
(0.00853248 -0.257251 0)
(0.00942455 -0.257057 0)
(0.0103079 -0.257983 0)
(0.0111713 -0.259675 0)
(0.0120033 -0.261879 0)
(0.0127935 -0.264424 0)
(0.0135331 -0.267194 0)
(0.014215 -0.270096 0)
(0.0148359 -0.273045 0)
(0.0154002 -0.275923 0)
(0.0159385 -0.278557 0)
(0.0165331 -0.28067 0)
(0.0172959 -0.28182 0)
(0.0177476 -0.281132 0)
(0.0184666 -0.273449 0)
(0.0202189 -0.256605 0)
(0.0195811 -0.0519506 0)
(0.00691254 0.085201 0)
(-0.00524551 0.169501 0)
(-0.0152809 0.215177 0)
(-0.0226625 0.234965 0)
(-0.0274318 0.239137 0)
(-0.0299956 0.23484 0)
(-0.0308813 0.226531 0)
(-0.0305581 0.216729 0)
(-0.0293972 0.206723 0)
(-0.0276734 0.197094 0)
(-0.0255882 0.18806 0)
(-0.0232884 0.179663 0)
(-0.0208804 0.171872 0)
(-0.0184391 0.16463 0)
(-0.0160178 0.157872 0)
(-0.0136548 0.15153 0)
(-0.011374 0.145536 0)
(-0.00919548 0.139809 0)
(-0.00714206 0.134278 0)
(-0.00245447 -0.386337 0)
(-0.00191626 -0.366124 0)
(-0.000457251 -0.339103 0)
(0.000857692 -0.315274 0)
(0.00204572 -0.29599 0)
(0.00306377 -0.281343 0)
(0.00398372 -0.270928 0)
(0.00486253 -0.264094 0)
(0.00572551 -0.260124 0)
(0.00658159 -0.258334 0)
(0.00742677 -0.258133 0)
(0.00825101 -0.259041 0)
(0.0090429 -0.260702 0)
(0.0097921 -0.262864 0)
(0.0104903 -0.265357 0)
(0.0111304 -0.268065 0)
(0.0117054 -0.270899 0)
(0.0122096 -0.273779 0)
(0.0126427 -0.276603 0)
(0.0130321 -0.279224 0)
(0.0134564 -0.281415 0)
(0.0141191 -0.282746 0)
(0.014577 -0.282294 0)
(0.0151365 -0.274999 0)
(0.0165549 -0.256225 0)
(0.0118882 -0.0410338 0)
(-0.00587139 0.0996983 0)
(-0.0216056 0.182898 0)
(-0.0333718 0.225298 0)
(-0.0407252 0.241566 0)
(-0.0445852 0.242754 0)
(-0.045857 0.236189 0)
(-0.0453593 0.226262 0)
(-0.0437045 0.215357 0)
(-0.041325 0.204628 0)
(-0.0385162 0.19455 0)
(-0.0354785 0.185257 0)
(-0.0323472 0.176734 0)
(-0.0292132 0.168911 0)
(-0.0261364 0.1617 0)
(-0.0231567 0.155018 0)
(-0.0203009 0.148783 0)
(-0.0175847 0.142914 0)
(-0.0150186 0.13733 0)
(-0.0126153 0.131949 0)
(-0.00306499 -0.375426 0)
(-0.00603481 -0.363171 0)
(-0.00417614 -0.338515 0)
(-0.00274556 -0.315494 0)
(-0.00129583 -0.296467 0)
(7.35806e-05 -0.281905 0)
(0.00135105 -0.271517 0)
(0.00256229 -0.264687 0)
(0.00371065 -0.260704 0)
(0.0047914 -0.258882 0)
(0.00579696 -0.258628 0)
(0.00672171 -0.259469 0)
(0.00756363 -0.261051 0)
(0.0083239 -0.263127 0)
(0.00900538 -0.265527 0)
(0.00961011 -0.268137 0)
(0.0101368 -0.270868 0)
(0.010581 -0.273642 0)
(0.0109375 -0.27637 0)
(0.0112202 -0.278937 0)
(0.0115274 -0.281198 0)
(0.0121623 -0.282811 0)
(0.0127165 -0.282531 0)
(0.0136088 -0.275596 0)
(0.012982 -0.253339 0)
(-0.00762572 -0.021918 0)
(-0.0299601 0.119912 0)
(-0.0477082 0.198854 0)
(-0.0589348 0.235623 0)
(-0.0642489 0.246985 0)
(-0.065552 0.244588 0)
(-0.0643255 0.235612 0)
(-0.0615909 0.224153 0)
(-0.0580117 0.212326 0)
(-0.0540067 0.201078 0)
(-0.0498347 0.190744 0)
(-0.0456537 0.181364 0)
(-0.0415594 0.172865 0)
(-0.0376086 0.165134 0)
(-0.0338343 0.158062 0)
(-0.0302542 0.151545 0)
(-0.0268775 0.145489 0)
(-0.0237063 0.139809 0)
(-0.0207396 0.134419 0)
(-0.0179798 0.129235 0)
(0.0175864 -0.339688 0)
(-0.00602513 -0.343098 0)
(-0.00759497 -0.327577 0)
(-0.00788788 -0.309058 0)
(-0.00652447 -0.292221 0)
(-0.00452969 -0.278817 0)
(-0.00237299 -0.269047 0)
(-0.000275383 -0.262525 0)
(0.00164987 -0.258661 0)
(0.00335125 -0.256843 0)
(0.0048175 -0.256526 0)
(0.00606287 -0.257267 0)
(0.00711473 -0.258734 0)
(0.00800418 -0.260691 0)
(0.00875971 -0.262974 0)
(0.00940228 -0.265468 0)
(0.00994253 -0.268085 0)
(0.0103813 -0.270749 0)
(0.0107077 -0.273384 0)
(0.0109026 -0.275903 0)
(0.011038 -0.27825 0)
(0.0114046 -0.280368 0)
(0.0114925 -0.28053 0)
(0.0132855 -0.272339 0)
(0.0096371 -0.241114 0)
(-0.0545548 0.00746373 0)
(-0.0739665 0.143985 0)
(-0.0878728 0.21368 0)
(-0.0937814 0.242592 0)
(-0.0937773 0.248499 0)
(-0.0903014 0.2427 0)
(-0.0851251 0.231777 0)
(-0.0792299 0.219307 0)
(-0.073141 0.207033 0)
(-0.0671405 0.195668 0)
(-0.0613706 0.185403 0)
(-0.0558971 0.176197 0)
(-0.0507449 0.167928 0)
(-0.0459179 0.160457 0)
(-0.0414094 0.153654 0)
(-0.0372075 0.147408 0)
(-0.0332983 0.14162 0)
(-0.0296664 0.136201 0)
(-0.0262976 0.131063 0)
(-0.0231834 0.126124 0)
(0.10154 -0.376134 0)
(-0.00501355 -0.342627 0)
(-0.0154737 -0.33143 0)
(-0.0186297 -0.313597 0)
(-0.016342 -0.296468 0)
(-0.0123576 -0.282704 0)
(-0.00806432 -0.272599 0)
(-0.00405888 -0.265772 0)
(-0.00058568 -0.261632 0)
(0.00229096 -0.259573 0)
(0.00460373 -0.259054 0)
(0.00643371 -0.25964 0)
(0.00787668 -0.260997 0)
(0.0090218 -0.262886 0)
(0.0099412 -0.265132 0)
(0.0106849 -0.26761 0)
(0.0112783 -0.270223 0)
(0.0117263 -0.272882 0)
(0.0120119 -0.275497 0)
(0.0120602 -0.277949 0)
(0.0117174 -0.280166 0)
(0.0104201 -0.282915 0)
(0.0065893 -0.283505 0)
(0.000906861 -0.264402 0)
(-0.020493 -0.176662 0)
(-0.126747 0.0507269 0)
(-0.13852 0.166329 0)
(-0.140398 0.220901 0)
(-0.135972 0.241229 0)
(-0.12737 0.242744 0)
(-0.117236 0.234941 0)
(-0.107031 0.223346 0)
(-0.0973496 0.210895 0)
(-0.0883956 0.198965 0)
(-0.0802002 0.188077 0)
(-0.0727233 0.178327 0)
(-0.0659004 0.169631 0)
(-0.0596641 0.161846 0)
(-0.0539525 0.154828 0)
(-0.0487117 0.148447 0)
(-0.0438955 0.142591 0)
(-0.0394642 0.137165 0)
(-0.0353835 0.132082 0)
(-0.031625 0.12726 0)
(-0.0281692 0.122617 0)
(0.104801 -0.478692 0)
(-0.0137996 -0.309743 0)
(-0.0197472 -0.335272 0)
(-0.0303662 -0.322926 0)
(-0.0287608 -0.306269 0)
(-0.0226993 -0.291793 0)
(-0.0156632 -0.280711 0)
(-0.00913236 -0.272948 0)
(-0.00364247 -0.267994 0)
(0.000716741 -0.265259 0)
(0.00405354 -0.264202 0)
(0.00655242 -0.264374 0)
(0.00840467 -0.265427 0)
(0.00977226 -0.267096 0)
(0.0107777 -0.269183 0)
(0.0115019 -0.27154 0)
(0.0119837 -0.274049 0)
(0.0122396 -0.276604 0)
(0.0122788 -0.279104 0)
(0.0120397 -0.281381 0)
(0.0112522 -0.282909 0)
(0.00644424 -0.283862 0)
(-0.00943608 -0.285682 0)
(-0.0834093 -0.237902 0)
(-0.175978 -0.060128 0)
(-0.218376 0.0888833 0)
(-0.212434 0.171371 0)
(-0.197103 0.212097 0)
(-0.178815 0.227083 0)
(-0.160353 0.2273 0)
(-0.1432 0.220013 0)
(-0.12791 0.209628 0)
(-0.114502 0.19855 0)
(-0.102776 0.187931 0)
(-0.0924812 0.178212 0)
(-0.0833855 0.169475 0)
(-0.0752907 0.161651 0)
(-0.068037 0.15462 0)
(-0.0614981 0.148257 0)
(-0.0555743 0.142452 0)
(-0.050186 0.137107 0)
(-0.0452692 0.132138 0)
(-0.0407714 0.127469 0)
(-0.0366507 0.123023 0)
(-0.032878 0.118728 0)
(-0.0560553 -0.458666 0)
(-0.0145584 -0.258044 0)
(0.00440428 -0.29708 0)
(-0.00121359 -0.315147 0)
(-0.00983895 -0.316715 0)
(-0.0176255 -0.309817 0)
(-0.023877 -0.300146 0)
(-0.0288147 -0.290981 0)
(-0.032998 -0.283587 0)
(-0.0368873 -0.278251 0)
(-0.0407901 -0.274849 0)
(-0.0449112 -0.273084 0)
(-0.0494005 -0.272603 0)
(-0.0543881 -0.273067 0)
(-0.0600073 -0.274177 0)
(-0.0664114 -0.275673 0)
(-0.0737969 -0.277328 0)
(-0.0824689 -0.278949 0)
(-0.0928728 -0.28029 0)
(-0.106332 -0.280396 0)
(-0.125207 -0.274676 0)
(-0.153549 -0.252358 0)
(-0.19257 -0.196905 0)
(-0.244029 -0.116793 0)
(-0.283043 -0.0117012 0)
(-0.285958 0.0864221 0)
(-0.26571 0.150725 0)
(-0.238786 0.185761 0)
(-0.211508 0.200569 0)
(-0.18639 0.203002 0)
(-0.164293 0.198666 0)
(-0.145299 0.191196 0)
(-0.129084 0.182695 0)
(-0.115207 0.17424 0)
(-0.103243 0.166297 0)
(-0.092833 0.159013 0)
(-0.0836871 0.152383 0)
(-0.0755806 0.146345 0)
(-0.0683398 0.14082 0)
(-0.0618305 0.135731 0)
(-0.0559476 0.131006 0)
(-0.0506079 0.126582 0)
(-0.0457445 0.122395 0)
(-0.0413047 0.118383 0)
(-0.0372513 0.114482 0)
(-0.00744876 -0.370363 0)
(-0.010914 -0.331047 0)
(0.00288351 -0.311098 0)
(-0.00281557 -0.299561 0)
(-0.0127251 -0.290802 0)
(-0.0238281 -0.282597 0)
(-0.0344586 -0.274979 0)
(-0.0440604 -0.268502 0)
(-0.0527402 -0.263469 0)
(-0.0608235 -0.259906 0)
(-0.0686588 -0.257654 0)
(-0.0765589 -0.25646 0)
(-0.084803 -0.256043 0)
(-0.0936512 -0.256127 0)
(-0.103359 -0.256454 0)
(-0.1142 -0.256766 0)
(-0.126519 -0.256761 0)
(-0.14082 -0.255998 0)
(-0.157829 -0.253679 0)
(-0.178751 -0.248199 0)
(-0.205074 -0.235431 0)
(-0.237117 -0.207954 0)
(-0.272253 -0.159307 0)
(-0.304194 -0.0903117 0)
(-0.319556 -0.00823124 0)
(-0.311571 0.0663749 0)
(-0.28805 0.11946 0)
(-0.258838 0.151676 0)
(-0.229392 0.168102 0)
(-0.202215 0.173996 0)
(-0.178259 0.173576 0)
(-0.157621 0.169792 0)
(-0.139985 0.164475 0)
(-0.124899 0.158654 0)
(-0.111915 0.152852 0)
(-0.100645 0.147303 0)
(-0.0907743 0.142087 0)
(-0.0820542 0.137214 0)
(-0.074291 0.132661 0)
(-0.0673334 0.128394 0)
(-0.061063 0.124375 0)
(-0.0553856 0.120563 0)
(-0.0502253 0.116915 0)
(-0.0455227 0.113383 0)
(-0.0412354 0.109916 0)
(-0.00780488 -0.375116 0)
(-0.0115623 -0.340055 0)
(-0.0112007 -0.31095 0)
(-0.0162538 -0.291236 0)
(-0.0245519 -0.278355 0)
(-0.0346678 -0.269082 0)
(-0.0452964 -0.261886 0)
(-0.0557142 -0.256252 0)
(-0.0657383 -0.25198 0)
(-0.075468 -0.248891 0)
(-0.0851173 -0.246757 0)
(-0.0949388 -0.24532 0)
(-0.1052 -0.244314 0)
(-0.116174 -0.243479 0)
(-0.128135 -0.242547 0)
(-0.141373 -0.24121 0)
(-0.156237 -0.239053 0)
(-0.173174 -0.23545 0)
(-0.192721 -0.229325 0)
(-0.215424 -0.218869 0)
(-0.241546 -0.201087 0)
(-0.269737 -0.171949 0)
(-0.296204 -0.128494 0)
(-0.315264 -0.0726732 0)
(-0.32048 -0.0105563 0)
(-0.309925 0.0459672 0)
(-0.288283 0.0891928 0)
(-0.26167 0.118303 0)
(-0.234247 0.135668 0)
(-0.208349 0.144485 0)
(-0.185044 0.147667 0)
(-0.164601 0.147428 0)
(-0.146872 0.14527 0)
(-0.13153 0.142129 0)
(-0.118212 0.138546 0)
(-0.106582 0.134821 0)
(-0.0963539 0.131106 0)
(-0.0872949 0.127478 0)
(-0.0792176 0.123969 0)
(-0.0719727 0.120586 0)
(-0.0654408 0.117326 0)
(-0.059526 0.114173 0)
(-0.05415 0.111103 0)
(-0.0492509 0.108084 0)
(-0.0447842 0.105079 0)
(-0.00867571 -0.356053 0)
(-0.0177023 -0.334421 0)
(-0.022729 -0.306261 0)
(-0.02855 -0.284545 0)
(-0.0358998 -0.269491 0)
(-0.0446037 -0.258926 0)
(-0.0541091 -0.25124 0)
(-0.0639338 -0.245555 0)
(-0.0738698 -0.241348 0)
(-0.0838953 -0.238233 0)
(-0.0941022 -0.235871 0)
(-0.10465 -0.233951 0)
(-0.115741 -0.232192 0)
(-0.127592 -0.230319 0)
(-0.140428 -0.228047 0)
(-0.154482 -0.225028 0)
(-0.170008 -0.220802 0)
(-0.187262 -0.214696 0)
(-0.206462 -0.205695 0)
(-0.227598 -0.192317 0)
(-0.250128 -0.172595 0)
(-0.272389 -0.144481 0)
(-0.291182 -0.107236 0)
(-0.302624 -0.0627333 0)
(-0.3036 -0.0155249 0)
(-0.293682 0.0279383 0)
(-0.275697 0.0631668 0)
(-0.253422 0.0890026 0)
(-0.229872 0.106389 0)
(-0.207003 0.117115 0)
(-0.185862 0.123034 0)
(-0.166859 0.125704 0)
(-0.150024 0.12628 0)
(-0.135194 0.125552 0)
(-0.122133 0.124036 0)
(-0.110595 0.122055 0)
(-0.100359 0.119807 0)
(-0.0912305 0.117416 0)
(-0.0830498 0.114957 0)
(-0.0756837 0.112474 0)
(-0.0690228 0.109991 0)
(-0.0629774 0.107515 0)
(-0.0574728 0.105043 0)
(-0.0524491 0.102556 0)
(-0.0478628 0.100029 0)
(-0.00841072 -0.340662 0)
(-0.0197572 -0.323786 0)
(-0.0281125 -0.298067 0)
(-0.0353682 -0.276489 0)
(-0.0428104 -0.260454 0)
(-0.0509143 -0.248887 0)
(-0.0596295 -0.240515 0)
(-0.0687912 -0.234419 0)
(-0.0782884 -0.229924 0)
(-0.088088 -0.226499 0)
(-0.09823 -0.223712 0)
(-0.108812 -0.2212 0)
(-0.11997 -0.218651 0)
(-0.131853 -0.215776 0)
(-0.144609 -0.212279 0)
(-0.158377 -0.207815 0)
(-0.173288 -0.201945 0)
(-0.189415 -0.194073 0)
(-0.206706 -0.183401 0)
(-0.224847 -0.1689 0)
(-0.243054 -0.149443 0)
(-0.259832 -0.124119 0)
(-0.272948 -0.0929714 0)
(-0.280017 -0.0576068 0)
(-0.279427 -0.0210427 0)
(-0.271185 0.0130696 0)
(-0.256992 0.0420054 0)
(-0.239207 0.0647211 0)
(-0.219924 0.0814566 0)
(-0.200655 0.0931259 0)
(-0.182328 0.100841 0)
(-0.165411 0.105634 0)
(-0.150061 0.108347 0)
(-0.136255 0.109607 0)
(-0.123881 0.109865 0)
(-0.112791 0.109433 0)
(-0.102835 0.108527 0)
(-0.0938731 0.107295 0)
(-0.0857801 0.105839 0)
(-0.0784485 0.104227 0)
(-0.071786 0.102506 0)
(-0.0657149 0.100702 0)
(-0.0601687 0.0988247 0)
(-0.0550931 0.0968712 0)
(-0.0504482 0.0948273 0)
(-0.00790945 -0.324674 0)
(-0.0197431 -0.310721 0)
(-0.0295617 -0.287636 0)
(-0.0379154 -0.267075 0)
(-0.0458178 -0.250972 0)
(-0.0538592 -0.238916 0)
(-0.0622163 -0.230028 0)
(-0.0709298 -0.22348 0)
(-0.0799897 -0.218567 0)
(-0.0893984 -0.214703 0)
(-0.0991904 -0.211405 0)
(-0.109431 -0.208277 0)
(-0.120206 -0.204988 0)
(-0.131602 -0.201244 0)
(-0.143695 -0.196752 0)
(-0.156542 -0.191197 0)
(-0.170161 -0.184205 0)
(-0.184495 -0.175309 0)
(-0.19935 -0.163942 0)
(-0.2143 -0.14947 0)
(-0.228594 -0.131305 0)
(-0.241077 -0.109134 0)
(-0.250284 -0.0832685 0)
(-0.254797 -0.0549058 0)
(-0.253765 -0.0259707 0)
(-0.247293 0.00135764 0)
(-0.236397 0.0253832 0)
(-0.222557 0.0452698 0)
(-0.207183 0.0609459 0)
(-0.191392 0.072824 0)
(-0.175949 0.0815289 0)
(-0.16131 0.0877132 0)
(-0.1477 0.0919578 0)
(-0.135192 0.0947374 0)
(-0.12377 0.0964209 0)
(-0.113371 0.0972868 0)
(-0.103911 0.097543 0)
(-0.0953004 0.0973436 0)
(-0.0874533 0.0968022 0)
(-0.0802902 0.0960019 0)
(-0.0737398 0.0950016 0)
(-0.067739 0.0938402 0)
(-0.0622328 0.0925399 0)
(-0.0571744 0.0911076 0)
(-0.0525301 0.0895391 0)
(-0.00736365 -0.309375 0)
(-0.0189195 -0.297088 0)
(-0.0291933 -0.276187 0)
(-0.0381421 -0.256891 0)
(-0.0464415 -0.241213 0)
(-0.0545585 -0.229096 0)
(-0.0627548 -0.219945 0)
(-0.0711555 -0.213052 0)
(-0.0798186 -0.207747 0)
(-0.0887853 -0.203447 0)
(-0.0980984 -0.19966 0)
(-0.107806 -0.195979 0)
(-0.117957 -0.192068 0)
(-0.128592 -0.187638 0)
(-0.139726 -0.18242 0)
(-0.151355 -0.176141 0)
(-0.163428 -0.1685 0)
(-0.175812 -0.159163 0)
(-0.188262 -0.147757 0)
(-0.200363 -0.133923 0)
(-0.211494 -0.117395 0)
(-0.220825 -0.0981398 0)
(-0.227417 -0.0765205 0)
(-0.230433 -0.0533891 0)
(-0.229418 -0.0299833 0)
(-0.224474 -0.0076435 0)
(-0.216217 0.0125454 0)
(-0.205566 0.0299495 0)
(-0.193464 0.0443818 0)
(-0.180709 0.0559835 0)
(-0.167905 0.0650792 0)
(-0.155458 0.0720605 0)
(-0.143613 0.0773124 0)
(-0.132496 0.0811774 0)
(-0.122154 0.0839429 0)
(-0.112586 0.085842 0)
(-0.103761 0.0870604 0)
(-0.0956333 0.087744 0)
(-0.0881519 0.0880063 0)
(-0.0812643 0.0879346 0)
(-0.0749201 0.0875938 0)
(-0.0690723 0.0870302 0)
(-0.0636781 0.0862734 0)
(-0.0586996 0.0853377 0)
(-0.0541103 0.0842266 0)
(-0.00687447 -0.294759 0)
(-0.0179402 -0.283546 0)
(-0.0281607 -0.264323 0)
(-0.0373078 -0.246268 0)
(-0.0457893 -0.23121 0)
(-0.0539289 -0.219294 0)
(-0.0619858 -0.210089 0)
(-0.0701076 -0.202991 0)
(-0.0783895 -0.19739 0)
(-0.0868968 -0.192734 0)
(-0.095676 -0.188543 0)
(-0.104761 -0.18442 0)
(-0.114178 -0.180036 0)
(-0.123932 -0.175118 0)
(-0.134003 -0.169428 0)
(-0.144346 -0.162741 0)
(-0.154872 -0.154831 0)
(-0.165424 -0.145469 0)
(-0.175756 -0.134428 0)
(-0.185514 -0.121524 0)
(-0.194221 -0.106664 0)
(-0.201303 -0.0899331 0)
(-0.206158 -0.0716615 0)
(-0.208293 -0.0524533 0)
(-0.207455 -0.0331158 0)
(-0.203725 -0.0145018 0)
(-0.197485 0.00267555 0)
(-0.189301 0.0179475 0)
(-0.179804 0.0311038 0)
(-0.169558 0.0421493 0)
(-0.159025 0.051232 0)
(-0.148547 0.0585734 0)
(-0.138358 0.0644185 0)
(-0.128605 0.069005 0)
(-0.11937 0.0725477 0)
(-0.110692 0.0752324 0)
(-0.102578 0.0772157 0)
(-0.0950149 0.0786273 0)
(-0.0879812 0.0795723 0)
(-0.0814477 0.080135 0)
(-0.0753828 0.0803808 0)
(-0.0697547 0.0803585 0)
(-0.0645326 0.0801014 0)
(-0.0596881 0.0796285 0)
(-0.0552016 0.0789483 0)
(-0.00647926 -0.280813 0)
(-0.0170086 -0.270337 0)
(-0.0269395 -0.252422 0)
(-0.036031 -0.235471 0)
(-0.044479 -0.221091 0)
(-0.0525298 -0.209512 0)
(-0.0603927 -0.200394 0)
(-0.0682178 -0.193218 0)
(-0.0761138 -0.187436 0)
(-0.0841527 -0.182529 0)
(-0.0923776 -0.178045 0)
(-0.100812 -0.173602 0)
(-0.109463 -0.168895 0)
(-0.118318 -0.163674 0)
(-0.127336 -0.157733 0)
(-0.136452 -0.150895 0)
(-0.145565 -0.142993 0)
(-0.154518 -0.133879 0)
(-0.163092 -0.123425 0)
(-0.171002 -0.111549 0)
(-0.177896 -0.0982493 0)
(-0.183383 -0.0836473 0)
(-0.187077 -0.0680177 0)
(-0.188682 -0.051791 0)
(-0.188054 -0.0355071 0)
(-0.185251 -0.0197268 0)
(-0.180513 -0.0049337 0)
(-0.174199 0.00852791 0)
(-0.166725 0.0204639 0)
(-0.158493 0.0308175 0)
(-0.149849 0.0396377 0)
(-0.14107 0.0470397 0)
(-0.132366 0.0531725 0)
(-0.123882 0.0581953 0)
(-0.115717 0.0622629 0)
(-0.107929 0.0655178 0)
(-0.100551 0.0680865 0)
(-0.0935939 0.0700783 0)
(-0.0870569 0.0715858 0)
(-0.0809296 0.0726859 0)
(-0.0751961 0.0734402 0)
(-0.0698379 0.0738965 0)
(-0.0648355 0.0740889 0)
(-0.0601691 0.0740384 0)
(-0.0558256 0.0737568 0)
(-0.00617352 -0.267479 0)
(-0.0161681 -0.257555 0)
(-0.0257071 -0.240739 0)
(-0.0345691 -0.224738 0)
(-0.0428277 -0.211032 0)
(-0.0506747 -0.199848 0)
(-0.0582753 -0.190911 0)
(-0.0657722 -0.183763 0)
(-0.0732698 -0.177905 0)
(-0.080835 -0.172855 0)
(-0.0885031 -0.168188 0)
(-0.0962895 -0.163549 0)
(-0.104193 -0.158656 0)
(-0.112188 -0.153288 0)
(-0.120226 -0.147272 0)
(-0.128234 -0.140469 0)
(-0.136112 -0.132761 0)
(-0.14372 -0.124054 0)
(-0.150875 -0.114283 0)
(-0.157354 -0.103426 0)
(-0.162902 -0.0915228 0)
(-0.167253 -0.0786969 0)
(-0.170159 -0.0651684 0)
(-0.171435 -0.0512478 0)
(-0.171 -0.0373059 0)
(-0.168892 -0.0237239 0)
(-0.165268 -0.0108394 0)
(-0.16036 0.00109186 0)
(-0.154444 0.0119054 0)
(-0.147806 0.0215231 0)
(-0.140706 0.0299413 0)
(-0.133362 0.0372112 0)
(-0.125952 0.0434181 0)
(-0.118612 0.0486646 0)
(-0.11144 0.0530586 0)
(-0.104506 0.0567056 0)
(-0.0978552 0.0597042 0)
(-0.0915137 0.0621433 0)
(-0.0854952 0.0641011 0)
(-0.0798032 0.0656445 0)
(-0.0744344 0.0668294 0)
(-0.069381 0.0676997 0)
(-0.0646333 0.0682884 0)
(-0.060179 0.0686166 0)
(-0.0560107 0.0686974 0)
(-0.00590267 -0.25469 0)
(-0.0153915 -0.245272 0)
(-0.0244986 -0.229418 0)
(-0.0330144 -0.214264 0)
(-0.0409853 -0.201197 0)
(-0.0485412 -0.190432 0)
(-0.0558268 -0.181736 0)
(-0.0629675 -0.174696 0)
(-0.0700541 -0.16885 0)
(-0.0771428 -0.163748 0)
(-0.0842625 -0.158995 0)
(-0.0914228 -0.154265 0)
(-0.098617 -0.1493 0)
(-0.105817 -0.143908 0)
(-0.11297 -0.137944 0)
(-0.120007 -0.131301 0)
(-0.126834 -0.123898 0)
(-0.133332 -0.115677 0)
(-0.139354 -0.106612 0)
(-0.144729 -0.0967127 0)
(-0.149275 -0.0860339 0)
(-0.152809 -0.0746889 0)
(-0.155166 -0.0628511 0)
(-0.156233 -0.050748 0)
(-0.155959 -0.0386412 0)
(-0.154374 -0.0267985 0)
(-0.151579 -0.0154618 0)
(-0.14773 -0.00482407 0)
(-0.143016 0.00498024 0)
(-0.137637 0.0138717 0)
(-0.131787 0.0218217 0)
(-0.12564 0.028844 0)
(-0.119341 0.0349826 0)
(-0.11301 0.0403004 0)
(-0.10674 0.0448701 0)
(-0.100601 0.0487674 0)
(-0.0946441 0.0520668 0)
(-0.088905 0.0548383 0)
(-0.083406 0.0571459 0)
(-0.0781602 0.0590462 0)
(-0.0731734 0.0605873 0)
(-0.068446 0.0618087 0)
(-0.0639765 0.0627402 0)
(-0.0597588 0.063402 0)
(-0.0557901 0.0638072 0)
(-0.00561889 -0.242389 0)
(-0.0146316 -0.23351 0)
(-0.0232852 -0.218515 0)
(-0.0314029 -0.204148 0)
(-0.0390233 -0.191689 0)
(-0.0462368 -0.181356 0)
(-0.0531725 -0.172942 0)
(-0.0599348 -0.166066 0)
(-0.066599 -0.160294 0)
(-0.0732127 -0.155209 0)
(-0.0797998 -0.150447 0)
(-0.0863662 -0.145708 0)
(-0.0929024 -0.140761 0)
(-0.0993804 -0.135438 0)
(-0.105751 -0.129617 0)
(-0.111948 -0.123216 0)
(-0.117891 -0.11618 0)
(-0.123481 -0.108476 0)
(-0.1286 -0.1001 0)
(-0.133122 -0.0910757 0)
(-0.136913 -0.0814625 0)
(-0.139847 -0.0713581 0)
(-0.141815 -0.060899 0)
(-0.142743 -0.050255 0)
(-0.142601 -0.039616 0)
(-0.141411 -0.0291753 0)
(-0.139241 -0.0191105 0)
(-0.136198 -0.00956905 0)
(-0.132415 -0.000660372 0)
(-0.128032 0.00754381 0)
(-0.123196 0.0150054 0)
(-0.118041 0.0217172 0)
(-0.112686 0.0276971 0)
(-0.107234 0.032981 0)
(-0.101768 0.0376155 0)
(-0.0963554 0.0416534 0)
(-0.0910474 0.0451494 0)
(-0.0858829 0.0481573 0)
(-0.0808897 0.0507279 0)
(-0.0760868 0.0529077 0)
(-0.0714862 0.0547373 0)
(-0.0670947 0.0562504 0)
(-0.0629166 0.0574735 0)
(-0.0589513 0.0584245 0)
(-0.0551996 0.0591158 0)
(-0.00532183 -0.230583 0)
(-0.0138612 -0.222235 0)
(-0.0220488 -0.208038 0)
(-0.0297554 -0.194411 0)
(-0.0369891 -0.182541 0)
(-0.0438339 -0.17265 0)
(-0.050396 -0.164546 0)
(-0.0567625 -0.15787 0)
(-0.0629977 -0.15222 0)
(-0.0691438 -0.147208 0)
(-0.0752215 -0.142499 0)
(-0.0812334 -0.137819 0)
(-0.0871684 -0.132961 0)
(-0.0929999 -0.127776 0)
(-0.0986838 -0.122162 0)
(-0.104161 -0.116054 0)
(-0.109363 -0.109415 0)
(-0.114207 -0.102229 0)
(-0.118604 -0.0945037 0)
(-0.122458 -0.0862689 0)
(-0.125672 -0.0775812 0)
(-0.128158 -0.0685237 0)
(-0.129842 -0.0592046 0)
(-0.130676 -0.0497528 0)
(-0.130641 -0.0403097 0)
(-0.129753 -0.0310183 0)
(-0.128061 -0.0220116 0)
(-0.12564 -0.0134038 0)
(-0.122583 -0.00528373 0)
(-0.118994 0.00228605 0)
(-0.11498 0.00926621 0)
(-0.110647 0.0156391 0)
(-0.106092 0.0214067 0)
(-0.101399 0.0265863 0)
(-0.0966435 0.0312063 0)
(-0.0918846 0.0353021 0)
(-0.0871724 0.0389127 0)
(-0.0825457 0.0420785 0)
(-0.0780345 0.0448391 0)
(-0.0736609 0.0472316 0)
(-0.0694411 0.0492893 0)
(-0.0653859 0.0510403 0)
(-0.0615046 0.052507 0)
(-0.0578 0.0537049 0)
(-0.054276 0.0546449 0)
(-0.00503552 -0.219314 0)
(-0.013094 -0.211444 0)
(-0.0208155 -0.198011 0)
(-0.0280977 -0.185084 0)
(-0.0349274 -0.173793 0)
(-0.0413856 -0.164346 0)
(-0.0475577 -0.156564 0)
(-0.0535185 -0.150113 0)
(-0.0593261 -0.14462 0)
(-0.065019 -0.139726 0)
(-0.0706148 -0.13512 0)
(-0.0761139 -0.130553 0)
(-0.081504 -0.125836 0)
(-0.0867597 -0.120837 0)
(-0.0918424 -0.11547 0)
(-0.0967015 -0.109682 0)
(-0.101278 -0.103447 0)
(-0.105509 -0.0967619 0)
(-0.109322 -0.0896388 0)
(-0.112646 -0.0821106 0)
(-0.115412 -0.0742286 0)
(-0.117556 -0.0660624 0)
(-0.119028 -0.0576984 0)
(-0.119795 -0.0492363 0)
(-0.119846 -0.0407833 0)
(-0.119194 -0.0324476 0)
(-0.117872 -0.0243307 0)
(-0.115935 -0.0165219 0)
(-0.113451 -0.00909401 0)
(-0.110498 -0.00210117 0)
(-0.107154 0.00441985 0)
(-0.103504 0.0104472 0)
(-0.0996239 0.0159733 0)
(-0.0955859 0.0210038 0)
(-0.0914522 0.0255542 0)
(-0.087277 0.029647 0)
(-0.0831055 0.0333093 0)
(-0.0789752 0.0365707 0)
(-0.0749159 0.0394613 0)
(-0.0709514 0.0420099 0)
(-0.0670997 0.0442433 0)
(-0.0633746 0.0461842 0)
(-0.0597884 0.0478511 0)
(-0.0563468 0.0492566 0)
(-0.0530556 0.05041 0)
(-0.0047648 -0.208588 0)
(-0.01235 -0.201186 0)
(-0.0196089 -0.188495 0)
(-0.0264501 -0.17624 0)
(-0.0328676 -0.165505 0)
(-0.0389252 -0.156489 0)
(-0.0446983 -0.149027 0)
(-0.0502538 -0.142814 0)
(-0.0556441 -0.137501 0)
(-0.0609034 -0.132757 0)
(-0.0660469 -0.12829 0)
(-0.0710733 -0.123871 0)
(-0.0759698 -0.119329 0)
(-0.0807125 -0.114546 0)
(-0.0852678 -0.109445 0)
(-0.0895935 -0.103984 0)
(-0.0936417 -0.0981478 0)
(-0.0973609 -0.0919358 0)
(-0.100697 -0.0853657 0)
(-0.103597 -0.0784689 0)
(-0.106008 -0.0712909 0)
(-0.107885 -0.0638898 0)
(-0.109194 -0.0563352 0)
(-0.109912 -0.0487051 0)
(-0.110032 -0.0410826 0)
(-0.109563 -0.0335508 0)
(-0.108532 -0.0261891 0)
(-0.106977 -0.0190682 0)
(-0.10495 -0.0122479 0)
(-0.102509 -0.0057752 0)
(-0.0997155 0.000316288 0)
(-0.096633 0.00600426 0)
(-0.0933244 0.0112766 0)
(-0.0898484 0.0161314 0)
(-0.0862579 0.0205752 0)
(-0.0825999 0.0246216 0)
(-0.0789152 0.0282885 0)
(-0.0752382 0.0315969 0)
(-0.0715978 0.034569 0)
(-0.0680176 0.0372269 0)
(-0.0645167 0.0395914 0)
(-0.0611103 0.0416805 0)
(-0.0578128 0.0435088 0)
(-0.0546316 0.0450863 0)
(-0.0515737 0.0464204 0)
(-0.0044905 -0.198378 0)
(-0.0116183 -0.19149 0)
(-0.0184158 -0.179519 0)
(-0.0248132 -0.167909 0)
(-0.0308135 -0.1577 0)
(-0.0364663 -0.149093 0)
(-0.041843 -0.141945 0)
(-0.0470036 -0.135974 0)
(-0.0519938 -0.130857 0)
(-0.056843 -0.126282 0)
(-0.0615641 -0.121978 0)
(-0.0661555 -0.117732 0)
(-0.0706044 -0.113385 0)
(-0.0748888 -0.108831 0)
(-0.0789802 -0.104004 0)
(-0.0828439 -0.0988693 0)
(-0.0864415 -0.0934149 0)
(-0.0897323 -0.0876458 0)
(-0.0926745 -0.0815801 0)
(-0.0952273 -0.0752471 0)
(-0.0973526 -0.0686863 0)
(-0.0990174 -0.0619462 0)
(-0.100197 -0.0550834 0)
(-0.100875 -0.0481599 0)
(-0.101048 -0.0412413 0)
(-0.100724 -0.0343929 0)
(-0.0999223 -0.0276776 0)
(-0.0986723 -0.0211525 0)
(-0.097013 -0.0148671 0)
(-0.094989 -0.00886176 0)
(-0.0926488 -0.00316709 0)
(-0.0900415 0.00219567 0)
(-0.0872167 0.00721284 0)
(-0.0842232 0.0118781 0)
(-0.0811054 0.0161924 0)
(-0.0779038 0.0201624 0)
(-0.0746543 0.0237994 0)
(-0.0713882 0.0271176 0)
(-0.0681326 0.030133 0)
(-0.06491 0.032862 0)
(-0.0617396 0.0353204 0)
(-0.058637 0.0375219 0)
(-0.0556179 0.0394778 0)
(-0.0526908 0.0411956 0)
(-0.0498631 0.0426809 0)
(-0.00420074 -0.188697 0)
(-0.0108712 -0.18234 0)
(-0.0172115 -0.171057 0)
(-0.0231777 -0.16006 0)
(-0.0287647 -0.150347 0)
(-0.0340224 -0.142135 0)
(-0.0390159 -0.135299 0)
(-0.0437983 -0.129577 0)
(-0.0484088 -0.124667 0)
(-0.0528724 -0.120276 0)
(-0.0572003 -0.116151 0)
(-0.0613912 -0.112091 0)
(-0.0654329 -0.107952 0)
(-0.0693066 -0.103634 0)
(-0.072988 -0.0990802 0)
(-0.0764494 -0.0942612 0)
(-0.0796598 -0.089169 0)
(-0.0825871 -0.0838101 0)
(-0.0851988 -0.0782021 0)
(-0.0874637 -0.0723717 0)
(-0.0893535 -0.066353 0)
(-0.0908438 -0.0601869 0)
(-0.0919167 -0.0539197 0)
(-0.0925613 -0.0476018 0)
(-0.0927754 -0.0412855 0)
(-0.0925655 -0.0350235 0)
(-0.0919467 -0.0288662 0)
(-0.0909422 -0.0228605 0)
(-0.0895817 -0.0170474 0)
(-0.0878999 -0.0114618 0)
(-0.0859347 -0.0061308 0)
(-0.0837256 -0.00107454 0)
(-0.0813115 0.00369341 0)
(-0.0787321 0.00816465 0)
(-0.0760252 0.0123362 0)
(-0.0732251 0.0162102 0)
(-0.0703632 0.0197927 0)
(-0.0674677 0.023093 0)
(-0.064563 0.026122 0)
(-0.0616705 0.0288915 0)
(-0.0588087 0.0314131 0)
(-0.055993 0.033697 0)
(-0.0532397 0.0357514 0)
(-0.0505577 0.0375818 0)
(-0.0479542 0.0391919 0)
(-0.00390458 -0.179589 0)
(-0.0101045 -0.17372 0)
(-0.0159996 -0.163084 0)
(-0.0215503 -0.152658 0)
(-0.0267393 -0.143423 0)
(-0.0316197 -0.135599 0)
(-0.0362473 -0.129077 0)
(-0.0406687 -0.12361 0)
(-0.0449185 -0.118915 0)
(-0.0490189 -0.114717 0)
(-0.05298 -0.110779 0)
(-0.0568007 -0.106914 0)
(-0.0604707 -0.102985 0)
(-0.063974 -0.0989024 0)
(-0.0672909 -0.094615 0)
(-0.0703988 -0.0900976 0)
(-0.0732728 -0.0853441 0)
(-0.0758874 -0.0803618 0)
(-0.0782175 -0.0751675 0)
(-0.080239 -0.0697848 0)
(-0.0819305 -0.0642436 0)
(-0.0832741 -0.0585785 0)
(-0.0842567 -0.052828 0)
(-0.0848708 -0.0470334 0)
(-0.0851153 -0.0412374 0)
(-0.0849957 -0.0354829 0)
(-0.0845242 -0.0298111 0)
(-0.0837188 -0.0242606 0)
(-0.0826028 -0.018866 0)
(-0.0812033 -0.0136568 0)
(-0.0795504 -0.00865739 0)
(-0.0776756 -0.00388632 0)
(-0.0756107 0.000643146 0)
(-0.0733872 0.00492197 0)
(-0.071037 0.00894493 0)
(-0.0685896 0.0127109 0)
(-0.0660721 0.0162223 0)
(-0.0635093 0.0194844 0)
(-0.0609233 0.0225044 0)
(-0.0583338 0.0252903 0)
(-0.0557582 0.0278503 0)
(-0.0532114 0.0301916 0)
(-0.0507096 0.0323199 0)
(-0.0482616 0.0342389 0)
(-0.0458745 0.0359508 0)
(-0.00361473 -0.17108 0)
(-0.00934289 -0.165631 0)
(-0.014811 -0.155591 0)
(-0.0199588 -0.145706 0)
(-0.02477 -0.136933 0)
(-0.0292894 -0.129491 0)
(-0.0335647 -0.123279 0)
(-0.0376388 -0.118067 0)
(-0.0415438 -0.113588 0)
(-0.0453003 -0.109586 0)
(-0.0489174 -0.105837 0)
(-0.0523944 -0.102164 0)
(-0.0557231 -0.0984431 0)
(-0.0588907 -0.0945899 0)
(-0.0618809 -0.0905575 0)
(-0.0646751 -0.0863239 0)
(-0.0672534 -0.0818844 0)
(-0.0695957 -0.0772463 0)
(-0.071682 -0.0724251 0)
(-0.0734941 -0.0674422 0)
(-0.0750156 -0.0623234 0)
(-0.0762331 -0.0570982 0)
(-0.077137 -0.0517991 0)
(-0.0777221 -0.0464602 0)
(-0.077988 -0.0411171 0)
(-0.0779396 -0.0358049 0)
(-0.0775866 -0.0305578 0)
(-0.0769434 -0.025408 0)
(-0.0760284 -0.0203845 0)
(-0.0748629 -0.0155128 0)
(-0.073471 -0.0108144 0)
(-0.071878 -0.00630648 0)
(-0.07011 -0.00200183 0)
(-0.068193 0.0020904 0)
(-0.0661528 0.00596394 0)
(-0.064015 0.00961555 0)
(-0.0618028 0.013045 0)
(-0.0595381 0.0162547 0)
(-0.0572405 0.0192488 0)
(-0.0549279 0.0220325 0)
(-0.0526164 0.0246112 0)
(-0.0503199 0.0269896 0)
(-0.0480544 0.0291714 0)
(-0.0458285 0.0311588 0)
(-0.0436485 0.0329522 0)
(-0.00333808 -0.163151 0)
(-0.00862102 -0.158067 0)
(-0.0136798 -0.148581 0)
(-0.0184375 -0.139213 0)
(-0.0228851 -0.130887 0)
(-0.027052 -0.123813 0)
(-0.0309834 -0.117901 0)
(-0.0347208 -0.112935 0)
(-0.0382947 -0.108668 0)
(-0.0417241 -0.104856 0)
(-0.0450174 -0.101291 0)
(-0.0481743 -0.0978081 0)
(-0.0511888 -0.0942882 0)
(-0.0540504 -0.0906547 0)
(-0.0567456 -0.0868638 0)
(-0.059259 -0.0828955 0)
(-0.0615747 -0.0787458 0)
(-0.0636766 -0.0744219 0)
(-0.0655493 -0.0699379 0)
(-0.0671784 -0.0653127 0)
(-0.0685512 -0.0605689 0)
(-0.0696578 -0.0557319 0)
(-0.070491 -0.0508291 0)
(-0.0710472 -0.0458894 0)
(-0.0713267 -0.0409424 0)
(-0.0713335 -0.0360174 0)
(-0.0710757 -0.0311431 0)
(-0.0705647 -0.0263466 0)
(-0.0698151 -0.0216526 0)
(-0.0688441 -0.0170832 0)
(-0.067671 -0.0126573 0)
(-0.0663164 -0.00839074 0)
(-0.0648018 -0.0042958 0)
(-0.0631488 -0.00038167 0)
(-0.0613785 0.00334515 0)
(-0.0595124 0.00688022 0)
(-0.0575709 0.0102215 0)
(-0.0555727 0.0133693 0)
(-0.0535354 0.0163255 0)
(-0.051475 0.019093 0)
(-0.0494061 0.0216749 0)
(-0.0473418 0.0240743 0)
(-0.0452972 0.0262928 0)
(-0.0432804 0.0283314 0)
(-0.0412975 0.0301894 0)
(-0.00308404 -0.155752 0)
(-0.00796746 -0.151013 0)
(-0.0126293 -0.142051 0)
(-0.0170086 -0.133182 0)
(-0.021096 -0.125281 0)
(-0.0249135 -0.118556 0)
(-0.0285074 -0.112926 0)
(-0.0319181 -0.108195 0)
(-0.0351742 -0.10413 0)
(-0.0382926 -0.100503 0)
(-0.0412809 -0.0971164 0)
(-0.0441395 -0.0938159 0)
(-0.0468637 -0.0904896 0)
(-0.0494447 -0.0870654 0)
(-0.0518713 -0.0835018 0)
(-0.0541311 -0.0797803 0)
(-0.056211 -0.0758976 0)
(-0.0580983 -0.07186 0)
(-0.0597807 -0.0676803 0)
(-0.0612469 -0.0633753 0)
(-0.0624871 -0.0589649 0)
(-0.0634938 -0.0544709 0)
(-0.0642615 -0.049917 0)
(-0.064788 -0.0453276 0)
(-0.0650738 -0.0407279 0)
(-0.0651223 -0.0361427 0)
(-0.0649402 -0.0315963 0)
(-0.0645367 -0.0271118 0)
(-0.0639236 -0.0227104 0)
(-0.0631148 -0.0184115 0)
(-0.0621259 -0.0142318 0)
(-0.0609737 -0.0101859 0)
(-0.0596759 -0.00628521 0)
(-0.0582506 -0.00253896 0)
(-0.0567156 0.00104627 0)
(-0.0550883 0.00446568 0)
(-0.0533865 0.00771607 0)
(-0.0516265 0.0107962 0)
(-0.0498237 0.0137062 0)
(-0.0479923 0.0164473 0)
(-0.0461458 0.019021 0)
(-0.0442959 0.0214284 0)
(-0.0424568 0.0236701 0)
(-0.0406363 0.025746 0)
(-0.0388402 0.0276541 0)
(-0.00286489 -0.148822 0)
(-0.00739157 -0.144451 0)
(-0.0116653 -0.136003 0)
(-0.0156732 -0.127611 0)
(-0.0193984 -0.120108 0)
(-0.0228704 -0.113707 0)
(-0.0261356 -0.108342 0)
(-0.0292314 -0.103833 0)
(-0.0321833 -0.0999601 0)
(-0.0350064 -0.0965099 0)
(-0.0377074 -0.0932958 0)
(-0.0402872 -0.0901707 0)
(-0.0427417 -0.0870291 0)
(-0.0450635 -0.0838021 0)
(-0.0472435 -0.0804506 0)
(-0.0492715 -0.0769572 0)
(-0.0511371 -0.0733186 0)
(-0.0528299 -0.0695404 0)
(-0.05434 -0.0656342 0)
(-0.0556586 -0.0616149 0)
(-0.056778 -0.0575 0)
(-0.0576925 -0.0533089 0)
(-0.0583981 -0.0490618 0)
(-0.0588933 -0.0447801 0)
(-0.0591787 -0.0404852 0)
(-0.0592575 -0.0361986 0)
(-0.059135 -0.0319409 0)
(-0.0588188 -0.0277322 0)
(-0.0583185 -0.023591 0)
(-0.0576452 -0.0195341 0)
(-0.0568119 -0.0155766 0)
(-0.0558321 -0.0117317 0)
(-0.0547207 -0.00801007 0)
(-0.0534924 -0.00442064 0)
(-0.0521624 -0.000970043 0)
(-0.0507452 0.00233686 0)
(-0.0492558 0.0054963 0)
(-0.0477084 0.00850592 0)
(-0.0461166 0.0113647 0)
(-0.0444931 0.0140725 0)
(-0.0428497 0.0166293 0)
(-0.0411974 0.0190352 0)
(-0.0395491 0.0212895 0)
(-0.0379122 0.0233912 0)
(-0.0362923 0.0253376 0)
(-0.00267972 -0.14231 0)
(-0.00687305 -0.138372 0)
(-0.0107696 -0.130445 0)
(-0.0144105 -0.122501 0)
(-0.0177784 -0.115366 0)
(-0.0209155 -0.109264 0)
(-0.023865 -0.104146 0)
(-0.0266597 -0.0998447 0)
(-0.0293218 -0.0961548 0)
(-0.0318646 -0.0928731 0)
(-0.0342943 -0.0898227 0)
(-0.0366117 -0.0868636 0)
(-0.0388136 -0.0838949 0)
(-0.0408937 -0.0808511 0)
(-0.0428448 -0.0776949 0)
(-0.0446587 -0.0744095 0)
(-0.0463267 -0.0709916 0)
(-0.0478405 -0.0674464 0)
(-0.0491922 -0.0637841 0)
(-0.0503746 -0.0600183 0)
(-0.0513821 -0.0561646 0)
(-0.05221 -0.0522402 0)
(-0.0528556 -0.0482629 0)
(-0.0533177 -0.0442514 0)
(-0.0535972 -0.0402243 0)
(-0.0536966 -0.0362003 0)
(-0.0536204 -0.0321972 0)
(-0.0533749 -0.0282326 0)
(-0.0529678 -0.0243226 0)
(-0.0524082 -0.0204822 0)
(-0.0517066 -0.0167249 0)
(-0.0508743 -0.0130624 0)
(-0.0499232 -0.00950499 0)
(-0.0488658 -0.00606088 0)
(-0.0477148 -0.0027367 0)
(-0.0464825 0.000462562 0)
(-0.0451814 0.00353306 0)
(-0.0438239 0.00647176 0)
(-0.0424218 0.00927674 0)
(-0.0409865 0.0119468 0)
(-0.0395287 0.014481 0)
(-0.0380581 0.0168784 0)
(-0.0365864 0.0191371 0)
(-0.0351209 0.0212556 0)
(-0.0336669 0.0232304 0)
(-0.00250601 -0.136189 0)
(-0.00636888 -0.132764 0)
(-0.00990514 -0.125367 0)
(-0.0131903 -0.117845 0)
(-0.0162194 -0.11105 0)
(-0.0190402 -0.105225 0)
(-0.0216907 -0.100336 0)
(-0.0241994 -0.0962299 0)
(-0.0265857 -0.0927112 0)
(-0.0288619 -0.0895874 0)
(-0.0310338 -0.0866898 0)
(-0.0331026 -0.0838843 0)
(-0.0350656 -0.0810745 0)
(-0.0369183 -0.0781977 0)
(-0.0386547 -0.0752183 0)
(-0.0402684 -0.0721202 0)
(-0.0417521 -0.0688998 0)
(-0.0430992 -0.0655618 0)
(-0.0443032 -0.0621157 0)
(-0.0453587 -0.0585738 0)
(-0.046261 -0.0549502 0)
(-0.0470067 -0.0512604 0)
(-0.0475937 -0.0475202 0)
(-0.0480212 -0.0437461 0)
(-0.0482899 -0.0399544 0)
(-0.048402 -0.0361614 0)
(-0.0483613 -0.0323829 0)
(-0.0481727 -0.0286342 0)
(-0.0478426 -0.0249297 0)
(-0.0473785 -0.0212825 0)
(-0.0467888 -0.0177049 0)
(-0.0460827 -0.0142075 0)
(-0.0452701 -0.0107997 0)
(-0.0443614 -0.0074892 0)
(-0.0433669 -0.00428254 0)
(-0.0422974 -0.00118474 0)
(-0.0411634 0.00180037 0)
(-0.0399753 0.00466949 0)
(-0.0387439 0.00742009 0)
(-0.037479 0.0100503 0)
(-0.0361903 0.0125583 0)
(-0.0348867 0.0149422 0)
(-0.0335786 0.0171995 0)
(-0.0322729 0.0193281 0)
(-0.0309749 0.0213236 0)
(-0.00231555 -0.130472 0)
(-0.00584155 -0.127609 0)
(-0.00903948 -0.120738 0)
(-0.0119921 -0.113617 0)
(-0.0147105 -0.107142 0)
(-0.0172377 -0.101577 0)
(-0.019607 -0.0969035 0)
(-0.0218442 -0.0929787 0)
(-0.0239675 -0.0896192 0)
(-0.0259887 -0.0866413 0)
(-0.027914 -0.0838837 0)
(-0.029745 -0.081218 0)
(-0.0314806 -0.0785518 0)
(-0.0331174 -0.0758252 0)
(-0.0346509 -0.0730039 0)
(-0.0360756 -0.0700724 0)
(-0.0373859 -0.0670272 0)
(-0.0385762 -0.0638725 0)
(-0.0396414 -0.0606171 0)
(-0.0405773 -0.0572723 0)
(-0.0413801 -0.0538512 0)
(-0.0420472 -0.0503674 0)
(-0.0425767 -0.0468353 0)
(-0.0429681 -0.0432695 0)
(-0.043222 -0.0396844 0)
(-0.0433402 -0.0360945 0)
(-0.0433257 -0.0325137 0)
(-0.0431827 -0.0289557 0)
(-0.0429162 -0.025433 0)
(-0.0425322 -0.0219578 0)
(-0.0420377 -0.0185407 0)
(-0.0414401 -0.0151917 0)
(-0.0407474 -0.0119192 0)
(-0.0399682 -0.00873077 0)
(-0.0391111 -0.00563242 0)
(-0.0381853 -0.00262914 0)
(-0.0371996 0.000275146 0)
(-0.036163 0.00307731 0)
(-0.0350849 0.00577448 0)
(-0.0339742 0.00836426 0)
(-0.0328397 0.0108443 0)
(-0.0316894 0.013212 0)
(-0.0305326 0.0154642 0)
(-0.0293759 0.0175978 0)
(-0.0282246 0.0196084 0)
(-0.00209791 -0.1252 0)
(-0.00528514 -0.122888 0)
(-0.00816709 -0.116519 0)
(-0.0108169 -0.109784 0)
(-0.0132523 -0.103615 0)
(-0.0155062 -0.0982983 0)
(-0.0176096 -0.0938281 0)
(-0.0195875 -0.0900741 0)
(-0.021458 -0.0868628 0)
(-0.0232334 -0.0840193 0)
(-0.0249208 -0.0813891 0)
(-0.0265231 -0.0788495 0)
(-0.0280404 -0.076312 0)
(-0.0294708 -0.073719 0)
(-0.0308108 -0.0710378 0)
(-0.0320559 -0.0682534 0)
(-0.0332017 -0.0653624 0)
(-0.0342436 -0.0623688 0)
(-0.0351776 -0.0592808 0)
(-0.036 -0.056109 0)
(-0.036708 -0.0528651 0)
(-0.0372991 -0.0495616 0)
(-0.0377719 -0.0462114 0)
(-0.0381259 -0.0428275 0)
(-0.0383614 -0.039423 0)
(-0.0384801 -0.0360108 0)
(-0.0384842 -0.0326032 0)
(-0.0383772 -0.0292125 0)
(-0.0381629 -0.0258501 0)
(-0.0378464 -0.0225267 0)
(-0.0374331 -0.0192522 0)
(-0.036929 -0.0160356 0)
(-0.0363406 -0.0128849 0)
(-0.0356748 -0.00980696 0)
(-0.0349388 -0.00680769 0)
(-0.0341402 -0.00389182 0)
(-0.0332864 -0.00106312 0)
(-0.0323853 0.00167548 0)
(-0.0314449 0.00432121 0)
(-0.0304736 0.00687148 0)
(-0.0294793 0.00932351 0)
(-0.0284697 0.011674 0)
(-0.0274532 0.013919 0)
(-0.0264356 0.0160548 0)
(-0.0254223 0.0180766 0)
(-0.00186522 -0.120412 0)
(-0.00472234 -0.118589 0)
(-0.00730839 -0.112685 0)
(-0.00968229 -0.10632 0)
(-0.0118541 -0.100446 0)
(-0.0138494 -0.0953684 0)
(-0.0156978 -0.0910935 0)
(-0.0174246 -0.087502 0)
(-0.019049 -0.08443 0)
(-0.0205846 -0.0817106 0)
(-0.0220402 -0.0791963 0)
(-0.0234204 -0.0767698 0)
(-0.0247267 -0.0743463 0)
(-0.0259581 -0.0718708 0)
(-0.0271122 -0.0693121 0)
(-0.0281854 -0.066656 0)
(-0.0291742 -0.0638993 0)
(-0.0300748 -0.061046 0)
(-0.0308837 -0.0581036 0)
(-0.0315978 -0.0550819 0)
(-0.0322146 -0.0519917 0)
(-0.0327319 -0.0488445 0)
(-0.0331484 -0.0456519 0)
(-0.0334636 -0.0424257 0)
(-0.0336778 -0.0391777 0)
(-0.0337922 -0.0359195 0)
(-0.0338085 -0.0326625 0)
(-0.0337294 -0.0294174 0)
(-0.0335581 -0.0261948 0)
(-0.0332985 -0.0230044 0)
(-0.0329548 -0.0198554 0)
(-0.0325319 -0.0167561 0)
(-0.0320349 -0.013714 0)
(-0.0314693 -0.0107356 0)
(-0.0308408 -0.00782653 0)
(-0.0301554 -0.00499111 0)
(-0.0294194 -0.0022328 0)
(-0.0286394 0.000445855 0)
(-0.0278225 0.00304282 0)
(-0.0269767 0.00555557 0)
(-0.0261099 0.00798104 0)
(-0.0252294 0.0103152 0)
(-0.0243429 0.0125531 0)
(-0.0234557 0.0146902 0)
(-0.0225725 0.016721 0)
(-0.00163551 -0.116126 0)
(-0.00417695 -0.11471 0)
(-0.00648774 -0.109226 0)
(-0.00860677 -0.10321 0)
(-0.0105284 -0.0976211 0)
(-0.0122742 -0.0927765 0)
(-0.0138731 -0.0886927 0)
(-0.0153519 -0.0852587 0)
(-0.0167322 -0.082319 0)
(-0.0180302 -0.0797145 0)
(-0.019257 -0.0773047 0)
(-0.020419 -0.0749778 0)
(-0.021519 -0.072653 0)
(-0.022557 -0.0702782 0)
(-0.0235313 -0.0678241 0)
(-0.0244392 -0.0652772 0)
(-0.0252773 -0.0626351 0)
(-0.0260424 -0.0599014 0)
(-0.0267314 -0.0570833 0)
(-0.0273413 -0.0541899 0)
(-0.0278697 -0.051231 0)
(-0.0283148 -0.0482172 0)
(-0.0286754 -0.0451592 0)
(-0.0289507 -0.0420678 0)
(-0.0291411 -0.0389537 0)
(-0.0292472 -0.0358275 0)
(-0.0292704 -0.0326996 0)
(-0.0292128 -0.0295798 0)
(-0.0290768 -0.0264778 0)
(-0.0288656 -0.0234027 0)
(-0.0285823 -0.020363 0)
(-0.0282309 -0.0173666 0)
(-0.0278151 -0.0144206 0)
(-0.0273391 -0.0115313 0)
(-0.0268072 -0.00870397 0)
(-0.0262238 -0.00594262 0)
(-0.0255936 -0.00325009 0)
(-0.024922 -0.000628028 0)
(-0.0242155 0.00192281 0)
(-0.0234821 0.00440086 0)
(-0.0227305 0.0068029 0)
(-0.0219684 0.00912369 0)
(-0.0212031 0.0113568 0)
(-0.0204388 0.0134963 0)
(-0.0196794 0.0155359 0)
(-0.00140986 -0.112378 0)
(-0.00364964 -0.111259 0)
(-0.0057163 -0.106134 0)
(-0.00760235 -0.100441 0)
(-0.00928532 -0.095132 0)
(-0.0107853 -0.0905227 0)
(-0.0121334 -0.0866314 0)
(-0.0133606 -0.0833529 0)
(-0.0144933 -0.0805393 0)
(-0.0155516 -0.0780398 0)
(-0.0165493 -0.0757213 0)
(-0.0174947 -0.0734782 0)
(-0.0183915 -0.0712347 0)
(-0.0192406 -0.068942 0)
(-0.0200404 -0.0665729 0)
(-0.0207884 -0.0641156 0)
(-0.0214814 -0.0615677 0)
(-0.0221163 -0.0589328 0)
(-0.0226897 -0.0562178 0)
(-0.0231988 -0.053431 0)
(-0.0236415 -0.0505816 0)
(-0.0240159 -0.0476794 0)
(-0.0243207 -0.0447343 0)
(-0.0245554 -0.0417561 0)
(-0.0247199 -0.0387546 0)
(-0.0248146 -0.0357397 0)
(-0.0248405 -0.0327208 0)
(-0.0247992 -0.029707 0)
(-0.0246927 -0.0267075 0)
(-0.0245232 -0.0237307 0)
(-0.0242933 -0.0207848 0)
(-0.0240059 -0.0178773 0)
(-0.0236639 -0.0150153 0)
(-0.0232699 -0.0122051 0)
(-0.0228269 -0.00945162 0)
(-0.0223373 -0.00675881 0)
(-0.021804 -0.00412868 0)
(-0.0212305 -0.00156122 0)
(-0.0206224 0.000945296 0)
(-0.0199887 0.00339209 0)
(-0.0193407 0.00577598 0)
(-0.0186876 0.00808916 0)
(-0.0180364 0.0103224 0)
(-0.0173896 0.0124676 0)
(-0.0167498 0.0145173 0)
(-0.00114899 -0.109098 0)
(-0.00309752 -0.108188 0)
(-0.00498667 -0.103362 0)
(-0.00666962 -0.097986 0)
(-0.00812163 -0.0929736 0)
(-0.00936979 -0.0886156 0)
(-0.0104561 -0.0849249 0)
(-0.0114213 -0.0818011 0)
(-0.0122988 -0.0791056 0)
(-0.013113 -0.0766976 0)
(-0.0138805 -0.0744531 0)
(-0.0146106 -0.0722743 0)
(-0.0153077 -0.0700913 0)
(-0.0159726 -0.0678597 0)
(-0.0166035 -0.0655547 0)
(-0.0171974 -0.0631659 0)
(-0.0177509 -0.0606914 0)
(-0.0182603 -0.0581346 0)
(-0.0187223 -0.0555018 0)
(-0.0191341 -0.0528008 0)
(-0.0194934 -0.0500402 0)
(-0.0197985 -0.047229 0)
(-0.0200482 -0.0443761 0)
(-0.0202417 -0.0414908 0)
(-0.0203788 -0.038582 0)
(-0.0204597 -0.0356588 0)
(-0.0204852 -0.0327299 0)
(-0.0204563 -0.029804 0)
(-0.0203747 -0.0268896 0)
(-0.0202421 -0.0239947 0)
(-0.0200606 -0.0211274 0)
(-0.0198323 -0.018295 0)
(-0.0195593 -0.0155048 0)
(-0.0192432 -0.0127633 0)
(-0.0188853 -0.0100759 0)
(-0.0184861 -0.00744694 0)
(-0.0180456 -0.00487777 0)
(-0.0175637 -0.00236607 0)
(-0.0170441 9.51948e-05 0)
(-0.0164985 0.00251439 0)
(-0.0159442 0.00488886 0)
(-0.015394 0.00720437 0)
(-0.0148536 0.00944592 0)
(-0.0143227 0.0116022 0)
(-0.013801 0.0136647 0)
(-0.000783533 -0.105916 0)
(-0.00241413 -0.105052 0)
(-0.00425746 -0.100636 0)
(-0.00576056 -0.0957242 0)
(-0.00697253 -0.0910991 0)
(-0.00795112 -0.0870377 0)
(-0.00876065 -0.0835648 0)
(-0.00945501 -0.0805955 0)
(-0.0100741 -0.0780071 0)
(-0.0106456 -0.0756728 0)
(-0.0111872 -0.0734812 0)
(-0.0117086 -0.0713442 0)
(-0.0122137 -0.0691992 0)
(-0.0127023 -0.0670067 0)
(-0.0131721 -0.0647448 0)
(-0.013619 -0.0624041 0)
(-0.0140391 -0.0599831 0)
(-0.0144282 -0.057485 0)
(-0.0147831 -0.0549154 0)
(-0.0151008 -0.0522815 0)
(-0.0153793 -0.049591 0)
(-0.0156167 -0.0468521 0)
(-0.0158119 -0.044073 0)
(-0.015964 -0.0412622 0)
(-0.0160727 -0.038428 0)
(-0.0161381 -0.0355788 0)
(-0.0161606 -0.0327227 0)
(-0.0161413 -0.0298679 0)
(-0.0160813 -0.0270224 0)
(-0.0159822 -0.024194 0)
(-0.0158457 -0.0213904 0)
(-0.0156735 -0.0186192 0)
(-0.0154673 -0.0158879 0)
(-0.0152284 -0.0132037 0)
(-0.0149572 -0.0105737 0)
(-0.0146522 -0.00800367 0)
(-0.0143097 -0.00549656 0)
(-0.0139231 -0.00304851 0)
(-0.0134892 -0.000642126 0)
(-0.0130241 0.00175219 0)
(-0.0125594 0.00413388 0)
(-0.0121148 0.00646902 0)
(-0.0116905 0.00873102 0)
(-0.0112804 0.0109051 0)
(-0.01088 0.0129826 0)
(-0.000379899 -0.106183 0)
(-0.00169306 -0.101578 0)
(-0.00353517 -0.0978182 0)
(-0.00478307 -0.0937329 0)
(-0.00567538 -0.0896188 0)
(-0.00634964 -0.0858755 0)
(-0.00687856 -0.0826109 0)
(-0.00731306 -0.079776 0)
(-0.00769109 -0.0772697 0)
(-0.0080393 -0.0749825 0)
(-0.00837436 -0.0728169 0)
(-0.00870497 -0.0706958 0)
(-0.00903391 -0.0685647 0)
(-0.00935999 -0.0663886 0)
(-0.00967974 -0.0641485 0)
(-0.00998872 -0.0618359 0)
(-0.0102825 -0.0594491 0)
(-0.010557 -0.0569907 0)
(-0.010809 -0.0544657 0)
(-0.0110359 -0.0518802 0)
(-0.0112356 -0.0492413 0)
(-0.0114066 -0.0465562 0)
(-0.0115477 -0.0438325 0)
(-0.0116581 -0.0410779 0)
(-0.0117375 -0.0383001 0)
(-0.0117859 -0.0355069 0)
(-0.0118038 -0.032706 0)
(-0.0117918 -0.0299052 0)
(-0.011751 -0.0271119 0)
(-0.0116828 -0.0243336 0)
(-0.0115887 -0.0215776 0)
(-0.0114707 -0.0188515 0)
(-0.0113307 -0.016163 0)
(-0.0111709 -0.0135205 0)
(-0.0109926 -0.0109334 0)
(-0.0107956 -0.00841223 0)
(-0.0105743 -0.00596694 0)
(-0.0103109 -0.00359914 0)
(-0.00997898 -0.00127719 0)
(-0.00960242 0.00109231 0)
(-0.00924144 0.00351639 0)
(-0.0089284 0.00589866 0)
(-0.00864409 0.00819418 0)
(-0.0083702 0.0103892 0)
(-0.00809877 0.0124794 0)
(-0.00408025 -0.114115 0)
(-0.00198226 -0.101 0)
(-0.00325545 -0.0974315 0)
(-0.00384999 -0.0937223 0)
(-0.00411269 -0.0897533 0)
(-0.00437624 -0.0861028 0)
(-0.00461692 -0.0829009 0)
(-0.00481798 -0.0800972 0)
(-0.00499147 -0.0775942 0)
(-0.00515382 -0.0752906 0)
(-0.00531656 -0.0730977 0)
(-0.00548545 -0.0709461 0)
(-0.00566164 -0.0687866 0)
(-0.00584314 -0.0665876 0)
(-0.0060263 -0.0643313 0)
(-0.00620697 -0.0620091 0)
(-0.00638125 -0.0596188 0)
(-0.00654583 -0.0571621 0)
(-0.00669806 -0.0546428 0)
(-0.0068359 -0.0520662 0)
(-0.00695778 -0.0494383 0)
(-0.00706251 -0.0467659 0)
(-0.00714921 -0.0440557 0)
(-0.00721732 -0.0413151 0)
(-0.00726656 -0.0385514 0)
(-0.00729696 -0.035772 0)
(-0.00730881 -0.0329842 0)
(-0.00730266 -0.0301953 0)
(-0.00727933 -0.0274125 0)
(-0.00723994 -0.0246426 0)
(-0.00718605 -0.0218925 0)
(-0.00711981 -0.019169 0)
(-0.00704426 -0.0164794 0)
(-0.00696369 -0.0138323 0)
(-0.00688413 -0.0112386 0)
(-0.00681373 -0.00871433 0)
(-0.00675695 -0.0062818 0)
(-0.00668843 -0.00396497 0)
(-0.00652795 -0.00173684 0)
(-0.00633434 0.000645256 0)
(-0.00614501 0.00315362 0)
(-0.00604132 0.00558199 0)
(-0.0059483 0.00788831 0)
(-0.00583554 0.0100766 0)
(-0.00569995 0.0121544 0)
(-0.0362613 -0.0801691 0)
(-0.00238444 -0.107635 0)
(-0.00306735 -0.0985542 0)
(-0.00231041 -0.092726 0)
(-0.00181553 -0.0882275 0)
(-0.00167808 -0.0845364 0)
(-0.00167103 -0.0814179 0)
(-0.00169293 -0.0787113 0)
(-0.00172184 -0.0762863 0)
(-0.00175564 -0.0740371 0)
(-0.00179513 -0.071881 0)
(-0.0018408 -0.0697571 0)
(-0.00189212 -0.0676229 0)
(-0.0019476 -0.0654515 0)
(-0.00200534 -0.0632271 0)
(-0.00206341 -0.060942 0)
(-0.00212011 -0.0585937 0)
(-0.00217409 -0.0561834 0)
(-0.0022243 -0.053714 0)
(-0.00226995 -0.0511902 0)
(-0.00231043 -0.0486174 0)
(-0.0023453 -0.0460015 0)
(-0.00237422 -0.0433492 0)
(-0.00239701 -0.0406672 0)
(-0.00241357 -0.0379624 0)
(-0.00242393 -0.0352419 0)
(-0.00242822 -0.0325127 0)
(-0.00242668 -0.0297816 0)
(-0.00241968 -0.027055 0)
(-0.00240781 -0.0243391 0)
(-0.00239206 -0.0216393 0)
(-0.00237405 -0.0189605 0)
(-0.0023566 -0.0163064 0)
(-0.00234466 -0.0136798 0)
(-0.00234713 -0.0110834 0)
(-0.00238066 -0.00852329 0)
(-0.00247101 -0.00601811 0)
(-0.00262628 -0.00362292 0)
(-0.00278418 -0.00148459 0)
(-0.00356459 0.000823471 0)
(-0.00382003 0.00343131 0)
(-0.00403155 0.00575482 0)
(-0.00415552 0.00794207 0)
(-0.00419397 0.0100313 0)
(-0.00416964 0.0120335 0)
)
;

boundaryField
{
    leftWall
    {
        type            noSlip;
    }
    rightWall
    {
        type            noSlip;
    }
    lowerWall
    {
        type            noSlip;
    }
    atmosphere
    {
        type            pressureInletOutletVelocity;
        value           nonuniform List<vector> 
45
(
(0 -0.0801691 0)
(0 -0.107635 0)
(0 -0.0985542 0)
(0 -0.092726 0)
(0 -0.0882275 0)
(0 -0.0845364 0)
(0 -0.0814179 0)
(0 -0.0787113 0)
(0 -0.0762863 0)
(0 -0.0740371 0)
(0 -0.071881 0)
(0 -0.0697571 0)
(0 -0.0676229 0)
(0 -0.0654515 0)
(0 -0.0632271 0)
(0 -0.060942 0)
(0 -0.0585937 0)
(0 -0.0561834 0)
(0 -0.053714 0)
(0 -0.0511902 0)
(0 -0.0486174 0)
(0 -0.0460015 0)
(0 -0.0433492 0)
(0 -0.0406672 0)
(0 -0.0379624 0)
(0 -0.0352419 0)
(0 -0.0325127 0)
(0 -0.0297816 0)
(0 -0.027055 0)
(0 -0.0243391 0)
(0 -0.0216393 0)
(0 -0.0189605 0)
(0 -0.0163064 0)
(0 -0.0136798 0)
(0 -0.0110834 0)
(0 -0.00852329 0)
(0 -0.00601811 0)
(0 -0.00362292 0)
(0 -0.00148459 0)
(-0.00356459 0.000823471 0)
(-0.00382003 0.00343131 0)
(-0.00403155 0.00575482 0)
(-0.00415552 0.00794207 0)
(-0.00419397 0.0100313 0)
(-0.00416964 0.0120335 0)
)
;
    }
    defaultFaces
    {
        type            empty;
    }
    procBoundary2to0
    {
        type            processor;
        value           nonuniform List<vector> 
46
(
(0.0325423 -0.276604 0)
(0.0338014 -0.277368 0)
(0.0342172 -0.276215 0)
(0.0354102 -0.268884 0)
(0.0367462 -0.255592 0)
(0.0381781 -0.0704843 0)
(0.0326647 0.0580597 0)
(0.0281695 0.140554 0)
(0.0242327 0.188989 0)
(0.0203233 0.213845 0)
(0.0169038 0.223656 0)
(0.0141717 0.224597 0)
(0.0121334 0.220733 0)
(0.0107289 0.214502 0)
(0.00987183 0.207257 0)
(0.00947446 0.199694 0)
(0.009453 0.192155 0)
(0.00972685 0.1848 0)
(0.0102219 0.177694 0)
(0.010875 0.170859 0)
(0.0116353 0.164291 0)
(0.0124636 0.157971 0)
(0.0133139 0.151866 0)
(0.0142138 0.14595 0)
(0.0150293 0.140105 0)
(0.00072091 -0.378478 0)
(0.00204827 -0.359154 0)
(0.00358358 -0.332776 0)
(0.00525185 -0.309348 0)
(0.00694801 -0.2904 0)
(0.00862126 -0.276046 0)
(0.01025 -0.265845 0)
(0.0118281 -0.25915 0)
(0.0133571 -0.255267 0)
(0.0148403 -0.253545 0)
(0.0162813 -0.253418 0)
(0.017681 -0.254425 0)
(0.0190373 -0.256218 0)
(0.020348 -0.258546 0)
(0.0216116 -0.261234 0)
(0.0228264 -0.26416 0)
(0.0239922 -0.267221 0)
(0.0251128 -0.270306 0)
(0.026202 -0.273266 0)
(0.0272815 -0.275879 0)
(0.0272815 -0.275879 0)
)
;
    }
    procBoundary2to3
    {
        type            processor;
        value           nonuniform List<vector> 
43
(
(0.0105912 0.133436 0)
(0.00527735 0.132189 0)
(2.14871e-05 0.13071 0)
(-0.0052129 0.128867 0)
(-0.0103735 0.126698 0)
(-0.0154213 0.12418 0)
(-0.0203117 0.121307 0)
(-0.0249963 0.118082 0)
(-0.0294254 0.114518 0)
(-0.0335501 0.110635 0)
(-0.0373246 0.106466 0)
(-0.0407098 0.102051 0)
(-0.0436744 0.0974382 0)
(-0.0461972 0.0926794 0)
(-0.0482669 0.0878295 0)
(-0.0498822 0.0829423 0)
(-0.0510511 0.0780691 0)
(-0.0517894 0.0732565 0)
(-0.0521191 0.0685455 0)
(-0.052067 0.0639713 0)
(-0.0516627 0.0595624 0)
(-0.0509374 0.0553412 0)
(-0.0499226 0.0513243 0)
(-0.0486491 0.0475229 0)
(-0.0471463 0.0439439 0)
(-0.045442 0.0405903 0)
(-0.0435615 0.0374623 0)
(-0.0415278 0.0345572 0)
(-0.0393615 0.0318708 0)
(-0.0370805 0.0293972 0)
(-0.0347003 0.0271299 0)
(-0.0322341 0.0250619 0)
(-0.0296929 0.0231858 0)
(-0.0270854 0.0214948 0)
(-0.0244184 0.0199825 0)
(-0.0216975 0.0186432 0)
(-0.018928 0.0174726 0)
(-0.0161184 0.016468 0)
(-0.0132885 0.0156295 0)
(-0.0104872 0.0149608 0)
(-0.00782773 0.0144663 0)
(-0.00554626 0.0141285 0)
(-0.00410252 0.0139555 0)
)
;
    }
}


// ************************************************************************* //
