/*--------------------------------*- C++ -*----------------------------------*\
  =========                 |
  \\      /  F ield         | OpenFOAM: The Open Source CFD Toolbox
   \\    /   O peration     | Website:  https://openfoam.org
    \\  /    A nd           | Version:  9
     \\/     M anipulation  |
\*---------------------------------------------------------------------------*/
FoamFile
{
    format      ascii;
    class       volScalarField;
    location    "850";
    object      nut;
}
// * * * * * * * * * * * * * * * * * * * * * * * * * * * * * * * * * * * * * //

dimensions      [0 2 -1 0 0 0 0];

internalField   nonuniform List<scalar> 
4000
(
0.000384433
0.00035507
0.00030421
0.000247293
0.000200123
0.000183684
0.000170592
0.000164199
0.000160152
0.00015659
0.000152765
0.000149361
0.00015412
0.0001618
0.00017056
0.000180954
0.000181208
0.000206093
0.000270229
0.000318134
0.000429662
0.000411318
0.000380812
0.000336145
0.000294487
0.000237977
0.000182707
0.000174175
0.00017362
0.00017397
0.000171543
0.000165962
0.000167923
0.000177785
0.000193609
0.000242124
0.000297365
0.000347397
0.000383363
0.000403406
0.000452035
0.00043931
0.000410963
0.000374607
0.000330262
0.000289451
0.000245245
0.000191914
0.000186041
0.0001875
0.000184565
0.000181587
0.000193537
0.000223819
0.000269052
0.000312604
0.000356393
0.000392948
0.000420321
0.000433012
0.000465831
0.000459523
0.000437048
0.000403723
0.000363867
0.000319641
0.000279629
0.000239986
0.000209848
0.000203425
0.000206386
0.000218604
0.000244363
0.00027623
0.000309834
0.000348788
0.000386842
0.000420631
0.000442795
0.000449297
0.000476098
0.000476902
0.000464206
0.0004444
0.000421636
0.000398777
0.0003776
0.000357481
0.000337878
0.000319098
0.000311668
0.000322667
0.000340721
0.000360475
0.000380421
0.000402727
0.000426499
0.000447884
0.000460783
0.000460566
0.000485021
0.000493652
0.000492403
0.000485999
0.000477459
0.000467682
0.000457198
0.000446381
0.000435452
0.000424539
0.000423457
0.000430912
0.000439319
0.000447384
0.000455072
0.000462616
0.000469783
0.000475798
0.000477293
0.000469866
0.000493814
0.000510347
0.000519246
0.000523099
0.000524099
0.000522581
0.000518567
0.000512242
0.000503716
0.000493028
0.000493185
0.000500541
0.000506899
0.000510872
0.000512413
0.000511608
0.000508546
0.000503349
0.000494108
0.000478826
0.000503266
0.000527723
0.000545502
0.000557378
0.00056536
0.000569811
0.000570643
0.000567665
0.000560425
0.000548461
0.000548493
0.000556678
0.000562132
0.000563271
0.000560358
0.000553743
0.000543781
0.000530333
0.000511906
0.000488417
0.0005148
0.000548614
0.000574675
0.000593609
0.000607588
0.000617017
0.000621999
0.000622067
0.000616007
0.000602231
0.000602133
0.000611772
0.000616444
0.000614886
0.000608018
0.0005965
0.000580679
0.000560266
0.000533334
0.000500071
0.000530132
0.00057242
0.000605881
0.00063051
0.000649694
0.000664541
0.000675177
0.00068093
0.00068038
0.000669972
0.000669215
0.000675691
0.000675111
0.000668148
0.000656081
0.000639623
0.000618756
0.000592495
0.000557762
0.000515502
0.00035507
0.000337876
0.00028856
0.000242405
0.000214884
0.000211468
0.000202067
0.000191493
0.000183607
0.000177641
0.00017166
0.000168453
0.0001767
0.000188976
0.000202622
0.000210911
0.000205376
0.000210916
0.000242788
0.000270227
0.000411318
0.000544668
0.000529531
0.000453918
0.000410382
0.000395444
0.00040858
0.000452297
0.000471465
0.000443876
0.000399067
0.000367189
0.000373873
0.000401973
0.000411961
0.000391668
0.000392735
0.000442268
0.000485705
0.000380944
0.00043931
0.000585467
0.000598647
0.000544329
0.00046745
0.000427375
0.000417404
0.000443945
0.000523221
0.000530183
0.000485478
0.000437153
0.000408201
0.000407112
0.000417537
0.000441246
0.000495377
0.000559775
0.000556795
0.00041808
0.000459523
0.000614045
0.000638315
0.000592583
0.000504986
0.000436304
0.000395235
0.000378606
0.000414743
0.000494552
0.000453252
0.000389971
0.000373936
0.000386741
0.000418063
0.000472026
0.000549818
0.000600412
0.000584941
0.000441579
0.000476902
0.000649865
0.000687318
0.000657273
0.000576505
0.000483681
0.000424025
0.000381578
0.000362638
0.000370545
0.000358432
0.000344526
0.000364294
0.000402943
0.00045259
0.000527477
0.000603634
0.000642376
0.000617116
0.000460997
0.000493652
0.000685192
0.000736367
0.000733778
0.000687453
0.000600663
0.000513836
0.000457454
0.000422678
0.000406028
0.000393949
0.000398991
0.000425921
0.0004726
0.0005436
0.000623242
0.000674043
0.000688844
0.000652192
0.000479014
0.000510347
0.000715405
0.000777234
0.000805693
0.00081472
0.000795144
0.000736394
0.000656966
0.000584621
0.0005356
0.000523102
0.000546603
0.000593738
0.000655062
0.00071126
0.00074305
0.000744381
0.000729978
0.000684067
0.000496703
0.000527723
0.000737344
0.000805262
0.00086007
0.000906599
0.000930266
0.000928647
0.000905997
0.000869776
0.000830875
0.000808595
0.000824422
0.000850455
0.000868163
0.000870418
0.00084894
0.000804436
0.00076359
0.000709538
0.000514532
0.000548614
0.00072385
0.000806237
0.000868279
0.000914986
0.000939778
0.00094284
0.000922411
0.000875841
0.000810406
0.000803921
0.000852847
0.000892651
0.000907203
0.000900465
0.000873826
0.000831658
0.00077818
0.000703863
0.000535347
0.00057242
0.000617344
0.000654289
0.000683075
0.000707008
0.000726987
0.000742646
0.000752493
0.000754235
0.000744454
0.000743921
0.000750314
0.000747363
0.000736354
0.000719379
0.000697886
0.000672449
0.000642238
0.000604195
0.000559032
0.00030421
0.00028856
0.000256108
0.000230392
0.000224619
0.000227206
0.000217945
0.000207485
0.00019866
0.000193029
0.000186429
0.000183583
0.000192664
0.000205435
0.000218866
0.000227667
0.000223004
0.000212757
0.000216045
0.000219233
0.000380812
0.000529531
0.000521935
0.000479595
0.000468282
0.000478697
0.000504281
0.000562534
0.000601209
0.000567126
0.0005024
0.00046579
0.000486265
0.000520309
0.000524999
0.000490966
0.000443952
0.000435188
0.000441747
0.000341851
0.000410963
0.000598647
0.000636744
0.000587014
0.000532276
0.000517946
0.000535621
0.000588029
0.000687124
0.00070659
0.00064536
0.000578114
0.000542401
0.000528337
0.000517682
0.000514695
0.000536422
0.000580309
0.000563539
0.000390453
0.000437048
0.000638315
0.000690604
0.000657361
0.000575165
0.000517382
0.00049499
0.000510234
0.000590913
0.000695486
0.000637091
0.000540077
0.000495459
0.000486141
0.000500318
0.000538937
0.00060401
0.000646212
0.000604875
0.000418768
0.000464206
0.000687318
0.000750067
0.000725668
0.00063357
0.000542214
0.000485796
0.000460297
0.000482083
0.000553582
0.000527486
0.000458121
0.000443904
0.000465768
0.000508221
0.000578585
0.00066421
0.000700178
0.000650026
0.000448257
0.000492403
0.000736367
0.000811506
0.000803838
0.000722046
0.00061295
0.000524037
0.000467135
0.000442523
0.000451676
0.000433511
0.000412638
0.000432598
0.000479695
0.000550621
0.000646719
0.000735296
0.000761288
0.00070187
0.000478593
0.000519246
0.000777234
0.000867175
0.000882833
0.000832625
0.000743599
0.0006591
0.000587875
0.000534879
0.0005097
0.000491012
0.000489989
0.000522921
0.000581272
0.0006578
0.000746368
0.000815394
0.000822494
0.000750291
0.000507147
0.000545502
0.000805262
0.000921973
0.000985414
0.0010109
0.000974998
0.000923498
0.000862529
0.000794469
0.000735277
0.000718143
0.000750835
0.000797189
0.00084107
0.000885722
0.000927618
0.00092634
0.000887368
0.000787252
0.00053408
0.000574675
0.000806237
0.00098788
0.00114683
0.00125097
0.00130328
0.0013146
0.00127332
0.00118486
0.00106967
0.00107719
0.00118981
0.00126534
0.001282
0.00126415
0.00120668
0.00111098
0.000967578
0.000794629
0.000562954
0.000605881
0.000654289
0.000694083
0.000726104
0.000753672
0.000777781
0.000797845
0.000811647
0.000815797
0.000806247
0.000805499
0.000812043
0.000806674
0.000792031
0.000770927
0.000745429
0.000716561
0.000683245
0.000642267
0.000593117
0.000247293
0.000242405
0.000230392
0.000228504
0.000236542
0.000234573
0.000226552
0.000217463
0.000209563
0.000205687
0.000198857
0.000196038
0.000203959
0.000214784
0.000225324
0.000232331
0.000231714
0.000218948
0.000204284
0.000188744
0.000336145
0.000453918
0.000479595
0.000488036
0.000509154
0.000533833
0.000569683
0.000638842
0.000692833
0.000662762
0.000586373
0.000552105
0.000578326
0.000602298
0.000587486
0.000559667
0.0005044
0.000445414
0.000397242
0.000297411
0.000374607
0.000544329
0.000587014
0.00057282
0.000564562
0.000584945
0.000621956
0.000694545
0.000813397
0.000847537
0.00077152
0.000690271
0.000643957
0.000618081
0.000593137
0.000568525
0.000550432
0.000542171
0.000502185
0.000352884
0.000403723
0.000592583
0.000657361
0.000639485
0.000594952
0.0005697
0.000576451
0.000622187
0.000732161
0.000852587
0.000781583
0.000657681
0.000592457
0.000565714
0.000559042
0.000569514
0.000597326
0.000615571
0.000564216
0.000386623
0.0004444
0.000657273
0.000725668
0.000714085
0.000648573
0.000585734
0.000553655
0.000558619
0.000627064
0.000748633
0.00070454
0.000584648
0.000533796
0.00053189
0.000554157
0.000600216
0.000658667
0.000682458
0.000622982
0.000428369
0.000485999
0.000733778
0.000803838
0.000796289
0.000727345
0.000640237
0.000574795
0.00054158
0.000554959
0.000623596
0.000598569
0.0005189
0.000504862
0.000532055
0.000584504
0.000661259
0.000737227
0.000761057
0.000701515
0.000473262
0.000523099
0.000805693
0.000882833
0.000885913
0.000836698
0.00075422
0.000682819
0.000632973
0.00061021
0.000627552
0.000610849
0.000569006
0.000575694
0.000615728
0.000679338
0.000761777
0.000830623
0.000853852
0.000785976
0.000512727
0.000557378
0.00086007
0.000985414
0.00106235
0.00105131
0.000996216
0.000940932
0.000888081
0.000831517
0.000784518
0.000772384
0.000799625
0.000843348
0.000886209
0.000933964
0.000992364
0.00102331
0.000978466
0.000856853
0.000547769
0.000593609
0.000868279
0.00114683
0.00139671
0.00145989
0.00147105
0.00147238
0.00144072
0.00134724
0.00121961
0.00123164
0.00136486
0.00146349
0.00149489
0.00148522
0.00147093
0.00139596
0.00115163
0.000872443
0.000583521
0.00063051
0.000683075
0.000726104
0.000761698
0.000793628
0.000822934
0.00084847
0.000867491
0.000876031
0.000870147
0.000867593
0.00087047
0.000861348
0.000842263
0.00081621
0.000785997
0.000753094
0.000716162
0.000671721
0.000618011
0.000200123
0.000214884
0.000224619
0.000236542
0.000240022
0.000236315
0.000231002
0.000224131
0.000218852
0.000217653
0.000210526
0.000207123
0.000212586
0.000219978
0.000225655
0.000227148
0.000225094
0.000216778
0.000198486
0.000173032
0.000294487
0.000410382
0.000468282
0.000509154
0.000543546
0.00057449
0.000625307
0.000702905
0.000767307
0.000751304
0.000670612
0.000641527
0.000663097
0.00066302
0.00062499
0.000583666
0.000536906
0.000470399
0.000386026
0.000250204
0.000330262
0.00046745
0.000532276
0.000564562
0.000599
0.000639427
0.000687103
0.00078257
0.00091619
0.00095869
0.000882197
0.000794232
0.000734178
0.000690947
0.000652998
0.000614542
0.000570487
0.000521818
0.000449494
0.0003119
0.000363867
0.000504986
0.000575165
0.000594952
0.000596647
0.000609088
0.000645452
0.000716555
0.000853001
0.000977157
0.000902524
0.000758142
0.000671592
0.000631299
0.00060643
0.00058841
0.000577174
0.000556316
0.000489905
0.000347285
0.000421636
0.000576505
0.00063357
0.000648573
0.000629044
0.000608375
0.000609422
0.00064703
0.000755378
0.000901786
0.000852247
0.000695994
0.000611609
0.000586212
0.000584788
0.000598414
0.000616774
0.000611208
0.000557854
0.000405395
0.000477459
0.000687453
0.000722046
0.000727345
0.000696975
0.000652959
0.000623133
0.000624187
0.000686028
0.000809679
0.000786189
0.000647894
0.000587417
0.000585878
0.000611414
0.000653763
0.000693668
0.000701464
0.000667543
0.000465971
0.000524099
0.00081472
0.000832625
0.000836698
0.000811892
0.000765101
0.000723493
0.00070217
0.000719652
0.00079106
0.000784156
0.000690543
0.000659076
0.000674687
0.000714575
0.000768403
0.000813734
0.000828986
0.000803399
0.000515332
0.00056536
0.000906599
0.0010109
0.00105131
0.00103488
0.00099446
0.000954855
0.000917002
0.000876303
0.000850299
0.000848819
0.00086415
0.000899889
0.000935165
0.000974228
0.00102422
0.00105989
0.00103689
0.000925649
0.000557184
0.000607588
0.000914986
0.00125097
0.00145989
0.00153815
0.00159255
0.0016205
0.00159169
0.00147692
0.00132053
0.00133584
0.00150191
0.00163166
0.0016705
0.00164202
0.00158857
0.00152058
0.00128879
0.000937781
0.000598846
0.000649694
0.000707008
0.000753672
0.000793628
0.000832326
0.000868553
0.000900629
0.000925918
0.000940718
0.000941318
0.000936457
0.000932688
0.000917405
0.000892518
0.000860644
0.00082426
0.000785147
0.000743793
0.000695539
0.000636943
0.000183684
0.000211468
0.000227206
0.000234573
0.000236315
0.000235541
0.000233041
0.000230176
0.000228718
0.000230395
0.000222884
0.000218011
0.000220079
0.000223481
0.000224629
0.000221616
0.000214801
0.000204487
0.000188705
0.000163197
0.000237977
0.000395444
0.000478697
0.000533833
0.00057449
0.000619447
0.00068022
0.000750977
0.000830639
0.000837553
0.000760169
0.000736758
0.000744114
0.000720658
0.000671488
0.000610906
0.00054731
0.000476286
0.000378192
0.000194512
0.000289451
0.000427375
0.000517946
0.000584945
0.000639427
0.000685587
0.000748355
0.000862023
0.000993246
0.00102812
0.000963348
0.000889123
0.000820311
0.000758683
0.000709325
0.00065965
0.000601133
0.000526088
0.0004267
0.000272701
0.000319641
0.000436304
0.000517382
0.0005697
0.000609088
0.000652285
0.000708992
0.000800064
0.000948858
0.0010341
0.000970595
0.000844242
0.000742426
0.000689481
0.000653536
0.000614675
0.000571386
0.00051786
0.000435536
0.000306296
0.000398777
0.000483681
0.000542214
0.000585734
0.000608375
0.000626819
0.000658613
0.000725899
0.00085841
0.000975987
0.000933461
0.000787318
0.000678376
0.00063171
0.000609281
0.00059392
0.000576536
0.000542632
0.00048404
0.000382426
0.000467682
0.000600663
0.00061295
0.000640237
0.000652959
0.000653487
0.000660345
0.000696825
0.000797177
0.000918171
0.000903569
0.000759924
0.000659245
0.000627719
0.000625554
0.000633127
0.000635626
0.000621665
0.000599245
0.000457341
0.000522581
0.000795144
0.000743599
0.00075422
0.000765101
0.000758481
0.000748541
0.000755961
0.000810692
0.000907019
0.000912603
0.00079595
0.000727429
0.000718835
0.000734663
0.000756116
0.000768122
0.000770093
0.000792175
0.000514914
0.000569811
0.000930266
0.000974998
0.000996216
0.00099446
0.000980286
0.000961848
0.000938453
0.000912573
0.000908509
0.000920545
0.000919429
0.00094581
0.000973971
0.000999683
0.00102956
0.00105105
0.00103593
0.000965802
0.000562473
0.000617017
0.000939778
0.00130328
0.00147105
0.00159255
0.00168217
0.00172186
0.00167667
0.00152664
0.00134512
0.0013619
0.0015475
0.00171712
0.00178442
0.00175523
0.00167181
0.00155977
0.00137405
0.000980569
0.000608936
0.000664541
0.000726987
0.000777781
0.000822934
0.000868553
0.000911723
0.000951017
0.000984276
0.00100852
0.00102015
0.00101246
0.000997206
0.000972384
0.000939868
0.000901371
0.00085869
0.000813162
0.000766735
0.000714431
0.000650939
0.000170592
0.000202067
0.000217945
0.000226552
0.000231002
0.000233041
0.000234293
0.00023615
0.000239377
0.000245277
0.000237568
0.000229816
0.00022822
0.000226961
0.000223213
0.000216968
0.000207887
0.000195713
0.000179425
0.00015585
0.000182707
0.00040858
0.000504281
0.000569683
0.000625307
0.00068022
0.000735604
0.000799356
0.000886838
0.000902925
0.000838023
0.000828698
0.000815515
0.000777776
0.000730839
0.000670942
0.000597282
0.000510647
0.000402962
0.000173091
0.000245245
0.000417404
0.000535621
0.000621956
0.000687103
0.000748355
0.000828204
0.000934782
0.00102
0.000985775
0.000940408
0.000943384
0.000899439
0.000832635
0.000771076
0.000712681
0.000642147
0.000550869
0.000426217
0.000228871
0.000279629
0.000395235
0.00049499
0.000576451
0.000645452
0.000708992
0.000779074
0.000880786
0.000974324
0.000924395
0.000875516
0.000876826
0.000812885
0.000750421
0.000703508
0.000652891
0.000587498
0.000505804
0.000403154
0.00027398
0.0003776
0.000424025
0.000485796
0.000553655
0.000609422
0.000658613
0.000715992
0.00080252
0.000894066
0.000869573
0.000830855
0.000818626
0.000739279
0.0006771
0.000636615
0.000598594
0.000553932
0.00049714
0.000433462
0.000359902
0.000457198
0.000513836
0.000524037
0.000574795
0.000623133
0.000660345
0.000700169
0.000765957
0.000843475
0.000841022
0.000832132
0.000807297
0.000721058
0.000663784
0.000635907
0.000614503
0.000587031
0.000552549
0.000530125
0.000447871
0.000518567
0.000736394
0.0006591
0.000682819
0.000723493
0.000748541
0.000766327
0.000801651
0.000863198
0.000884722
0.00090042
0.000858926
0.000780728
0.000748599
0.000742858
0.000737782
0.000722139
0.000709678
0.000747796
0.000511375
0.000570643
0.000928647
0.000923499
0.000940932
0.000954855
0.000961848
0.000959232
0.000949348
0.00094955
0.000970859
0.000989363
0.000964254
0.000970564
0.000993237
0.00101006
0.00102223
0.00102686
0.00100861
0.00097453
0.000563377
0.000621999
0.00094284
0.0013146
0.00147238
0.0016205
0.00172186
0.00174759
0.00167159
0.00152279
0.00140613
0.00140971
0.0015292
0.00170594
0.00181093
0.00180279
0.00171184
0.00157286
0.00140576
0.000992447
0.00061342
0.000675177
0.000742646
0.000797845
0.00084847
0.000900629
0.000951017
0.000998849
0.00104321
0.00108292
0.00111465
0.00110334
0.00106759
0.00102725
0.000983815
0.00093714
0.000887647
0.000835905
0.000784281
0.000728085
0.000660209
0.000164199
0.000191493
0.000207485
0.000217463
0.000224131
0.000230176
0.00023615
0.000242889
0.000250896
0.000261643
0.000254881
0.000243172
0.000237315
0.000231002
0.000223006
0.000213596
0.000202695
0.00018988
0.000173918
0.000151353
0.000174175
0.000452297
0.000562534
0.000638842
0.000702905
0.000750977
0.000799356
0.000858155
0.000915032
0.000853344
0.00080857
0.000882016
0.000872303
0.000828873
0.000785635
0.000734201
0.000668383
0.000583546
0.000457911
0.000169753
0.000191914
0.000443945
0.000588029
0.000694545
0.00078257
0.000862023
0.000934782
0.000980749
0.000937034
0.000789082
0.000741019
0.000876277
0.000939311
0.000911824
0.000852249
0.000781674
0.000702502
0.000602754
0.000463841
0.000186398
0.000239986
0.000378606
0.000510234
0.000622187
0.000716555
0.000800064
0.000880786
0.000929009
0.000867715
0.000813874
0.0007476
0.000766654
0.000846403
0.000823463
0.000767159
0.000702705
0.000622446
0.000517976
0.000390215
0.000246635
0.000357481
0.000381578
0.000460297
0.000558619
0.00064703
0.000725899
0.00080252
0.00084996
0.0008136
0.000903917
0.000836624
0.000719001
0.000771491
0.000735236
0.000676951
0.000616725
0.000548099
0.00046991
0.00039672
0.000341914
0.000446381
0.000457454
0.000467135
0.00054158
0.000624187
0.000696825
0.000765957
0.000806603
0.000792786
0.00101133
0.000955652
0.000730495
0.000753617
0.000709328
0.000655495
0.00060619
0.000552845
0.000501364
0.000480648
0.000437856
0.000512242
0.000656966
0.000587875
0.000632973
0.00070217
0.000755961
0.000801651
0.00084036
0.000858046
0.00112491
0.00108594
0.000834596
0.000821781
0.000782438
0.000753881
0.000724942
0.000685027
0.000653487
0.00068289
0.000504982
0.000567665
0.000905997
0.000862529
0.000888081
0.000917002
0.000938453
0.000949347
0.000969835
0.00104404
0.00128433
0.00125511
0.00102926
0.000985813
0.000992698
0.00100432
0.00100531
0.000995034
0.000967795
0.000958316
0.000559857
0.000622067
0.000922411
0.00127332
0.00144072
0.00159169
0.00167667
0.00167159
0.00160012
0.00158449
0.00172736
0.00168946
0.00154617
0.00161309
0.00172983
0.00175861
0.00168613
0.00154363
0.00137698
0.000976728
0.000612354
0.00068093
0.000752493
0.000811647
0.000867491
0.000925918
0.000984276
0.00104321
0.00110429
0.00116908
0.0012336
0.00121821
0.00114863
0.00108336
0.00102365
0.000966322
0.000909197
0.000851403
0.000795004
0.000735535
0.000664339
0.000160152
0.000183607
0.00019866
0.000209563
0.000218852
0.000228718
0.000239377
0.000250896
0.000262665
0.000281602
0.000272551
0.000254746
0.000245319
0.000234007
0.000222204
0.00021046
0.000198439
0.00018523
0.000169355
0.000147809
0.00017362
0.000471465
0.000601209
0.000692833
0.000767307
0.000830639
0.000886838
0.000915032
0.000822341
0.000855251
0.000823494
0.000799981
0.000890658
0.000862428
0.000820024
0.000770635
0.000706789
0.000619082
0.000484619
0.000168385
0.000186041
0.000523221
0.000687124
0.000813397
0.00091619
0.000993246
0.00102
0.000937034
0.000792784
0.00113834
0.00107973
0.000718521
0.000871203
0.000942171
0.00092127
0.000856861
0.000766332
0.000650131
0.000500529
0.000184411
0.000209848
0.000414743
0.000590913
0.000732161
0.000853001
0.000948858
0.000974324
0.000867715
0.000882823
0.00148575
0.00141024
0.000769641
0.000759717
0.000862111
0.00084379
0.000771728
0.000678717
0.000561442
0.000404366
0.000221827
0.000337878
0.000362638
0.000482083
0.000627064
0.000755378
0.00085841
0.000894066
0.0008136
0.00103115
0.00184154
0.00175515
0.000902649
0.000706253
0.000788399
0.00074577
0.000659167
0.000560809
0.000457408
0.000371113
0.000329437
0.000435452
0.000422678
0.000442523
0.000554959
0.000686028
0.000797177
0.000843475
0.000792786
0.00119343
0.00216184
0.0020637
0.00104945
0.000705063
0.000762091
0.000704264
0.000618778
0.000532501
0.000461379
0.000441349
0.000427688
0.000503716
0.000584621
0.000534879
0.00061021
0.000719652
0.000810692
0.000863198
0.000858046
0.00135135
0.00239673
0.0022849
0.00120319
0.000812664
0.000836673
0.000789
0.000726287
0.000653758
0.000597764
0.000615868
0.000496367
0.000560425
0.000869776
0.000794469
0.000831517
0.000876303
0.000912573
0.00094955
0.00104404
0.00156007
0.00255224
0.00243329
0.00140107
0.00101852
0.000989168
0.000987655
0.000976801
0.000947961
0.000904342
0.000922491
0.000552035
0.000616007
0.000875841
0.00118486
0.00134724
0.00147692
0.00152664
0.00152279
0.00158449
0.0019336
0.00245799
0.00236864
0.001802
0.00153335
0.00155962
0.00161228
0.00157907
0.00145511
0.00128965
0.000932541
0.000605238
0.00068038
0.000754235
0.000815797
0.000876031
0.000940718
0.00100852
0.00108292
0.00116908
0.00127035
0.00137043
0.00135317
0.00124323
0.00114154
0.00105792
0.000986362
0.000920539
0.000856883
0.000796532
0.000735245
0.000662425
0.00015659
0.000177641
0.000193029
0.000205687
0.000217653
0.000230395
0.000245277
0.000261643
0.000281602
0.000294924
0.000283669
0.000268557
0.000248066
0.000233308
0.00021938
0.000206476
0.000194548
0.000182079
0.000166835
0.000146083
0.00017397
0.000443876
0.000567126
0.000662762
0.000751303
0.000837553
0.000902925
0.000853344
0.000855251
0.00055558
0.000525593
0.000779062
0.000775361
0.000813504
0.0007767
0.000730717
0.000673374
0.000593723
0.000467711
0.000166277
0.0001875
0.000530183
0.00070659
0.000847537
0.00095869
0.00102812
0.000985775
0.000789082
0.00113834
0.000828473
0.000784911
0.0010008
0.000679264
0.000865422
0.000903433
0.000858965
0.000774945
0.000659095
0.000505535
0.000182095
0.000203425
0.000494552
0.000695486
0.000852587
0.000977157
0.0010341
0.000924395
0.000813874
0.00148575
0.00110557
0.00105442
0.00131266
0.000673925
0.00078463
0.000859365
0.000810019
0.000712944
0.000601639
0.000457371
0.000198642
0.000319098
0.000370545
0.000553582
0.000748633
0.000901786
0.000975987
0.000869573
0.000903916
0.00184154
0.00139576
0.00134335
0.00165688
0.000761378
0.000748447
0.000810188
0.000727806
0.000602018
0.00046486
0.000357382
0.000319134
0.000424539
0.000406028
0.000451676
0.000623596
0.000809679
0.000918171
0.000841022
0.00101133
0.00216184
0.00169196
0.00164374
0.00196837
0.000861965
0.000764089
0.000784087
0.000667502
0.000534723
0.000435537
0.00041371
0.000418525
0.000493028
0.0005356
0.0005097
0.000627552
0.00079106
0.000907019
0.000884722
0.00112491
0.00239673
0.00196687
0.0019272
0.00219369
0.000990859
0.000880857
0.000865196
0.000754692
0.000631055
0.000545434
0.000558268
0.000487457
0.000548461
0.000830875
0.000735277
0.000784518
0.000850299
0.000908509
0.000970859
0.00128433
0.00255224
0.00217728
0.00214697
0.00232826
0.00115746
0.0010154
0.000992672
0.000952849
0.000892675
0.000831114
0.00088165
0.000541895
0.000602231
0.000810406
0.00106967
0.00121961
0.00132053
0.00134512
0.00140612
0.00172736
0.00245799
0.00232672
0.00229371
0.00227436
0.00160091
0.00140721
0.00143785
0.00143921
0.00133694
0.0011834
0.000877335
0.000593338
0.000669972
0.000744454
0.000806247
0.000870147
0.000941318
0.00102015
0.00111465
0.0012336
0.00137043
0.00140229
0.00140374
0.00133814
0.00119816
0.00108329
0.000994071
0.000918996
0.00084988
0.000786734
0.000725949
0.000653438
0.000152765
0.00017166
0.000186429
0.000198857
0.000210526
0.000222884
0.000237568
0.000254881
0.000272551
0.000283669
0.000272553
0.000259134
0.00024149
0.000229494
0.000218033
0.000207109
0.000196377
0.000184986
0.00017061
0.000150354
0.000171543
0.000399067
0.0005024
0.000586373
0.000670612
0.000760169
0.000838023
0.00080857
0.000823494
0.000525593
0.000476925
0.000709126
0.000708399
0.000737307
0.000702988
0.000662946
0.000614506
0.000544857
0.000431701
0.000163808
0.000184565
0.000485478
0.00064536
0.00077152
0.000882197
0.000963348
0.000940408
0.000741019
0.00107973
0.000784911
0.000703384
0.000913993
0.000632689
0.000816892
0.000835975
0.000787833
0.000709177
0.000605687
0.000467057
0.00017761
0.000206386
0.000453252
0.000637091
0.000781583
0.000902524
0.000970595
0.000875516
0.0007476
0.00141024
0.00105442
0.000945288
0.00121149
0.00061949
0.000759942
0.00081288
0.000759934
0.000668072
0.000566923
0.0004423
0.000195768
0.000311668
0.000358432
0.000527486
0.00070454
0.000852247
0.000933461
0.000830855
0.000836624
0.00175515
0.00134335
0.00121771
0.00154702
0.00071243
0.000758818
0.000811571
0.00073838
0.000621187
0.000478021
0.000349505
0.000314351
0.000423457
0.000393949
0.000433511
0.000598569
0.000786189
0.000903569
0.000832132
0.000955652
0.0020637
0.00164374
0.00151696
0.00185335
0.000848692
0.000826947
0.00083772
0.000711359
0.000549368
0.000424918
0.000400195
0.000418744
0.000493185
0.000523102
0.000491012
0.000610849
0.000784156
0.000912603
0.00090042
0.00108594
0.0022849
0.0019272
0.00181437
0.00206972
0.00101306
0.000970705
0.000929456
0.000786042
0.000622207
0.000516082
0.000536245
0.000489551
0.000548493
0.000808595
0.000718143
0.000772384
0.000848819
0.000920545
0.000989363
0.00125511
0.00243329
0.00214697
0.00205665
0.00219106
0.00118295
0.0010944
0.00104425
0.000966139
0.000873029
0.000799547
0.000860824
0.000544639
0.000602133
0.000803921
0.00107719
0.00123164
0.00133584
0.0013619
0.00140971
0.00168946
0.00236864
0.00229371
0.00221802
0.00217641
0.00158638
0.00144815
0.00147227
0.0014524
0.00133842
0.00118168
0.000873024
0.000596526
0.000669215
0.000743921
0.000805499
0.000867593
0.000936457
0.00101246
0.00110334
0.00121821
0.00135317
0.00140374
0.00138554
0.00131269
0.00117874
0.00107075
0.000986413
0.00091462
0.000848211
0.00078744
0.000727907
0.00065627
0.000149361
0.000168453
0.000183583
0.000196038
0.000207123
0.000218011
0.000229816
0.000243172
0.000254746
0.000268557
0.000259134
0.000244868
0.00023696
0.000228781
0.000220551
0.000212111
0.000203163
0.00019284
0.000178711
0.000157025
0.000165962
0.000367189
0.00046579
0.000552105
0.000641527
0.000736758
0.000828698
0.000882016
0.000799981
0.000779062
0.000709126
0.00066483
0.00072573
0.000701992
0.000669202
0.000633516
0.0005888
0.000522503
0.00041581
0.000163533
0.000181587
0.000437153
0.000578114
0.000690271
0.000794232
0.000889123
0.000943384
0.000876277
0.000718521
0.0010008
0.000913993
0.00059568
0.000756439
0.000797588
0.000765413
0.00070767
0.000634843
0.00054627
0.000421717
0.000179299
0.000218604
0.000389971
0.000540077
0.000657681
0.000758142
0.000844242
0.000876826
0.000766654
0.000769641
0.00131266
0.00121149
0.000626541
0.00068687
0.000764863
0.000736016
0.000673987
0.00059962
0.000510491
0.00038682
0.000213779
0.000322667
0.000344526
0.000458121
0.000584648
0.000695994
0.000787318
0.000818626
0.000719001
0.000902649
0.00165688
0.00154702
0.000752498
0.000680358
0.00076663
0.000731692
0.00065839
0.000567444
0.000457834
0.000349318
0.00032372
0.000430912
0.000398991
0.000412638
0.0005189
0.000647894
0.000759924
0.000807297
0.000730495
0.00104945
0.00196837
0.00185335
0.000909153
0.000747924
0.000818951
0.000759514
0.000653843
0.000529352
0.000423144
0.000405478
0.000427709
0.000500541
0.000546603
0.000489989
0.000569006
0.000690543
0.00079595
0.000858926
0.000834596
0.00120319
0.00219369
0.00206972
0.00109086
0.000912856
0.000933577
0.000856979
0.000743888
0.000612461
0.000523788
0.00056551
0.000498247
0.000556678
0.000824422
0.000750835
0.000799625
0.00086415
0.000919429
0.000964254
0.00102926
0.00140107
0.00232826
0.00219106
0.00129067
0.00111183
0.00108839
0.00104849
0.000982322
0.000898162
0.000829131
0.000877623
0.000553812
0.000611772
0.000852847
0.00118981
0.00136486
0.00150191
0.0015475
0.0015292
0.00154617
0.001802
0.00227436
0.00217641
0.00169217
0.00156366
0.00162284
0.00164717
0.00158569
0.00144226
0.00127384
0.000916406
0.000606491
0.000675691
0.000750314
0.000812043
0.00087047
0.000932688
0.000997206
0.00106759
0.00114863
0.00124323
0.00133814
0.00131269
0.00121042
0.00111834
0.0010414
0.000973868
0.000911085
0.000850286
0.000792904
0.000733622
0.000662368
0.00015412
0.0001767
0.000192664
0.000203959
0.000212586
0.000220079
0.00022822
0.000237315
0.000245319
0.000248066
0.00024149
0.00023696
0.000233483
0.000229628
0.000225147
0.00021976
0.000213215
0.000203689
0.000189004
0.00016406
0.000167923
0.000373873
0.000486265
0.000578326
0.000663097
0.000744114
0.000815515
0.000872303
0.000890658
0.000775361
0.000708399
0.00072573
0.000708412
0.000682925
0.000656295
0.000622699
0.00057223
0.000506776
0.000406693
0.000168056
0.000193537
0.000408201
0.000542401
0.000643957
0.000734178
0.000820311
0.000899439
0.000939311
0.000871203
0.000679264
0.000632689
0.000756439
0.000787226
0.000752781
0.00070343
0.000649526
0.00058865
0.000511873
0.000399625
0.000184656
0.000244363
0.000373936
0.000495459
0.000592457
0.000671592
0.000742426
0.000812885
0.000846403
0.000759717
0.000673925
0.00061949
0.00068687
0.000749759
0.0007197
0.000675041
0.000628114
0.000569789
0.000488877
0.000376961
0.000242198
0.000340721
0.000364294
0.000443904
0.000533796
0.000611609
0.000678376
0.000739279
0.000771491
0.000706253
0.000761378
0.00071243
0.000680358
0.000741604
0.00070844
0.000660908
0.000606034
0.000537386
0.000452903
0.00036928
0.000338279
0.000439319
0.000425921
0.000432598
0.000504862
0.000587417
0.000659245
0.000721058
0.000753617
0.000705063
0.000861965
0.000848692
0.000747924
0.000784919
0.000738156
0.00067803
0.000609001
0.000525701
0.000446245
0.00042922
0.000436614
0.000506899
0.000593738
0.000522921
0.000575694
0.000659076
0.000727429
0.000780728
0.000821781
0.000812664
0.000990859
0.00101306
0.000912856
0.00090209
0.000847078
0.000791108
0.000719209
0.000627397
0.00056193
0.000617142
0.000504771
0.000562132
0.000850455
0.000797189
0.000843348
0.000899889
0.00094581
0.000970564
0.000985813
0.00101852
0.00115746
0.00118295
0.00111183
0.00109079
0.00107901
0.00105565
0.00100637
0.000937819
0.000876023
0.000903571
0.000559041
0.000616444
0.000892651
0.00126534
0.00146349
0.00163166
0.00171712
0.00170594
0.00161309
0.00153335
0.00160091
0.00158638
0.00156366
0.0016924
0.00178468
0.0017771
0.00168196
0.00151916
0.00134446
0.000950912
0.000610565
0.000675111
0.000747363
0.000806674
0.000861348
0.000917405
0.000972384
0.00102725
0.00108336
0.00114154
0.00119816
0.00117874
0.00111834
0.00106065
0.00100525
0.000950617
0.000896014
0.00084085
0.0007875
0.000730546
0.000661442
0.0001618
0.000188976
0.000205435
0.000214784
0.000219978
0.000223481
0.000226961
0.000231002
0.000234007
0.000233308
0.000229494
0.000228781
0.000229628
0.000230245
0.000229982
0.000227812
0.000222888
0.000214167
0.000199194
0.000171294
0.000177785
0.000401973
0.000520309
0.000602298
0.000663019
0.000720658
0.000777776
0.000828873
0.000862428
0.000813504
0.000737307
0.000701992
0.000682925
0.000665262
0.000635042
0.000596347
0.000548596
0.000485364
0.0003889
0.000182573
0.000223819
0.000407112
0.000528337
0.000618081
0.000690946
0.000758683
0.000832635
0.000911824
0.000942171
0.000865422
0.000816892
0.000797588
0.000752781
0.000704061
0.000662796
0.000624797
0.000579098
0.000509732
0.000399629
0.000210385
0.00027623
0.000386741
0.000486141
0.000565714
0.000631299
0.000689481
0.000750421
0.000823463
0.000862111
0.00078463
0.000759942
0.000764863
0.0007197
0.000677133
0.000645831
0.000610856
0.000560178
0.000487369
0.000390937
0.000277616
0.000360475
0.000402943
0.000465768
0.00053189
0.000586212
0.00063171
0.0006771
0.000735236
0.000788399
0.000748447
0.000758818
0.00076663
0.00070844
0.000660024
0.000622541
0.000583088
0.000534273
0.000471102
0.000403838
0.000356309
0.000447384
0.0004726
0.000479695
0.000532055
0.000585878
0.000627719
0.000663784
0.000709328
0.000762091
0.000764089
0.000826947
0.000818951
0.000738156
0.000680902
0.000642588
0.000602583
0.000549326
0.000490873
0.000471195
0.000444977
0.000510872
0.000655062
0.000581272
0.000615728
0.000674687
0.000718835
0.000748599
0.000782438
0.000836673
0.000880857
0.000970705
0.000933577
0.000847078
0.000801892
0.000772294
0.00073054
0.000668385
0.000622825
0.000683599
0.000508831
0.000563271
0.000868163
0.00084107
0.000886209
0.000935165
0.000973971
0.000993237
0.000992698
0.000989168
0.0010154
0.0010944
0.00108839
0.00107901
0.00107997
0.0010689
0.00103618
0.000982323
0.000923891
0.000921417
0.000560062
0.000614886
0.000907203
0.001282
0.00149489
0.0016705
0.00178442
0.00181093
0.00172983
0.00155962
0.00140721
0.00144815
0.00162284
0.00178468
0.00184781
0.00181391
0.00170787
0.00154728
0.00136324
0.000963508
0.00060892
0.000668148
0.000736354
0.000792031
0.000842263
0.000892518
0.000939868
0.000983815
0.00102365
0.00105792
0.00108329
0.00107075
0.0010414
0.00100525
0.000964015
0.000919193
0.000871892
0.000822474
0.000773587
0.000720161
0.000654768
0.00017056
0.000202622
0.000218866
0.000225324
0.000225655
0.000224629
0.000223213
0.000223006
0.000222204
0.00021938
0.000218033
0.000220551
0.000225147
0.000229982
0.000232908
0.000232695
0.000228998
0.000221077
0.000206743
0.000179212
0.000193609
0.000411961
0.000524999
0.000587486
0.00062499
0.000671488
0.000730839
0.000785635
0.000820024
0.0007767
0.000702988
0.000669202
0.000656295
0.000635042
0.00060537
0.000569374
0.000522858
0.000462166
0.000374799
0.000202624
0.000269052
0.000417537
0.000517682
0.000593137
0.000652997
0.000709325
0.000771076
0.000852249
0.00092127
0.000903433
0.000835975
0.000765413
0.00070343
0.000662796
0.000639365
0.000614732
0.000569444
0.000499763
0.00040501
0.000259714
0.000309834
0.000418063
0.000500318
0.000559042
0.00060643
0.000653536
0.000703508
0.000767159
0.00084379
0.000859365
0.00081288
0.000736016
0.000675041
0.000645831
0.000624025
0.000594449
0.00055227
0.000495665
0.000417978
0.000314255
0.000380421
0.00045259
0.000508221
0.000554157
0.000584788
0.000609281
0.000636615
0.000676951
0.00074577
0.000810188
0.000811571
0.000731692
0.000660908
0.000622541
0.000597399
0.00057644
0.000550069
0.000507451
0.00045022
0.000377638
0.000455072
0.0005436
0.000550621
0.000584504
0.000611415
0.000625554
0.000635907
0.000655495
0.000704264
0.000784087
0.00083772
0.000759514
0.00067803
0.000642588
0.000629191
0.000619248
0.000597361
0.000562113
0.000543606
0.000453069
0.000512413
0.00071126
0.0006578
0.000679338
0.000714575
0.000734663
0.000742858
0.000753881
0.000789
0.000865196
0.000929456
0.000856979
0.000791108
0.000772294
0.000770166
0.000761048
0.000730621
0.000699701
0.000736266
0.000510439
0.000560358
0.000870418
0.000885722
0.000933964
0.000974228
0.000999683
0.00101006
0.00100432
0.000987655
0.000992672
0.00104425
0.00104849
0.00105565
0.0010689
0.0010761
0.0010681
0.00103349
0.000975232
0.000923336
0.00055729
0.000608018
0.000900465
0.00126415
0.00148522
0.00164202
0.00175523
0.00180279
0.00175861
0.00161228
0.00143785
0.00147227
0.00164717
0.0017771
0.00181391
0.00177583
0.00168412
0.00154734
0.00134719
0.00095704
0.00060255
0.000656081
0.000719379
0.000770927
0.00081621
0.000860644
0.000901371
0.00093714
0.000966322
0.000986362
0.000994071
0.000986413
0.000973868
0.000950617
0.000919193
0.00088233
0.000841805
0.000798341
0.000754254
0.000704628
0.000643624
0.000180954
0.000210911
0.000227667
0.000232331
0.000227148
0.000221616
0.000216968
0.000213596
0.00021046
0.000206476
0.000207109
0.000212111
0.00021976
0.000227812
0.000232695
0.000233605
0.000230637
0.000223912
0.000211703
0.000188274
0.000242124
0.000391668
0.000490966
0.000559667
0.000583666
0.000610906
0.000670942
0.000734201
0.000770635
0.000730717
0.000662946
0.000633516
0.000622698
0.000596347
0.000569374
0.000533227
0.000488813
0.000435775
0.000361452
0.000229861
0.000312604
0.000441246
0.000514695
0.000568525
0.000614542
0.00065965
0.000712681
0.000781674
0.000856861
0.000858965
0.000787833
0.00070767
0.000649526
0.000624797
0.000614732
0.000584367
0.000535649
0.000487333
0.000424417
0.000308441
0.000348788
0.000472026
0.000538937
0.000569514
0.00058841
0.000614675
0.000652891
0.000702705
0.000771728
0.000810019
0.000759934
0.000673987
0.000628114
0.000610856
0.000594449
0.00057367
0.000553451
0.000525945
0.000467347
0.000349953
0.000402727
0.000527477
0.000578585
0.000600216
0.000598414
0.00059392
0.000598594
0.000616725
0.000659167
0.000727806
0.00073838
0.00065839
0.000606034
0.000583088
0.00057644
0.000581088
0.000586026
0.000569614
0.000520568
0.000400825
0.000462616
0.000623242
0.000646719
0.000661259
0.000653763
0.000633127
0.000614503
0.00060619
0.000618778
0.000667502
0.000711358
0.000653843
0.000609001
0.000602583
0.000619248
0.000646801
0.000664201
0.000653652
0.000622243
0.000460709
0.000511608
0.00074305
0.000746368
0.000761777
0.000768403
0.000756116
0.000737782
0.000724942
0.000726287
0.000754692
0.000786042
0.000743888
0.000719209
0.00073054
0.000761048
0.00079342
0.00080294
0.000786667
0.000766047
0.000509543
0.000553743
0.00084894
0.000927618
0.000992364
0.00102422
0.00102956
0.00102223
0.00100531
0.000976801
0.000952849
0.000966139
0.000982322
0.00100637
0.00103618
0.0010681
0.00109188
0.0010804
0.0010165
0.00090051
0.000550698
0.0005965
0.000873826
0.00120668
0.00147093
0.00158857
0.00167181
0.00171184
0.00168613
0.00157907
0.00143921
0.0014524
0.00158569
0.00168196
0.00170787
0.00168412
0.00162647
0.00152958
0.0012915
0.000925937
0.000591524
0.000639623
0.000697886
0.000745429
0.000785997
0.00082426
0.00085869
0.000887647
0.000909197
0.000920539
0.000918996
0.00091462
0.000911085
0.000896014
0.000871892
0.000841805
0.00080769
0.000770394
0.000731015
0.000684985
0.000628467
0.000181208
0.000205376
0.000223004
0.000231714
0.000225094
0.000214802
0.000207887
0.000202695
0.000198439
0.000194548
0.000196377
0.000203163
0.000213215
0.000222888
0.000228998
0.000230637
0.000229101
0.000224649
0.000215924
0.000199901
0.000297365
0.000392735
0.000443952
0.0005044
0.000536906
0.00054731
0.000597282
0.000668383
0.000706789
0.000673374
0.000614506
0.0005888
0.00057223
0.000548596
0.000522857
0.000488813
0.00045162
0.00040924
0.000363514
0.000279782
0.000356393
0.000495377
0.000536422
0.000550432
0.000570487
0.000601133
0.000642147
0.000702502
0.000766331
0.000774945
0.000709177
0.000634843
0.00058865
0.000579098
0.000569444
0.000535649
0.000513556
0.000506539
0.000473576
0.000350104
0.000386842
0.000549818
0.00060401
0.000597326
0.000577174
0.000571386
0.000587498
0.000622446
0.000678717
0.000712944
0.000668072
0.00059962
0.000569789
0.000560178
0.00055227
0.000553451
0.000570796
0.000580712
0.000533691
0.000384164
0.000426499
0.000603634
0.00066421
0.000658667
0.000616774
0.000576536
0.000553932
0.000548099
0.000560809
0.000602018
0.000621187
0.000567443
0.000537386
0.000534273
0.000550069
0.000586026
0.000630529
0.000644861
0.000592628
0.00042352
0.000469783
0.000674043
0.000735296
0.000737227
0.000693668
0.000635626
0.000587031
0.000552845
0.000532501
0.000534723
0.000549368
0.000529352
0.000525701
0.000549326
0.000597361
0.000664201
0.000722166
0.000735519
0.000676548
0.000467329
0.000508546
0.000744381
0.000815394
0.000830623
0.000813734
0.000768122
0.000722139
0.000685027
0.000653758
0.000631055
0.000622207
0.000612461
0.000627397
0.000668385
0.000730621
0.00080294
0.000847895
0.000845092
0.000768026
0.000506067
0.000543781
0.000804436
0.00092634
0.00102331
0.00105989
0.00105105
0.00102686
0.000995034
0.000947961
0.000892675
0.000873029
0.000898162
0.000937819
0.000982323
0.00103349
0.0010804
0.00107807
0.00099175
0.000848174
0.000540441
0.000580679
0.000831658
0.00111098
0.00139596
0.00152058
0.00155977
0.00157286
0.00154363
0.00145511
0.00133694
0.00133842
0.00144226
0.00151916
0.00154728
0.00154734
0.00152958
0.00144725
0.00117321
0.000869547
0.00057574
0.000618756
0.000672449
0.000716561
0.000753094
0.000785147
0.000813162
0.000835905
0.000851403
0.000856883
0.00084988
0.000848211
0.000850286
0.00084085
0.000822474
0.000798341
0.000770394
0.000739145
0.000704022
0.00066129
0.000608994
0.000206093
0.000210916
0.000212757
0.000218948
0.000216778
0.000204488
0.000195713
0.00018988
0.00018523
0.000182079
0.000184986
0.00019284
0.000203689
0.000214167
0.000221077
0.000223912
0.000224649
0.00022356
0.000224902
0.000222315
0.000347397
0.000442268
0.000435188
0.000445414
0.000470399
0.000476286
0.000510647
0.000583546
0.000619082
0.000593723
0.000544857
0.000522503
0.000506776
0.000485364
0.000462166
0.000435775
0.00040924
0.000401056
0.000402724
0.00032973
0.000392948
0.000559775
0.000580309
0.000542171
0.000521818
0.000526088
0.000550869
0.000602754
0.000650131
0.000659095
0.000605687
0.00054627
0.000511873
0.000509732
0.000499763
0.000487333
0.000506539
0.000540959
0.000527217
0.000384592
0.000420631
0.000600412
0.000646212
0.000615572
0.000556316
0.00051786
0.000505804
0.000517976
0.000561442
0.000601639
0.000566923
0.000510491
0.000488877
0.000487369
0.000495665
0.000525945
0.000580712
0.000614714
0.000580476
0.000414607
0.000447884
0.000642376
0.000700178
0.000682458
0.000611208
0.000542632
0.00049714
0.00046991
0.000457408
0.00046486
0.000478021
0.000457834
0.000452903
0.000471102
0.000507451
0.000569614
0.000644861
0.000679206
0.000632708
0.000443027
0.000475798
0.000688844
0.000761288
0.000761057
0.000701464
0.000621665
0.000552549
0.000501364
0.000461379
0.000435537
0.000424918
0.000423144
0.000446245
0.000490873
0.000562113
0.000653652
0.000735519
0.00075709
0.000691962
0.000472069
0.000503349
0.000729978
0.000822494
0.000853852
0.000828986
0.000770093
0.000709678
0.000653487
0.000597764
0.000545434
0.000516082
0.000523788
0.00056193
0.000622825
0.000699701
0.000786667
0.000845092
0.000835737
0.000745625
0.000499858
0.000530333
0.00076359
0.000887368
0.000978466
0.00103689
0.00103593
0.00100861
0.000967795
0.000904342
0.000831114
0.000799547
0.000829131
0.000876023
0.000923891
0.000975232
0.0010165
0.00099175
0.000914656
0.000787048
0.000526276
0.000560266
0.00077818
0.000967578
0.00115163
0.00128879
0.00137405
0.00140576
0.00137698
0.00128965
0.0011834
0.00118168
0.00127384
0.00134446
0.00136324
0.00134719
0.0012915
0.00117321
0.000994471
0.000795623
0.00055493
0.000592495
0.000642238
0.000683245
0.000716162
0.000743793
0.000766735
0.000784281
0.000795004
0.000796532
0.000786734
0.00078744
0.000792904
0.0007875
0.000773587
0.000754254
0.000731015
0.000704022
0.000672245
0.000632481
0.000583989
0.000270229
0.000242789
0.000216046
0.000204284
0.000198486
0.000188705
0.000179425
0.000173918
0.000169355
0.000166835
0.00017061
0.000178711
0.000189004
0.000199194
0.000206743
0.000211703
0.000215924
0.000224902
0.000246974
0.000261336
0.000383363
0.000485705
0.000441748
0.000397242
0.000386026
0.000378192
0.000402962
0.000457911
0.000484619
0.000467711
0.000431701
0.00041581
0.000406693
0.0003889
0.000374798
0.000361452
0.000363514
0.000402724
0.000438797
0.000367185
0.000420321
0.000556795
0.000563539
0.000502185
0.000449494
0.0004267
0.000426217
0.00046384
0.000500529
0.000505535
0.000467057
0.000421717
0.000399624
0.000399629
0.00040501
0.000424417
0.000473576
0.000527217
0.000532536
0.000411149
0.000442795
0.000584941
0.000604875
0.000564216
0.000489905
0.000435536
0.000403154
0.000390215
0.000404366
0.000457371
0.0004423
0.00038682
0.000376961
0.000390937
0.000417978
0.000467347
0.000533691
0.000580476
0.000570129
0.000435527
0.000460783
0.000617116
0.000650026
0.000622982
0.000557854
0.00048404
0.000433462
0.00039672
0.000371113
0.000357382
0.000349505
0.000349318
0.00036928
0.000403838
0.00045022
0.000520568
0.000592628
0.000632708
0.000609054
0.000454642
0.000477293
0.000652192
0.00070187
0.000701515
0.000667543
0.000599245
0.000530125
0.000480648
0.000441349
0.00041371
0.000400195
0.000405478
0.00042922
0.000471195
0.000543606
0.000622243
0.000676548
0.000691962
0.00064966
0.000471926
0.000494108
0.000684067
0.000750291
0.000785976
0.0008034
0.000792175
0.000747796
0.00068289
0.000615868
0.000558268
0.000536245
0.00056551
0.000617142
0.000683599
0.000736266
0.000766047
0.000768026
0.000745625
0.000685307
0.000489031
0.000511906
0.000709538
0.000787252
0.000856853
0.000925649
0.000965802
0.00097453
0.000958316
0.000922491
0.00088165
0.000860824
0.000877623
0.000903571
0.000921417
0.000923336
0.00090051
0.000848174
0.000787048
0.000712698
0.000506529
0.000533334
0.000703863
0.000794629
0.000872443
0.000937781
0.000980569
0.000992447
0.000976728
0.000932541
0.000877335
0.000873024
0.000916406
0.000950912
0.000963508
0.00095704
0.000925937
0.000869547
0.000795623
0.000703702
0.000527264
0.000557762
0.000604195
0.000642267
0.000671721
0.000695539
0.000714431
0.000728085
0.000735535
0.000735245
0.000725949
0.000727907
0.000733622
0.000730546
0.000720161
0.000704628
0.000684985
0.00066129
0.000632481
0.00059533
0.000550131
0.000318135
0.000270227
0.000219233
0.000188744
0.000173032
0.000163197
0.00015585
0.000151353
0.000147809
0.000146083
0.000150354
0.000157025
0.00016406
0.000171294
0.000179212
0.000188274
0.000199901
0.000222315
0.000261336
0.000297733
0.000403406
0.000380944
0.000341852
0.000297411
0.000250204
0.000194512
0.000173091
0.000169753
0.000168385
0.000166277
0.000163808
0.000163533
0.000168056
0.000182573
0.000202624
0.000229861
0.000279782
0.00032973
0.000367185
0.00039034
0.000433012
0.00041808
0.000390453
0.000352884
0.000311901
0.000272701
0.000228871
0.000186398
0.000184411
0.000182095
0.00017761
0.000179299
0.000184656
0.000210384
0.000259714
0.000308441
0.000350104
0.000384592
0.000411149
0.000424744
0.000449297
0.000441579
0.000418768
0.000386624
0.000347285
0.000306296
0.00027398
0.000246635
0.000221827
0.000198642
0.000195768
0.000213779
0.000242198
0.000277616
0.000314255
0.000349953
0.000384164
0.000414607
0.000435527
0.000442061
0.000460566
0.000460997
0.000448257
0.000428369
0.000405395
0.000382426
0.000359902
0.000341914
0.000329437
0.000319134
0.000314351
0.00032372
0.000338279
0.000356309
0.000377638
0.000400825
0.00042352
0.000443027
0.000454642
0.000453553
0.000469866
0.000479014
0.000478593
0.000473262
0.000465971
0.000457341
0.000447871
0.000437856
0.000427688
0.000418525
0.000418744
0.000427709
0.000436614
0.000444977
0.000453069
0.000460709
0.000467329
0.000472069
0.000471926
0.000462816
0.000478826
0.000496703
0.000507147
0.000512727
0.000515332
0.000514914
0.000511375
0.000504982
0.000496367
0.000487457
0.000489551
0.000498247
0.000504771
0.000508832
0.000510439
0.000509543
0.000506067
0.000499858
0.000489031
0.000471748
0.000488417
0.000514532
0.00053408
0.000547769
0.000557184
0.000562473
0.000563377
0.000559857
0.000552035
0.000541895
0.000544639
0.000553812
0.000559041
0.000560062
0.00055729
0.000550698
0.000540441
0.000526276
0.000506529
0.000481247
0.000500071
0.000535347
0.000562954
0.000583521
0.000598846
0.000608936
0.00061342
0.000612354
0.000605238
0.000593338
0.000596526
0.000606491
0.000610565
0.00060892
0.00060255
0.000591524
0.00057574
0.00055493
0.000527264
0.000492685
0.000515502
0.000559033
0.000593117
0.000618011
0.000636943
0.000650939
0.000660209
0.000664339
0.000662425
0.000653438
0.00065627
0.000662368
0.000661442
0.000654768
0.000643624
0.000628467
0.000608994
0.000583989
0.000550131
0.000507595
)
;

boundaryField
{
    floor
    {
        type            nutkWallFunction;
        Cmu             0.09;
        kappa           0.41;
        E               9.8;
        value           nonuniform List<scalar> 
400
(
4.41181e-05
4.01524e-05
3.3273e-05
2.55567e-05
1.94599e-05
1.71804e-05
1.53429e-05
1.44041e-05
1.37844e-05
1.32383e-05
1.26794e-05
1.21852e-05
1.28845e-05
1.40187e-05
1.52632e-05
1.66927e-05
1.68355e-05
1.99812e-05
2.842e-05
3.4844e-05
4.01524e-05
3.78847e-05
3.12023e-05
2.51443e-05
2.17456e-05
2.1265e-05
1.99169e-05
1.84296e-05
1.72382e-05
1.63274e-05
1.5475e-05
1.50488e-05
1.62531e-05
1.80169e-05
1.99201e-05
2.10776e-05
2.05041e-05
2.10517e-05
2.52214e-05
2.85588e-05
3.3273e-05
3.12023e-05
2.69643e-05
2.37957e-05
2.33009e-05
2.34745e-05
2.22123e-05
2.07612e-05
1.94437e-05
1.85602e-05
1.76214e-05
1.72603e-05
1.85748e-05
2.04011e-05
2.22839e-05
2.3482e-05
2.2948e-05
2.15186e-05
2.16604e-05
2.17525e-05
2.55567e-05
2.51443e-05
2.37957e-05
2.3819e-05
2.48724e-05
2.44979e-05
2.34534e-05
2.22063e-05
2.10409e-05
2.03819e-05
1.94129e-05
1.90536e-05
2.01991e-05
2.1749e-05
2.32325e-05
2.41494e-05
2.40782e-05
2.24596e-05
2.02303e-05
1.78112e-05
1.94599e-05
2.17456e-05
2.33009e-05
2.48724e-05
2.52445e-05
2.47789e-05
2.41053e-05
2.31793e-05
2.24259e-05
2.21023e-05
2.10876e-05
2.06499e-05
2.14513e-05
2.25122e-05
2.32974e-05
2.34459e-05
2.30763e-05
2.19211e-05
1.94221e-05
1.56666e-05
1.71804e-05
2.1265e-05
2.34745e-05
2.44979e-05
2.47789e-05
2.47234e-05
2.44284e-05
2.40546e-05
2.38598e-05
2.39361e-05
2.28544e-05
2.22311e-05
2.25695e-05
2.30664e-05
2.32058e-05
2.27416e-05
2.17216e-05
2.02031e-05
1.79169e-05
1.42128e-05
1.53429e-05
1.99169e-05
2.22123e-05
2.34534e-05
2.41053e-05
2.44284e-05
2.46344e-05
2.49358e-05
2.54128e-05
2.6079e-05
2.49435e-05
2.39679e-05
2.38006e-05
2.36138e-05
2.30669e-05
2.21496e-05
2.08256e-05
1.90517e-05
1.66583e-05
1.31473e-05
1.44041e-05
1.84296e-05
2.07612e-05
2.22063e-05
2.31793e-05
2.40546e-05
2.49358e-05
2.59369e-05
2.71004e-05
2.84367e-05
2.74177e-05
2.59559e-05
2.51558e-05
2.42333e-05
2.30662e-05
2.17004e-05
2.01226e-05
1.82569e-05
1.58928e-05
1.24849e-05
1.37844e-05
1.72382e-05
1.94437e-05
2.10409e-05
2.24259e-05
2.38598e-05
2.54128e-05
2.71004e-05
2.88102e-05
3.13809e-05
3.00422e-05
2.76626e-05
2.63203e-05
2.4666e-05
2.29457e-05
2.12414e-05
1.9502e-05
1.75824e-05
1.5229e-05
1.19521e-05
1.32383e-05
1.63274e-05
1.85602e-05
2.03819e-05
2.21023e-05
2.39361e-05
2.6079e-05
2.84367e-05
3.13809e-05
2.39551e-05
2.22077e-05
2.95868e-05
2.66903e-05
2.45686e-05
2.25532e-05
2.06674e-05
1.88669e-05
1.70092e-05
1.475e-05
1.16312e-05
1.26794e-05
1.5475e-05
1.76214e-05
1.94129e-05
2.10876e-05
2.28544e-05
2.49435e-05
2.74177e-05
3.00422e-05
2.22077e-05
2.0543e-05
2.82552e-05
2.57576e-05
2.40177e-05
2.23458e-05
2.0742e-05
1.91305e-05
1.74141e-05
1.52721e-05
1.22376e-05
1.21852e-05
1.50488e-05
1.72603e-05
1.90536e-05
2.06499e-05
2.22311e-05
2.39679e-05
2.59559e-05
2.76626e-05
2.95868e-05
2.82552e-05
2.62393e-05
2.50744e-05
2.38657e-05
2.26528e-05
2.14112e-05
2.00735e-05
1.85279e-05
1.64351e-05
1.32254e-05
1.28845e-05
1.62531e-05
1.85748e-05
2.01991e-05
2.14513e-05
2.25695e-05
2.38006e-05
2.51558e-05
2.63203e-05
2.66903e-05
2.57576e-05
2.50744e-05
2.45293e-05
2.39351e-05
2.32594e-05
2.24572e-05
2.14824e-05
2.00843e-05
1.7936e-05
1.42711e-05
1.40187e-05
1.80169e-05
2.04011e-05
2.1749e-05
2.25122e-05
2.30664e-05
2.36138e-05
2.42333e-05
2.4666e-05
2.45686e-05
2.40177e-05
2.38657e-05
2.39351e-05
2.39828e-05
2.39115e-05
2.35696e-05
2.28485e-05
2.15901e-05
1.94222e-05
1.53196e-05
1.52632e-05
1.99201e-05
2.22839e-05
2.32325e-05
2.32974e-05
2.32058e-05
2.30669e-05
2.30662e-05
2.29457e-05
2.25532e-05
2.23458e-05
2.26528e-05
2.32594e-05
2.39115e-05
2.42904e-05
2.42427e-05
2.37154e-05
2.25884e-05
2.05172e-05
1.64372e-05
1.66927e-05
2.10776e-05
2.3482e-05
2.41494e-05
2.34459e-05
2.27416e-05
2.21496e-05
2.17004e-05
2.12414e-05
2.06674e-05
2.0742e-05
2.14112e-05
2.24572e-05
2.35696e-05
2.42427e-05
2.43745e-05
2.39653e-05
2.30061e-05
2.12237e-05
1.77187e-05
1.68355e-05
2.05041e-05
2.2948e-05
2.40782e-05
2.30763e-05
2.17216e-05
2.08256e-05
2.01226e-05
1.9502e-05
1.88669e-05
1.91305e-05
2.00735e-05
2.14824e-05
2.28485e-05
2.37154e-05
2.39653e-05
2.37497e-05
2.3112e-05
2.18459e-05
1.94294e-05
1.99812e-05
2.10517e-05
2.15186e-05
2.24596e-05
2.19211e-05
2.02031e-05
1.90517e-05
1.82569e-05
1.75824e-05
1.70092e-05
1.74141e-05
1.85279e-05
2.00843e-05
2.15901e-05
2.25884e-05
2.30061e-05
2.3112e-05
2.29737e-05
2.3061e-05
2.24515e-05
2.842e-05
2.52214e-05
2.16604e-05
2.02303e-05
1.94221e-05
1.79169e-05
1.66583e-05
1.58928e-05
1.5229e-05
1.475e-05
1.52721e-05
1.64351e-05
1.7936e-05
1.94222e-05
2.05172e-05
2.12237e-05
2.18459e-05
2.3061e-05
2.58037e-05
2.74391e-05
3.4844e-05
2.85587e-05
2.17525e-05
1.78112e-05
1.56666e-05
1.42128e-05
1.31473e-05
1.24849e-05
1.19521e-05
1.16312e-05
1.22376e-05
1.32254e-05
1.42712e-05
1.53196e-05
1.64372e-05
1.77187e-05
1.94294e-05
2.24515e-05
2.74391e-05
3.20725e-05
)
;
    }
    ceiling
    {
        type            nutkWallFunction;
        Cmu             0.09;
        kappa           0.41;
        E               9.8;
        value           nonuniform List<scalar> 
400
(
6.38014e-05
6.9275e-05
7.35534e-05
7.66775e-05
7.90935e-05
8.09491e-05
8.22657e-05
8.29656e-05
8.28832e-05
8.15749e-05
8.13942e-05
8.21568e-05
8.207e-05
8.11959e-05
7.9688e-05
7.76294e-05
7.50103e-05
7.16968e-05
6.72848e-05
6.18714e-05
6.9275e-05
7.50093e-05
7.96719e-05
8.32775e-05
8.62544e-05
8.87218e-05
9.06379e-05
9.18261e-05
9.20218e-05
9.08017e-05
9.06585e-05
9.13961e-05
9.10196e-05
8.96578e-05
8.7564e-05
8.491e-05
8.17578e-05
7.79936e-05
7.3221e-05
6.75056e-05
7.35534e-05
7.96719e-05
8.46461e-05
8.86204e-05
9.20213e-05
9.49763e-05
9.7415e-05
9.90716e-05
9.95583e-05
9.8374e-05
9.82143e-05
9.89596e-05
9.8291e-05
9.64949e-05
9.39151e-05
9.0796e-05
8.72524e-05
8.31394e-05
7.80428e-05
7.18694e-05
7.66775e-05
8.32775e-05
8.86204e-05
9.30097e-05
9.69246e-05
0.000100496
0.000103586
0.000105874
0.0001069
0.000106188
0.000105815
0.000106099
0.000104958
0.000102631
9.94675e-05
9.57948e-05
9.17838e-05
8.72532e-05
8.17561e-05
7.5041e-05
7.90935e-05
8.62544e-05
9.20213e-05
9.69246e-05
0.000101645
0.000106036
0.000109899
0.000112934
0.000114718
0.000114809
0.000114155
0.000113631
0.000111752
0.00010874
0.000104894
0.000100494
9.57487e-05
9.06964e-05
8.47486e-05
7.74458e-05
8.09491e-05
8.87218e-05
9.49763e-05
0.000100496
0.000106036
0.000111241
0.000115952
0.000119929
0.000122837
0.00012425
0.000123243
0.000121357
0.000118354
0.000114449
0.000109832
0.000104698
9.91974e-05
9.3545e-05
8.71148e-05
7.92205e-05
8.22657e-05
9.06379e-05
9.7415e-05
0.000103586
0.000109899
0.000115952
0.000121665
0.000126945
0.000131669
0.00013544
0.000133978
0.000129698
0.000124884
0.000119706
0.000114137
0.00010821
0.00010198
9.57129e-05
8.88203e-05
8.03962e-05
8.29656e-05
9.18261e-05
9.90716e-05
0.000105874
0.000112934
0.000119929
0.000126945
0.000134181
0.000141817
0.000149358
0.000147383
0.000139206
0.000131507
0.000124439
0.000117628
0.000110809
0.000103868
9.70372e-05
8.97536e-05
8.0926e-05
8.28832e-05
9.20218e-05
9.95583e-05
0.0001069
0.000114718
0.000122837
0.000131669
0.000141817
0.000153635
0.000165126
0.000162921
0.000150185
0.000138322
0.000128493
0.000120023
0.000112184
0.000104545
9.7239e-05
8.97321e-05
8.06995e-05
8.15749e-05
9.08017e-05
9.8374e-05
0.000106188
0.000114809
0.00012425
0.00013544
0.000149358
0.000165126
0.000168329
0.000168475
0.000161004
0.000144884
0.000131486
0.00012097
0.000112036
0.000103737
9.60759e-05
8.86106e-05
7.95941e-05
8.13942e-05
9.06585e-05
9.82143e-05
0.000105815
0.000114155
0.000123243
0.000133978
0.000147383
0.000162921
0.000168475
0.000167132
0.000158215
0.000142726
0.000130121
0.000120156
0.000111584
0.000103581
9.61866e-05
8.88561e-05
7.99324e-05
8.21568e-05
9.13961e-05
9.89596e-05
0.000106099
0.000113631
0.000121357
0.000129698
0.000139206
0.000150185
0.000161004
0.000158215
0.000146402
0.000135679
0.000126626
0.000118615
0.00011111
0.00010378
9.67994e-05
8.95132e-05
8.06531e-05
8.207e-05
9.10196e-05
9.8291e-05
0.000104958
0.000111752
0.000118354
0.000124884
0.000131507
0.000138322
0.000144884
0.000142726
0.000135679
0.000128883
0.000122323
0.000115823
0.000109286
0.000102627
9.61279e-05
8.91193e-05
8.05216e-05
8.11959e-05
8.96578e-05
9.64949e-05
0.000102631
0.00010874
0.000114449
0.000119706
0.000124439
0.000128493
0.000131486
0.000130121
0.000126626
0.000122323
0.000117418
0.00011207
0.000106391
0.00010041
9.4433e-05
8.78379e-05
7.9682e-05
7.9688e-05
8.7564e-05
9.39151e-05
9.94675e-05
0.000104894
0.000109832
0.000114137
0.000117628
0.000120023
0.00012097
0.000120156
0.000118615
0.000115823
0.00011207
0.000107656
0.000102772
9.74904e-05
9.20754e-05
8.59214e-05
7.82846e-05
7.76294e-05
8.491e-05
9.0796e-05
9.57948e-05
0.000100494
0.000104698
0.00010821
0.000110809
0.000112184
0.000112036
0.000111584
0.00011111
0.000109286
0.000106391
0.000102772
9.86393e-05
9.40825e-05
8.92173e-05
8.34834e-05
7.63782e-05
7.50103e-05
8.17578e-05
8.72524e-05
9.17838e-05
9.57487e-05
9.91974e-05
0.00010198
0.000103868
0.000104545
0.000103737
0.000103581
0.00010378
0.000102627
0.00010041
9.74904e-05
9.40825e-05
9.02385e-05
8.5871e-05
8.05219e-05
7.39166e-05
7.16968e-05
7.79936e-05
8.31394e-05
8.72532e-05
9.06964e-05
9.3545e-05
9.57129e-05
9.70372e-05
9.7239e-05
9.60759e-05
9.61866e-05
9.67994e-05
9.61279e-05
9.4433e-05
9.20754e-05
8.92173e-05
8.5871e-05
8.18995e-05
7.68957e-05
7.07381e-05
6.72848e-05
7.3221e-05
7.80428e-05
8.17561e-05
8.47486e-05
8.71148e-05
8.88203e-05
8.97536e-05
8.97321e-05
8.86106e-05
8.88561e-05
8.95132e-05
8.91193e-05
8.78379e-05
8.59214e-05
8.34834e-05
8.05219e-05
7.68957e-05
7.21885e-05
6.64088e-05
6.18714e-05
6.75056e-05
7.18694e-05
7.5041e-05
7.74458e-05
7.92205e-05
8.03962e-05
8.0926e-05
8.06995e-05
7.95941e-05
7.99324e-05
8.06531e-05
8.05216e-05
7.9682e-05
7.82846e-05
7.63782e-05
7.39166e-05
7.07381e-05
6.64088e-05
6.09207e-05
)
;
    }
    fixedWalls
    {
        type            nutkWallFunction;
        Cmu             0.09;
        kappa           0.41;
        E               9.8;
        value           nonuniform List<scalar> 
800
(
4.41068e-05
5.03782e-05
5.3369e-05
5.52113e-05
5.65892e-05
5.77925e-05
5.89785e-05
6.02479e-05
6.17818e-05
6.37951e-05
4.01405e-05
4.80404e-05
5.18e-05
5.44915e-05
5.67979e-05
5.90095e-05
6.12047e-05
6.34808e-05
6.61974e-05
6.92699e-05
3.32602e-05
4.40699e-05
4.82025e-05
5.16937e-05
5.52767e-05
5.89552e-05
6.24353e-05
6.58232e-05
6.95694e-05
7.35491e-05
2.5543e-05
3.82286e-05
4.34792e-05
4.74574e-05
5.28194e-05
5.82207e-05
6.29962e-05
6.7386e-05
7.20042e-05
7.66738e-05
1.94454e-05
3.24036e-05
3.76204e-05
4.23213e-05
4.99464e-05
5.71853e-05
6.31685e-05
6.84335e-05
7.37901e-05
7.90903e-05
1.71652e-05
2.43972e-05
3.20367e-05
3.65415e-05
4.70059e-05
5.59603e-05
6.29959e-05
6.90096e-05
7.49835e-05
8.09462e-05
1.53273e-05
1.70767e-05
2.58192e-05
3.10983e-05
4.4185e-05
5.45959e-05
6.24807e-05
6.91081e-05
7.55988e-05
8.22631e-05
1.43884e-05
1.57608e-05
1.83743e-05
2.53598e-05
4.13699e-05
5.31357e-05
6.16411e-05
6.87086e-05
7.55839e-05
8.29632e-05
1.37687e-05
1.56819e-05
1.74961e-05
2.077e-05
3.84614e-05
5.16086e-05
6.04932e-05
6.77577e-05
7.47952e-05
8.28807e-05
1.32224e-05
1.57619e-05
1.77349e-05
1.96597e-05
3.55045e-05
5.00425e-05
5.90483e-05
6.61963e-05
7.3038e-05
8.15722e-05
1.26634e-05
1.54453e-05
1.72913e-05
1.98587e-05
3.39557e-05
4.9664e-05
5.89381e-05
6.61078e-05
7.29403e-05
8.13915e-05
1.2169e-05
1.46144e-05
1.67404e-05
2.14594e-05
3.54962e-05
5.06288e-05
5.9855e-05
6.71115e-05
7.41069e-05
8.21542e-05
1.28685e-05
1.47941e-05
1.83389e-05
2.50977e-05
3.81934e-05
5.17606e-05
6.06662e-05
6.77839e-05
7.46677e-05
8.20674e-05
1.4003e-05
1.61706e-05
2.26011e-05
2.96728e-05
4.11175e-05
5.28686e-05
6.11869e-05
6.79222e-05
7.44624e-05
8.11931e-05
1.52478e-05
1.85239e-05
2.8826e-05
3.44725e-05
4.39766e-05
5.39236e-05
6.14008e-05
6.75535e-05
7.35982e-05
7.96849e-05
1.66776e-05
2.49462e-05
3.49046e-05
3.98498e-05
4.70349e-05
5.49384e-05
6.13077e-05
6.67165e-05
7.21523e-05
7.76259e-05
1.68206e-05
3.24519e-05
4.08548e-05
4.49564e-05
5.02017e-05
5.58806e-05
6.09157e-05
6.54479e-05
7.01562e-05
7.50063e-05
1.99669e-05
3.9372e-05
4.5686e-05
4.93952e-05
5.29985e-05
5.66527e-05
6.02381e-05
6.37245e-05
6.75658e-05
7.16921e-05
2.84067e-05
4.42195e-05
4.9271e-05
5.22659e-05
5.46482e-05
5.68243e-05
5.90283e-05
6.13485e-05
6.41274e-05
6.72793e-05
3.48315e-05
4.69202e-05
5.09357e-05
5.31106e-05
5.46132e-05
5.58541e-05
5.70471e-05
5.83185e-05
5.9852e-05
6.18647e-05
3.48314e-05
4.69202e-05
5.09357e-05
5.31106e-05
5.46132e-05
5.58541e-05
5.70471e-05
5.83185e-05
5.9852e-05
6.18647e-05
2.85454e-05
4.39885e-05
4.90642e-05
5.21956e-05
5.4764e-05
5.71318e-05
5.9445e-05
6.17659e-05
6.44581e-05
6.75001e-05
2.17384e-05
3.88986e-05
4.55187e-05
4.93285e-05
5.32194e-05
5.7174e-05
6.08716e-05
6.43401e-05
6.80364e-05
7.18647e-05
1.77964e-05
3.27378e-05
4.06558e-05
4.52029e-05
5.07342e-05
5.65736e-05
6.16584e-05
6.61445e-05
7.06949e-05
7.5037e-05
1.56513e-05
2.60291e-05
3.50856e-05
4.01068e-05
4.78229e-05
5.57052e-05
6.205e-05
6.73923e-05
7.26767e-05
7.74422e-05
1.4197e-05
1.84962e-05
2.97059e-05
3.4609e-05
4.49089e-05
5.46482e-05
6.20435e-05
6.81098e-05
7.39884e-05
7.92173e-05
1.31312e-05
1.56865e-05
2.34042e-05
3.01511e-05
4.20642e-05
5.34526e-05
6.16213e-05
6.82499e-05
7.45791e-05
8.03933e-05
1.24688e-05
1.51518e-05
1.74757e-05
2.63275e-05
3.96682e-05
5.21489e-05
6.08082e-05
6.78121e-05
7.44573e-05
8.09231e-05
1.1936e-05
1.49674e-05
1.72476e-05
2.27114e-05
3.78599e-05
5.07756e-05
5.96795e-05
6.68088e-05
7.35616e-05
8.06966e-05
1.16151e-05
1.46816e-05
1.69005e-05
1.92606e-05
3.61679e-05
4.947e-05
5.84787e-05
6.54908e-05
7.20513e-05
7.9591e-05
1.22216e-05
1.42909e-05
1.62276e-05
1.86579e-05
3.5159e-05
4.9302e-05
5.86457e-05
6.57783e-05
7.24137e-05
7.99293e-05
1.32096e-05
1.42262e-05
1.644e-05
2.12755e-05
3.62871e-05
5.04201e-05
5.97262e-05
6.69103e-05
7.36286e-05
8.06502e-05
1.42555e-05
1.48769e-05
1.72121e-05
2.53693e-05
3.82786e-05
5.15858e-05
6.05551e-05
6.7561e-05
7.41262e-05
8.05186e-05
1.53041e-05
1.69078e-05
2.08289e-05
3.0347e-05
4.08292e-05
5.2708e-05
6.10798e-05
6.76858e-05
7.39145e-05
7.96789e-05
1.64219e-05
1.96919e-05
2.75991e-05
3.54063e-05
4.38051e-05
5.37982e-05
6.12899e-05
6.73296e-05
7.3108e-05
7.82813e-05
1.77037e-05
2.34027e-05
3.43341e-05
4.02127e-05
4.69397e-05
5.48104e-05
6.11726e-05
6.64807e-05
7.17014e-05
7.63744e-05
1.94148e-05
3.01182e-05
4.00283e-05
4.47495e-05
4.99381e-05
5.56717e-05
6.07152e-05
6.51567e-05
6.9684e-05
7.39124e-05
2.24374e-05
3.6926e-05
4.4658e-05
4.87253e-05
5.24749e-05
5.62732e-05
5.98971e-05
6.33231e-05
6.70157e-05
7.07332e-05
2.74257e-05
4.20099e-05
4.81463e-05
5.14209e-05
5.39526e-05
5.62297e-05
5.84731e-05
6.07595e-05
6.34521e-05
6.64031e-05
3.20596e-05
4.51289e-05
4.99244e-05
5.22587e-05
5.37912e-05
5.5022e-05
5.62068e-05
5.7463e-05
5.89673e-05
6.09138e-05
4.41068e-05
5.03782e-05
5.3369e-05
5.52113e-05
5.65892e-05
5.77925e-05
5.89785e-05
6.02479e-05
6.17818e-05
6.37951e-05
4.01405e-05
4.80404e-05
5.18e-05
5.44915e-05
5.67979e-05
5.90095e-05
6.12047e-05
6.34808e-05
6.61974e-05
6.92699e-05
3.32602e-05
4.40699e-05
4.82025e-05
5.16937e-05
5.52767e-05
5.89552e-05
6.24353e-05
6.58232e-05
6.95694e-05
7.35491e-05
2.5543e-05
3.82286e-05
4.34792e-05
4.74574e-05
5.28194e-05
5.82207e-05
6.29962e-05
6.7386e-05
7.20042e-05
7.66738e-05
1.94454e-05
3.24036e-05
3.76204e-05
4.23213e-05
4.99464e-05
5.71853e-05
6.31685e-05
6.84335e-05
7.37901e-05
7.90903e-05
1.71652e-05
2.43972e-05
3.20368e-05
3.65415e-05
4.70059e-05
5.59603e-05
6.29959e-05
6.90096e-05
7.49835e-05
8.09462e-05
1.53273e-05
1.70767e-05
2.58192e-05
3.10983e-05
4.4185e-05
5.45959e-05
6.24807e-05
6.91081e-05
7.55988e-05
8.22631e-05
1.43884e-05
1.57608e-05
1.83743e-05
2.53598e-05
4.13699e-05
5.31357e-05
6.16411e-05
6.87086e-05
7.55839e-05
8.29632e-05
1.37687e-05
1.56819e-05
1.74961e-05
2.077e-05
3.84614e-05
5.16086e-05
6.04932e-05
6.77577e-05
7.47952e-05
8.28807e-05
1.32224e-05
1.57619e-05
1.77349e-05
1.96597e-05
3.55045e-05
5.00425e-05
5.90483e-05
6.61963e-05
7.3038e-05
8.15722e-05
1.26634e-05
1.54453e-05
1.72913e-05
1.98587e-05
3.39557e-05
4.9664e-05
5.89381e-05
6.61078e-05
7.29403e-05
8.13915e-05
1.2169e-05
1.46144e-05
1.67404e-05
2.14594e-05
3.54962e-05
5.06288e-05
5.9855e-05
6.71115e-05
7.41069e-05
8.21542e-05
1.28685e-05
1.47941e-05
1.83389e-05
2.50977e-05
3.81934e-05
5.17606e-05
6.06662e-05
6.77839e-05
7.46677e-05
8.20674e-05
1.4003e-05
1.61706e-05
2.26011e-05
2.96728e-05
4.11175e-05
5.28686e-05
6.11869e-05
6.79222e-05
7.44624e-05
8.11931e-05
1.52478e-05
1.85239e-05
2.8826e-05
3.44725e-05
4.39766e-05
5.39236e-05
6.14008e-05
6.75535e-05
7.35982e-05
7.96849e-05
1.66776e-05
2.49462e-05
3.49046e-05
3.98498e-05
4.70349e-05
5.49384e-05
6.13077e-05
6.67165e-05
7.21523e-05
7.76259e-05
1.68206e-05
3.24519e-05
4.08548e-05
4.49564e-05
5.02017e-05
5.58806e-05
6.09157e-05
6.54479e-05
7.01562e-05
7.50063e-05
1.99669e-05
3.9372e-05
4.5686e-05
4.93952e-05
5.29985e-05
5.66527e-05
6.02381e-05
6.37245e-05
6.75658e-05
7.16921e-05
2.84067e-05
4.42195e-05
4.9271e-05
5.22659e-05
5.46482e-05
5.68243e-05
5.90283e-05
6.13485e-05
6.41274e-05
6.72793e-05
3.48314e-05
4.69202e-05
5.09357e-05
5.31106e-05
5.46132e-05
5.58541e-05
5.70471e-05
5.83185e-05
5.9852e-05
6.18647e-05
3.48315e-05
4.69202e-05
5.09357e-05
5.31106e-05
5.46132e-05
5.58541e-05
5.70471e-05
5.83185e-05
5.9852e-05
6.18647e-05
2.85454e-05
4.39885e-05
4.90642e-05
5.21956e-05
5.4764e-05
5.71318e-05
5.9445e-05
6.17659e-05
6.44581e-05
6.75001e-05
2.17384e-05
3.88986e-05
4.55187e-05
4.93285e-05
5.32194e-05
5.7174e-05
6.08716e-05
6.43401e-05
6.80364e-05
7.18647e-05
1.77964e-05
3.27378e-05
4.06558e-05
4.52029e-05
5.07342e-05
5.65736e-05
6.16584e-05
6.61445e-05
7.06949e-05
7.5037e-05
1.56513e-05
2.60291e-05
3.50856e-05
4.01068e-05
4.78229e-05
5.57052e-05
6.205e-05
6.73923e-05
7.26767e-05
7.74422e-05
1.4197e-05
1.84962e-05
2.97059e-05
3.4609e-05
4.49089e-05
5.46482e-05
6.20435e-05
6.81098e-05
7.39884e-05
7.92173e-05
1.31312e-05
1.56865e-05
2.34043e-05
3.01511e-05
4.20643e-05
5.34526e-05
6.16213e-05
6.82499e-05
7.45791e-05
8.03933e-05
1.24688e-05
1.51518e-05
1.74757e-05
2.63275e-05
3.96682e-05
5.21489e-05
6.08082e-05
6.78121e-05
7.44573e-05
8.09231e-05
1.1936e-05
1.49674e-05
1.72476e-05
2.27114e-05
3.78599e-05
5.07756e-05
5.96795e-05
6.68088e-05
7.35616e-05
8.06966e-05
1.16151e-05
1.46816e-05
1.69005e-05
1.92606e-05
3.61679e-05
4.947e-05
5.84787e-05
6.54908e-05
7.20513e-05
7.9591e-05
1.22216e-05
1.42909e-05
1.62276e-05
1.86579e-05
3.5159e-05
4.9302e-05
5.86457e-05
6.57783e-05
7.24137e-05
7.99293e-05
1.32096e-05
1.42262e-05
1.644e-05
2.12755e-05
3.62871e-05
5.04201e-05
5.97262e-05
6.69103e-05
7.36286e-05
8.06502e-05
1.42555e-05
1.48769e-05
1.72121e-05
2.53693e-05
3.82786e-05
5.15858e-05
6.05551e-05
6.7561e-05
7.41262e-05
8.05186e-05
1.53041e-05
1.69078e-05
2.08289e-05
3.0347e-05
4.08292e-05
5.2708e-05
6.10798e-05
6.76858e-05
7.39145e-05
7.96789e-05
1.64219e-05
1.96919e-05
2.75991e-05
3.54063e-05
4.38051e-05
5.37982e-05
6.12899e-05
6.73296e-05
7.3108e-05
7.82813e-05
1.77037e-05
2.34027e-05
3.43341e-05
4.02127e-05
4.69397e-05
5.48104e-05
6.11726e-05
6.64807e-05
7.17014e-05
7.63744e-05
1.94148e-05
3.01182e-05
4.00283e-05
4.47495e-05
4.99381e-05
5.56717e-05
6.07152e-05
6.51567e-05
6.9684e-05
7.39124e-05
2.24374e-05
3.6926e-05
4.4658e-05
4.87253e-05
5.24749e-05
5.62732e-05
5.98971e-05
6.33231e-05
6.70157e-05
7.07332e-05
2.74257e-05
4.20099e-05
4.81463e-05
5.14209e-05
5.39526e-05
5.62297e-05
5.84731e-05
6.07595e-05
6.34521e-05
6.64031e-05
3.20596e-05
4.51289e-05
4.99244e-05
5.22587e-05
5.37912e-05
5.5022e-05
5.62068e-05
5.7463e-05
5.89673e-05
6.09138e-05
)
;
    }
}


// ************************************************************************* //
