/*--------------------------------*- C++ -*----------------------------------*\
  =========                 |
  \\      /  F ield         | OpenFOAM: The Open Source CFD Toolbox
   \\    /   O peration     | Website:  https://openfoam.org
    \\  /    A nd           | Version:  9
     \\/     M anipulation  |
\*---------------------------------------------------------------------------*/
FoamFile
{
    format      ascii;
    class       volScalarField;
    location    "1150";
    object      alphat;
}
// * * * * * * * * * * * * * * * * * * * * * * * * * * * * * * * * * * * * * //

dimensions      [1 -1 -1 0 0 0 0];

internalField   nonuniform List<scalar> 
4000
(
0.000369516
0.000333862
0.000277736
0.000224168
0.00019447
0.000172583
0.000156785
0.000146669
0.000139355
0.000134305
0.000132061
0.000132459
0.000136266
0.000143878
0.000158155
0.000174085
0.000184856
0.000237529
0.000314853
0.000357434
0.000438009
0.000420295
0.00038955
0.000346094
0.000290696
0.000218005
0.000172556
0.000164069
0.000162162
0.000163734
0.000164483
0.000163041
0.000163798
0.000170582
0.000209118
0.00029137
0.00034171
0.000386716
0.000415372
0.000430682
0.00046276
0.000451275
0.000424501
0.000388894
0.000345898
0.000298289
0.000253128
0.000201337
0.000177981
0.000183462
0.000182794
0.000178689
0.000189785
0.00024718
0.000294199
0.000338424
0.00038387
0.000419779
0.000445347
0.000455188
0.000476692
0.000471916
0.000451002
0.000419027
0.000381504
0.000343954
0.000309212
0.000274867
0.000243416
0.000219865
0.000210709
0.00021924
0.000256122
0.00029549
0.000333589
0.000374802
0.000413253
0.00044555
0.000465152
0.000468829
0.000486633
0.000489349
0.000478595
0.000460779
0.000440529
0.000420889
0.000402752
0.000385653
0.000370397
0.000357731
0.000348888
0.000355741
0.000371615
0.000389944
0.000409329
0.000430985
0.000452835
0.000471186
0.000481224
0.000478368
0.000495236
0.000506107
0.000507178
0.00050304
0.000496622
0.000488743
0.00047946
0.00046911
0.000458249
0.000448192
0.000444016
0.000452108
0.00046162
0.000470732
0.000479144
0.000486811
0.000493191
0.000497287
0.00049622
0.000486528
0.000503865
0.000522888
0.000534116
0.000539922
0.000542309
0.000541429
0.000537309
0.000530068
0.000520338
0.00050995
0.000507488
0.000517626
0.000525408
0.000530546
0.000532884
0.000532399
0.000529044
0.000522716
0.000511731
0.00049469
0.00051335
0.000540521
0.000560425
0.000573894
0.000582855
0.000587238
0.000587021
0.000582109
0.000572731
0.000560912
0.000559283
0.000571696
0.000578716
0.000580909
0.000578753
0.000572608
0.000562318
0.000548092
0.000528601
0.000503763
0.000525153
0.000561948
0.000590048
0.000610266
0.000624816
0.000633811
0.000637331
0.000634841
0.000625864
0.000611841
0.000610546
0.000625134
0.000631441
0.000630857
0.000624787
0.000614054
0.00059814
0.000577123
0.000549302
0.000515165
0.000541032
0.000586503
0.000622054
0.000647723
0.000667059
0.000681144
0.000690041
0.000693161
0.000689652
0.00067826
0.00067664
0.000687694
0.000688889
0.000683169
0.000671945
0.000655972
0.000635265
0.000608909
0.0005737
0.000530761
0.000333863
0.000317749
0.000270528
0.000234784
0.000222468
0.000210029
0.000190518
0.000173809
0.000162255
0.000154735
0.000152963
0.000154412
0.000161574
0.000177892
0.00020013
0.000206311
0.000199185
0.000224147
0.000280252
0.000307502
0.000420295
0.000545367
0.000520776
0.000447551
0.000404471
0.000388692
0.000387064
0.000392486
0.000411536
0.000434319
0.000439251
0.000415271
0.000378096
0.000369085
0.000383319
0.0004242
0.000462276
0.000523642
0.000550056
0.000410047
0.000451275
0.000591165
0.000601207
0.000546884
0.000473946
0.000428316
0.000397486
0.000382418
0.000429406
0.000485185
0.000500029
0.000445555
0.000388293
0.000403641
0.000432895
0.000473544
0.000544343
0.000604766
0.000590108
0.000438828
0.000471916
0.00062007
0.000640619
0.000590827
0.000508943
0.000441934
0.000397058
0.000367178
0.000366424
0.000419495
0.000451141
0.000370762
0.000362851
0.000395627
0.000442337
0.000511231
0.000602274
0.000650376
0.000620508
0.000459102
0.000489349
0.0006561
0.000691022
0.000656804
0.000577303
0.000493613
0.000438357
0.000393491
0.000362761
0.000357456
0.000355551
0.000345974
0.000374558
0.000424175
0.000486195
0.000578823
0.000663534
0.000693897
0.000651178
0.000476784
0.000506107
0.000691913
0.000741902
0.000736498
0.00068675
0.000611139
0.000525014
0.000470311
0.000435967
0.000419809
0.000412208
0.000416889
0.000450272
0.000506699
0.000595869
0.000690647
0.000739466
0.000738596
0.000681522
0.000494354
0.000522888
0.00072238
0.000783597
0.000812408
0.000818573
0.00079506
0.000744542
0.000670012
0.000601985
0.000552987
0.000538792
0.0005717
0.00064157
0.000725073
0.000790431
0.000817684
0.000809174
0.000774365
0.000706011
0.000511793
0.000540521
0.000745331
0.000813097
0.000870027
0.000915149
0.000935401
0.000929743
0.000904541
0.000870199
0.000844267
0.000842768
0.000873412
0.000905481
0.000928379
0.000932421
0.000909706
0.000859355
0.000799987
0.000723205
0.000529627
0.000561948
0.000736278
0.000819268
0.000884194
0.000934915
0.000960215
0.000961882
0.000935255
0.000882136
0.000823814
0.000823064
0.000884322
0.000928563
0.000946168
0.000941588
0.000919375
0.000868224
0.000801065
0.000716376
0.000550762
0.000586503
0.000634019
0.000672561
0.000702071
0.000725964
0.000744922
0.000758345
0.000764703
0.000762494
0.000750441
0.000749449
0.000760642
0.000760153
0.000750735
0.000734665
0.000713715
0.000688515
0.000658598
0.000620792
0.000575765
0.000277736
0.000270528
0.000246864
0.000237646
0.000238512
0.00022857
0.000209713
0.000191526
0.000177608
0.000169031
0.000168636
0.000170461
0.000178766
0.000196511
0.000218351
0.00022767
0.000212313
0.000207674
0.000224346
0.000233194
0.00038955
0.000520776
0.000508647
0.000471113
0.000469185
0.000476625
0.000472419
0.000475818
0.000498964
0.000537856
0.00055116
0.000512596
0.000466563
0.000456637
0.000471196
0.000492446
0.0005032
0.000518895
0.000517719
0.000376763
0.000424501
0.000601207
0.000632804
0.000586753
0.000537007
0.000513446
0.000497658
0.000493432
0.000538204
0.000603261
0.000633799
0.000561923
0.000502978
0.000509859
0.00052376
0.00053822
0.000580859
0.000629295
0.000595855
0.00040888
0.000451002
0.000640619
0.00068441
0.000644353
0.000567529
0.000512262
0.000480155
0.000468524
0.000492917
0.000562932
0.000598441
0.000508415
0.000474711
0.000489112
0.000520853
0.000574346
0.000652353
0.000692431
0.000637299
0.000433315
0.000478595
0.000691022
0.000745148
0.000711247
0.000619141
0.000535864
0.000481991
0.000445853
0.000430993
0.000453457
0.000465574
0.000425706
0.000436975
0.000479339
0.000538161
0.000624036
0.000715739
0.000744635
0.000681372
0.000461768
0.000507178
0.000741902
0.000808457
0.000789267
0.000700123
0.000598373
0.000515682
0.000457478
0.000418456
0.00040737
0.000404791
0.000404506
0.000443024
0.000507284
0.00059614
0.000705552
0.000790098
0.000802165
0.000728829
0.000492288
0.000534116
0.000783597
0.00086548
0.000868937
0.000806013
0.00071655
0.000636496
0.000566191
0.000509119
0.0004766
0.000469892
0.000490914
0.000548072
0.000626027
0.000716674
0.000809353
0.000865236
0.000852464
0.000765722
0.000520671
0.000560425
0.000813097
0.000924317
0.000975609
0.000983827
0.000942208
0.000893402
0.000831721
0.000759984
0.000700012
0.000694425
0.00074227
0.000806549
0.000870924
0.000930982
0.000980438
0.000967382
0.000902401
0.000787629
0.000547663
0.000590048
0.000819268
0.0010055
0.00117305
0.00128506
0.00133706
0.00134584
0.00129116
0.00118797
0.00106908
0.00107082
0.00118518
0.00127518
0.00131804
0.00131296
0.0012664
0.001151
0.00097633
0.000790035
0.000577152
0.000622054
0.000672561
0.000713398
0.000745779
0.000773176
0.000796127
0.00081365
0.000823198
0.000822417
0.000809184
0.000808868
0.000820679
0.00081826
0.000805172
0.000784679
0.000759615
0.000730862
0.000698254
0.000658362
0.000610188
0.000224168
0.000234784
0.000237646
0.000245602
0.000247494
0.000236585
0.000219765
0.000202901
0.000189205
0.000180704
0.000181396
0.000182663
0.000190378
0.00020634
0.000225006
0.000239123
0.000230617
0.000211742
0.000198463
0.000180806
0.000346094
0.000447551
0.000471113
0.000490472
0.000520027
0.000526782
0.000523314
0.000529868
0.000554429
0.000607456
0.000633733
0.000585002
0.000532422
0.000515159
0.000522425
0.000533973
0.000530201
0.000509261
0.000465601
0.000334495
0.000388894
0.000546884
0.000586753
0.000576419
0.000569258
0.000571379
0.000566188
0.000567954
0.000615308
0.000694793
0.000738489
0.000653606
0.0005813
0.00058138
0.00058889
0.000578207
0.000577347
0.00058063
0.000534395
0.000371967
0.000419027
0.000590827
0.000644353
0.000624798
0.000585071
0.000558677
0.000548527
0.000553824
0.000586341
0.000660484
0.000702824
0.000610957
0.00056701
0.00056433
0.000573791
0.000595193
0.000629367
0.000642416
0.000579942
0.000397276
0.000460779
0.000656804
0.000711247
0.000691809
0.000628209
0.000571729
0.000537768
0.00052148
0.000529846
0.000582935
0.000607272
0.000536049
0.000521976
0.000543919
0.000580265
0.000633442
0.000687847
0.000698504
0.000632994
0.00044039
0.00050304
0.000736498
0.000789267
0.00076908
0.00069701
0.0006171
0.000556811
0.000515018
0.000491364
0.000503339
0.000507871
0.000481787
0.000505028
0.00055492
0.000620813
0.000699982
0.000761702
0.000768376
0.000710524
0.000485857
0.000539922
0.000812408
0.000868937
0.000856149
0.000797075
0.00071885
0.000655115
0.000603565
0.000560809
0.000542685
0.00053534
0.000539855
0.00058296
0.000645096
0.000719264
0.000797047
0.000845392
0.00084209
0.000789064
0.000524788
0.000573894
0.000870027
0.000975609
0.00103094
0.00101055
0.000961313
0.000918036
0.000870136
0.000805846
0.000739931
0.000729207
0.000774205
0.000831942
0.000887795
0.000944794
0.000996409
0.00100749
0.00094442
0.000846719
0.000559609
0.000610266
0.000884194
0.00117305
0.00142989
0.0014863
0.00151292
0.00152617
0.00149232
0.001384
0.00123848
0.00124419
0.00137836
0.00146258
0.00148132
0.00146581
0.00143758
0.0013877
0.00113555
0.000848606
0.000595919
0.000647723
0.000702071
0.000745779
0.000781494
0.000813339
0.000841559
0.000864368
0.000878836
0.000881719
0.000871422
0.000871185
0.000879656
0.000873283
0.000855127
0.000829099
0.000798493
0.000765178
0.000729501
0.000686965
0.000634879
0.00019447
0.000222468
0.000238512
0.000247494
0.000246134
0.00023684
0.000223666
0.000210203
0.000198732
0.000191281
0.000192694
0.000192655
0.000198489
0.000211155
0.000224829
0.00023689
0.000240118
0.000226124
0.000202098
0.000167069
0.000290696
0.000404471
0.000469185
0.000520027
0.000547424
0.000551482
0.000558657
0.000566682
0.00059468
0.000663511
0.000705798
0.000647597
0.000583959
0.000559814
0.00055291
0.000552847
0.000543133
0.00050944
0.000441577
0.000292589
0.000345898
0.000473946
0.000537007
0.000569258
0.000594622
0.000609554
0.000609232
0.000618876
0.000674339
0.000765146
0.000817582
0.000725905
0.000636586
0.000625133
0.000630343
0.00061446
0.000580705
0.000542417
0.000473877
0.000330652
0.000381504
0.000508943
0.000567529
0.000585071
0.000586732
0.000591413
0.000602015
0.000616046
0.000652059
0.000735577
0.000784344
0.000686541
0.000633863
0.0006215
0.000611443
0.000603668
0.000596021
0.000571104
0.000499014
0.00035823
0.000440529
0.000577303
0.000619141
0.000628209
0.000610259
0.000591413
0.000583147
0.000586742
0.000614984
0.00068795
0.000716931
0.000628773
0.00059407
0.000595233
0.000605534
0.000621298
0.000630611
0.000608624
0.000548216
0.000417854
0.000496622
0.00068675
0.000700123
0.00069701
0.000667362
0.000628901
0.00059919
0.000582046
0.000586908
0.000636933
0.000644738
0.000580552
0.000575973
0.000601777
0.00063637
0.000671677
0.000688307
0.000672443
0.000646534
0.000477808
0.000542309
0.000818573
0.000806013
0.000797075
0.00077078
0.000730817
0.000695515
0.000669125
0.00065719
0.00067811
0.000661503
0.00062789
0.000646124
0.000685562
0.000729735
0.000766557
0.000777167
0.000767846
0.000784457
0.000525862
0.000582855
0.000915149
0.000983827
0.00101055
0.000997159
0.000968181
0.000942036
0.000911327
0.000864633
0.000814013
0.000788702
0.000817242
0.00086326
0.000904647
0.000943589
0.000973489
0.000973713
0.00093466
0.000891522
0.000567297
0.000624816
0.000934915
0.00128506
0.0014863
0.00158337
0.00165903
0.00170248
0.00167442
0.00153999
0.00135321
0.00135866
0.00153615
0.00164206
0.0016504
0.00160021
0.00152225
0.00141596
0.00123659
0.000892317
0.000609282
0.000667059
0.000725964
0.000773176
0.000813339
0.000851925
0.000886619
0.000915408
0.000935496
0.000943744
0.000938888
0.0009382
0.000941201
0.000929569
0.000905869
0.00087379
0.000836592
0.000796251
0.000756138
0.000710198
0.00065349
0.000172583
0.000210029
0.00022857
0.000236585
0.00023684
0.000231875
0.000223705
0.000214965
0.000207206
0.000202209
0.000203689
0.000201607
0.000204366
0.00021244
0.00022021
0.000225701
0.000227218
0.00022082
0.000201127
0.000154465
0.000218005
0.000388692
0.000476625
0.000526782
0.000551482
0.000568069
0.000583322
0.000591613
0.000625456
0.000708811
0.000767123
0.000701792
0.000626401
0.000594171
0.000575696
0.000557452
0.00053361
0.000489883
0.000406387
0.000221037
0.000298289
0.000428316
0.000513446
0.000571379
0.000609554
0.000627803
0.000634338
0.00065595
0.000718431
0.00080473
0.000854287
0.000776013
0.000677403
0.00065085
0.000646858
0.000632764
0.00059384
0.000530022
0.000438344
0.00029238
0.000343954
0.000441934
0.000512262
0.000558677
0.000591413
0.000619173
0.000639735
0.000654787
0.000697032
0.000774189
0.000813605
0.000737227
0.000675537
0.000659284
0.000639332
0.000611531
0.000576585
0.000524872
0.00044325
0.000321042
0.000420889
0.000493613
0.000535864
0.000571729
0.000591413
0.000604123
0.000616951
0.000636119
0.000679077
0.000749922
0.000770572
0.000694814
0.000646601
0.000631326
0.000620891
0.000607659
0.00058351
0.000537986
0.000479636
0.000397289
0.000488743
0.000611139
0.000598373
0.0006171
0.000628901
0.00062941
0.000628347
0.000635542
0.000669614
0.000737705
0.00073868
0.000662546
0.000631798
0.000633605
0.000639864
0.000637909
0.000616038
0.000576904
0.000559725
0.000468663
0.000541429
0.00079506
0.00071655
0.00071885
0.000730817
0.000728692
0.000720121
0.00071707
0.000738619
0.000793192
0.000765816
0.000700794
0.000692633
0.000710197
0.000726885
0.000726886
0.000701955
0.000679984
0.000744973
0.000523894
0.000587238
0.000935401
0.000942208
0.000961313
0.000968181
0.00096533
0.000957127
0.000937488
0.000902344
0.000868589
0.00082895
0.000843556
0.000883178
0.000913058
0.000932281
0.000937705
0.000921583
0.000888227
0.000903032
0.00057077
0.000633811
0.000960215
0.00133706
0.00151292
0.00165903
0.00177204
0.0018278
0.00177856
0.00158722
0.00133617
0.0013362
0.00158866
0.00175159
0.0017752
0.0017063
0.00158848
0.001438
0.00127596
0.000910825
0.000617477
0.000681144
0.000744922
0.000796127
0.000841559
0.000886619
0.000927596
0.000962832
0.000989863
0.0010061
0.00101062
0.00100905
0.00100283
0.000983617
0.000953152
0.00091465
0.000871133
0.000824396
0.000778786
0.000728751
0.000667082
0.000156786
0.000190518
0.000209713
0.000219765
0.000223666
0.000223705
0.000221548
0.000218268
0.000215308
0.000214115
0.000216184
0.000210497
0.000209012
0.000211499
0.00021305
0.00021218
0.000207644
0.000197692
0.0001779
0.000139112
0.000172556
0.000387064
0.000472419
0.000523314
0.000558657
0.000583322
0.000596017
0.000609996
0.000648997
0.000736994
0.000801893
0.000744013
0.000664446
0.000622635
0.000595855
0.000564559
0.00052516
0.000472458
0.000389055
0.000171535
0.000253128
0.000397486
0.000497658
0.000566188
0.000609232
0.000634338
0.000654724
0.00068814
0.000740541
0.000765401
0.000790106
0.000789542
0.000710602
0.000670606
0.000650563
0.000627158
0.000587886
0.000521048
0.000417245
0.000255089
0.000309212
0.000397058
0.000480155
0.000548527
0.000602015
0.000639735
0.000660282
0.000678851
0.000713263
0.000691291
0.000698799
0.000745051
0.000699468
0.000677911
0.000656229
0.000618405
0.000565676
0.000495934
0.000403801
0.000287447
0.000402752
0.000438357
0.000481991
0.000537768
0.000583147
0.000616951
0.00064385
0.000672295
0.000706149
0.000660174
0.000657968
0.000716134
0.000682048
0.000656574
0.000632128
0.000599486
0.000553137
0.000491138
0.000431297
0.000378708
0.00047946
0.000525014
0.000515682
0.000556811
0.00059919
0.000628347
0.000649897
0.000676622
0.000713387
0.000674285
0.000661089
0.000701876
0.000672862
0.000655329
0.000639557
0.000611388
0.000563864
0.000508761
0.000496209
0.000458656
0.000537309
0.000744542
0.000636496
0.000655115
0.000695515
0.000720121
0.000731987
0.000748723
0.00078651
0.00077905
0.000743609
0.00074305
0.000722633
0.000721172
0.000717221
0.000692169
0.000641924
0.000600849
0.000670326
0.000519032
0.000587021
0.000929743
0.000893402
0.000918036
0.000942036
0.000957127
0.000957343
0.000938404
0.000907541
0.000873275
0.000829131
0.000844053
0.000881649
0.000908535
0.00091593
0.000903673
0.00087306
0.000831856
0.000890347
0.000570114
0.000637331
0.000961882
0.00134584
0.00152617
0.00170248
0.0018278
0.00186642
0.0017641
0.00150368
0.00123801
0.00123169
0.00150317
0.00174759
0.00182086
0.00176087
0.00162585
0.00144505
0.00125849
0.00090764
0.000620679
0.000690041
0.000758345
0.00081365
0.000864368
0.000915408
0.000962832
0.00100556
0.00104215
0.00107182
0.0010949
0.00109243
0.00106723
0.00103521
0.000995605
0.000949793
0.000899904
0.000847282
0.000795997
0.000741845
0.000675667
0.000146669
0.000173809
0.000191526
0.000202901
0.000210203
0.000214965
0.000218268
0.000220762
0.000223096
0.00022617
0.000230866
0.000220019
0.000213576
0.000210138
0.000205815
0.00019969
0.000191005
0.00017863
0.000159789
0.000131755
0.000164069
0.000392486
0.000475818
0.000529868
0.000566682
0.000591613
0.000609996
0.000629859
0.000654211
0.000651383
0.000699202
0.000750577
0.00069877
0.000648917
0.00061483
0.000580191
0.000536366
0.000477469
0.000390024
0.000165461
0.000201337
0.000382418
0.000493432
0.000567954
0.000618876
0.00065595
0.00068814
0.000714225
0.000676244
0.000505747
0.000531891
0.000698304
0.000729555
0.000695483
0.000661064
0.000623245
0.000573078
0.000500343
0.000389355
0.000206693
0.000274867
0.000367178
0.000468524
0.000553824
0.000616046
0.000654787
0.000678851
0.000691624
0.000605503
0.000464406
0.000506632
0.00061757
0.000704028
0.000689122
0.00066425
0.00062469
0.000562881
0.000478128
0.000372243
0.000253754
0.000385653
0.000393491
0.000445853
0.00052148
0.000586742
0.000636119
0.000672295
0.000688759
0.00058187
0.000520512
0.000568207
0.000588487
0.000693725
0.000678995
0.000645839
0.000599424
0.000535968
0.000456981
0.000388431
0.000360943
0.00046911
0.000470311
0.000457478
0.000515018
0.000582046
0.000635542
0.000676622
0.000698468
0.000591955
0.000615383
0.000649863
0.000584261
0.000693053
0.000679102
0.000645309
0.000595493
0.000526544
0.000456721
0.000447496
0.000447717
0.000530068
0.000670012
0.000566191
0.000603565
0.000669125
0.00071707
0.000748723
0.000771112
0.000706425
0.000753006
0.000752568
0.000667567
0.000743154
0.000734684
0.000711783
0.000665204
0.000591985
0.000532092
0.000590968
0.000511566
0.000582109
0.000904541
0.000831721
0.000870136
0.000911327
0.000937488
0.000938404
0.000917117
0.000877198
0.000900174
0.000881558
0.000822897
0.000859222
0.000884997
0.000887814
0.000863195
0.000816971
0.000764435
0.000862323
0.000565263
0.000634841
0.000935255
0.00129116
0.00149232
0.00167442
0.00177856
0.0017641
0.00159449
0.00136365
0.00136237
0.00136721
0.00135041
0.00157452
0.00172122
0.00171155
0.00159385
0.00140618
0.00119758
0.000879783
0.00061836
0.000693161
0.000764703
0.000823198
0.000878836
0.000935496
0.000989863
0.00104215
0.00109349
0.00114705
0.00120481
0.00120232
0.00114046
0.00108478
0.00103119
0.000976347
0.000919786
0.000861719
0.000805563
0.000748201
0.000678793
0.000139355
0.000162255
0.000177608
0.000189205
0.000198732
0.000207206
0.000215308
0.000223096
0.000230755
0.000244215
0.000246039
0.000228375
0.000218209
0.000209376
0.000200554
0.000191297
0.000180905
0.000168508
0.000152591
0.000130133
0.000162162
0.000411536
0.000498964
0.000554429
0.00059468
0.000625456
0.000648997
0.000654211
0.000561194
0.000598787
0.000663792
0.000624447
0.000723672
0.00069473
0.000654006
0.000612967
0.000566903
0.000510031
0.000417865
0.000162759
0.000177981
0.000429406
0.000538204
0.000615308
0.000674339
0.000718431
0.000740541
0.000676244
0.000464811
0.000776089
0.000855176
0.000485915
0.000674423
0.000728591
0.00069992
0.000654042
0.000596508
0.000521068
0.000412647
0.000174578
0.000243416
0.000366424
0.000492917
0.000586341
0.000652059
0.000697032
0.000713263
0.000605503
0.000474466
0.0010579
0.00114154
0.000505416
0.000608175
0.000704529
0.000687133
0.00064487
0.000582115
0.000491349
0.000365635
0.00022133
0.000370397
0.000362761
0.000430993
0.000529846
0.000614984
0.000679077
0.00070615
0.00058187
0.000568122
0.00138559
0.00146056
0.000596546
0.000589415
0.000702793
0.000678515
0.00062067
0.000541026
0.000442175
0.000356774
0.000343486
0.000458249
0.000435967
0.000418456
0.000491364
0.000586908
0.000669614
0.000713387
0.000591955
0.000686903
0.00169493
0.00175236
0.000700889
0.00059207
0.000710601
0.000675641
0.000600792
0.000505237
0.00041871
0.000413216
0.000436331
0.000520338
0.000601985
0.000509119
0.000560809
0.00065719
0.000738619
0.00078651
0.000706425
0.000839138
0.00191887
0.00195379
0.000826715
0.000678557
0.000764633
0.000728465
0.000652498
0.000550731
0.000478857
0.000532054
0.000501911
0.000572731
0.000870199
0.000759984
0.000805846
0.000864633
0.000902344
0.000907541
0.000877198
0.00100631
0.00202821
0.00205308
0.000981144
0.000821824
0.000846576
0.000842877
0.000806522
0.000745922
0.0006936
0.000822715
0.000556219
0.000625864
0.000882136
0.00118797
0.001384
0.00153999
0.00158722
0.00150368
0.00136365
0.00147451
0.00198659
0.00200833
0.00145856
0.00133674
0.00145508
0.0015149
0.00145376
0.0012945
0.00109379
0.000827822
0.000609821
0.000689652
0.000762494
0.000822417
0.000881719
0.000943744
0.0010061
0.00107182
0.00114705
0.00123832
0.00133664
0.00133675
0.00122892
0.00113538
0.00105874
0.000991207
0.000927159
0.000864102
0.000804317
0.000745719
0.000675209
0.000134305
0.000154735
0.000169031
0.000180704
0.000191281
0.000202209
0.000214115
0.00022617
0.000244215
0.000256158
0.000256915
0.00024501
0.000229159
0.000213393
0.000200177
0.000189238
0.000178764
0.000167398
0.00015306
0.000131047
0.000163734
0.000434319
0.000537856
0.000607456
0.00066351
0.000708811
0.000736994
0.000651383
0.000598787
0.000394032
0.00042071
0.000643278
0.00068415
0.000774722
0.000739228
0.000685618
0.000623554
0.000552012
0.000447053
0.000161744
0.000183462
0.000485185
0.000603261
0.000694793
0.000765146
0.00080473
0.000765401
0.000505747
0.000776089
0.000577646
0.000619623
0.00077899
0.000496712
0.000742348
0.000774087
0.000731609
0.000663207
0.000577884
0.000470464
0.00017803
0.000219865
0.000419495
0.000562932
0.000660484
0.000735577
0.000774189
0.000691291
0.000464406
0.0010579
0.000775788
0.000831921
0.00103361
0.000461513
0.000679517
0.000750255
0.000713678
0.000647006
0.000561074
0.000427419
0.000195708
0.000357731
0.000357456
0.000453457
0.000582935
0.00068795
0.000749922
0.000660174
0.000520512
0.00138559
0.000998013
0.0010676
0.00132976
0.000513826
0.000669272
0.000749144
0.000694341
0.000598352
0.000473616
0.000356949
0.000329285
0.000448192
0.000419809
0.00040737
0.000503339
0.000636933
0.000737705
0.000674285
0.000615383
0.00169493
0.00124016
0.00132211
0.00160761
0.000592586
0.000680238
0.000745611
0.000656196
0.000523494
0.000412384
0.000399397
0.000425608
0.00050995
0.000552987
0.0004766
0.000542685
0.00067811
0.000793192
0.00077905
0.000753006
0.00191887
0.001479
0.00157163
0.00180829
0.000707736
0.000751868
0.000777011
0.000673083
0.00053624
0.000456812
0.000505508
0.000491337
0.000560912
0.000844267
0.000700012
0.000739931
0.000814013
0.000868589
0.000873275
0.000900174
0.00202821
0.00166763
0.00176908
0.00191908
0.000845697
0.000804363
0.000795461
0.000745391
0.000677804
0.000641538
0.000787431
0.00054423
0.000611841
0.000823814
0.00106908
0.00123848
0.00135321
0.00133617
0.00123801
0.00136237
0.00198659
0.00180532
0.00190249
0.00192288
0.00132606
0.00118017
0.00124149
0.00125074
0.00114269
0.000974272
0.00076956
0.000595544
0.00067826
0.000750441
0.000809184
0.000871422
0.000938888
0.00101062
0.0010949
0.00120481
0.00133664
0.00135621
0.00138053
0.0013205
0.00118742
0.00107788
0.000992589
0.000919855
0.000851984
0.00078937
0.00073245
0.000662964
0.000132061
0.000152963
0.000168636
0.000181396
0.000192694
0.000203689
0.000216184
0.000230866
0.000246039
0.000256915
0.000261023
0.000250256
0.000235837
0.000218884
0.000204855
0.000193248
0.000182022
0.000169924
0.000155213
0.000132512
0.000164483
0.000439251
0.00055116
0.000633733
0.000705798
0.000767123
0.000801892
0.000699202
0.000663792
0.00042071
0.000440174
0.000664045
0.000691938
0.000795199
0.000774179
0.000722693
0.000654419
0.000573265
0.000460382
0.000160605
0.000182794
0.000500029
0.000633799
0.000738489
0.000817582
0.000854287
0.000790106
0.000531891
0.000855176
0.000619623
0.000649828
0.000824125
0.000523866
0.000768247
0.000835922
0.000804397
0.00072572
0.000636049
0.000517344
0.000180354
0.000210709
0.000451141
0.000598441
0.000702824
0.000784344
0.000813605
0.000698799
0.000506631
0.00114154
0.000831921
0.000877151
0.00109723
0.000516248
0.000696269
0.000816852
0.000798311
0.000722112
0.000634326
0.000514264
0.00019388
0.000348888
0.000355551
0.000465574
0.000607271
0.000716931
0.000770572
0.000657968
0.000568206
0.00146056
0.0010676
0.00113061
0.00141212
0.000595243
0.000678589
0.000804143
0.000763212
0.000657309
0.00051058
0.000370374
0.000320213
0.000444016
0.000412208
0.000404791
0.000507871
0.000644738
0.00073868
0.000661089
0.000649863
0.00175236
0.00132211
0.00140249
0.00170563
0.000683926
0.000670212
0.000766027
0.000683675
0.000542584
0.000419281
0.000397527
0.000422678
0.000507488
0.000538792
0.000469892
0.00053534
0.000661503
0.000765816
0.000743609
0.000752568
0.00195379
0.00157163
0.00166493
0.00191504
0.000779958
0.000717165
0.000755069
0.000658996
0.000532518
0.000456051
0.000499804
0.000490778
0.000559283
0.000842768
0.000694425
0.000729207
0.000788702
0.00082895
0.000829131
0.000881558
0.00205308
0.00176908
0.0018684
0.00203552
0.000891976
0.000761706
0.000751529
0.00071814
0.000670314
0.000642533
0.000784213
0.000544929
0.000610546
0.000823064
0.00107082
0.00124419
0.00135866
0.0013362
0.00123169
0.00136721
0.00200833
0.00190248
0.00199774
0.00200085
0.00137444
0.00118228
0.00123304
0.00126128
0.00116101
0.00098607
0.000771686
0.000597105
0.00067664
0.000749449
0.000808868
0.000871185
0.0009382
0.00100905
0.00109243
0.00120232
0.00133675
0.00138053
0.00139654
0.00132722
0.00119304
0.00108243
0.000996762
0.000924738
0.000857432
0.000794589
0.000736122
0.000664843
0.000132459
0.000154412
0.000170461
0.000182663
0.000192655
0.000201607
0.000210497
0.000220019
0.000228375
0.00024501
0.000250256
0.000235685
0.000222746
0.000211563
0.000202378
0.000193576
0.000183963
0.000172411
0.000157119
0.00013364
0.000163041
0.000415271
0.000512596
0.000585002
0.000647597
0.000701791
0.000744012
0.000750577
0.000624447
0.000643278
0.000664045
0.000622549
0.000734352
0.000741454
0.000712147
0.000667386
0.000611118
0.000542444
0.000443776
0.000159646
0.000178689
0.000445555
0.000561923
0.000653606
0.000725905
0.000776013
0.000789542
0.000698304
0.000485915
0.00077899
0.000824125
0.000507791
0.000688503
0.000785389
0.000780412
0.000736589
0.000669631
0.000587884
0.000480199
0.000178645
0.00021924
0.000370762
0.000508414
0.000610957
0.000686541
0.000737227
0.000745051
0.00061757
0.000505416
0.00103361
0.00109723
0.000558389
0.000633254
0.000767161
0.000773464
0.000731095
0.000662108
0.000565597
0.000420308
0.000201011
0.000355741
0.000345974
0.000425706
0.000536049
0.000628773
0.000694814
0.000716134
0.000588487
0.000596545
0.00132976
0.00141212
0.000679237
0.000612223
0.00074671
0.000738855
0.000674028
0.000577918
0.00045834
0.000351548
0.000329729
0.000452108
0.000416889
0.000404506
0.000481787
0.000580552
0.000662546
0.000701876
0.000584261
0.000700889
0.00160761
0.00170563
0.000801967
0.000592979
0.000710404
0.000682791
0.000601265
0.000498734
0.000408614
0.000399648
0.000432615
0.000517626
0.0005717
0.000490914
0.000539855
0.00062789
0.000700794
0.00074305
0.000667567
0.000826715
0.00180829
0.00191504
0.000925985
0.000651688
0.000718893
0.000683038
0.000613598
0.000526623
0.00046785
0.00051681
0.000502053
0.000571696
0.000873412
0.00074227
0.000774206
0.000817242
0.000843556
0.000844053
0.000822897
0.000981144
0.00191908
0.00203552
0.00106317
0.000780336
0.00077698
0.000777308
0.000756725
0.000720357
0.000690009
0.000820489
0.000558386
0.000625134
0.000884322
0.00118518
0.00137836
0.00153615
0.00158866
0.00150317
0.00135041
0.00145856
0.00192288
0.00200085
0.00151429
0.00132606
0.001418
0.00151317
0.00148275
0.00133012
0.00112779
0.000837473
0.000613269
0.000687694
0.000760642
0.000820679
0.000879656
0.000941201
0.00100283
0.00106723
0.00114046
0.00122892
0.0013205
0.00132722
0.00122869
0.0011364
0.00106024
0.000994656
0.000932826
0.000871067
0.000811408
0.00075099
0.000678289
0.000136266
0.000161574
0.000178766
0.000190378
0.000198489
0.000204366
0.000209012
0.000213576
0.000218209
0.000229159
0.000235837
0.000222746
0.000213157
0.000207579
0.00020277
0.000196984
0.000189149
0.000177968
0.00016112
0.000135239
0.000163798
0.000378096
0.000466563
0.000532421
0.000583959
0.000626401
0.000664446
0.00069877
0.000723672
0.000684149
0.000691938
0.000734352
0.000708801
0.000671404
0.000635664
0.000596688
0.000549653
0.000489361
0.000400104
0.000159884
0.000189785
0.000388293
0.000502978
0.0005813
0.000636586
0.000677403
0.000710602
0.000729555
0.000674423
0.000496712
0.000523866
0.000688503
0.0007392
0.000718588
0.000684713
0.000645055
0.000594189
0.000524025
0.000419946
0.000176888
0.000256122
0.000362851
0.000474711
0.00056701
0.000633863
0.000675537
0.000699467
0.000704028
0.000608175
0.000461513
0.000516248
0.000633254
0.000724995
0.000718122
0.000690783
0.000651182
0.000588488
0.000495463
0.000372288
0.000240456
0.000371615
0.000374558
0.000436975
0.000521976
0.00059407
0.000646601
0.000682048
0.000693725
0.000589415
0.000513826
0.000595243
0.000612223
0.000711847
0.000702033
0.000663146
0.000607322
0.000532226
0.000442364
0.000366394
0.000348573
0.00046162
0.000450272
0.000443024
0.000505028
0.000575973
0.000631798
0.000672862
0.000693053
0.00059207
0.000592586
0.000683926
0.000592979
0.000685071
0.000670908
0.000629318
0.000573212
0.000501383
0.000433665
0.000427767
0.000443776
0.000525408
0.00064157
0.000548072
0.00058296
0.000646124
0.000692633
0.000722633
0.000743154
0.000678557
0.000707736
0.000779958
0.000651688
0.000705226
0.000689262
0.000662897
0.000619799
0.000557417
0.000513445
0.000576406
0.000511464
0.000578716
0.000905482
0.000806549
0.000831942
0.00086326
0.000883178
0.000881649
0.000859222
0.000821824
0.000845697
0.000891976
0.000780336
0.000795194
0.00082058
0.000825805
0.00080828
0.000779371
0.00075125
0.000854347
0.000567278
0.000631441
0.000928563
0.00127518
0.00146258
0.00164206
0.00175159
0.00174759
0.00157452
0.00133674
0.00132606
0.00137444
0.00132606
0.00150392
0.00169163
0.00173207
0.00163039
0.00143948
0.00123199
0.000885855
0.000622022
0.000688889
0.000760153
0.00081826
0.000873283
0.000929569
0.000983617
0.00103521
0.00108478
0.00113538
0.00118742
0.00119304
0.0011364
0.00108205
0.00103119
0.00098
0.00092617
0.000869446
0.00081351
0.000754309
0.000682455
0.000143878
0.000177892
0.000196511
0.00020634
0.000211155
0.00021244
0.000211499
0.000210138
0.000209376
0.000213393
0.000218884
0.000211563
0.000207579
0.000207286
0.00020684
0.000204357
0.000198648
0.000188139
0.000169935
0.00013907
0.000170582
0.000369085
0.000456637
0.000515159
0.000559814
0.000594171
0.000622635
0.000648917
0.00069473
0.000774722
0.000795199
0.000741454
0.000671404
0.000626214
0.000594455
0.000559892
0.000515783
0.000457088
0.000369954
0.00016876
0.00024718
0.000403641
0.000509859
0.00058138
0.000625133
0.00065085
0.000670605
0.000695483
0.000728591
0.000742348
0.000768247
0.000785389
0.000718588
0.00067151
0.000641541
0.000610915
0.000568592
0.00050235
0.00039761
0.000225423
0.00029549
0.000395627
0.000489112
0.00056433
0.0006215
0.000659284
0.000677911
0.000689122
0.000704528
0.000679517
0.000696269
0.000767161
0.000718122
0.00068227
0.000656643
0.000619483
0.000562873
0.000485912
0.000388312
0.000278874
0.000389944
0.000424175
0.000479339
0.000543919
0.000595233
0.000631326
0.000656574
0.000678995
0.000702793
0.000669272
0.000678589
0.00074671
0.000702033
0.000663372
0.00063092
0.000591611
0.000538813
0.000472029
0.000409774
0.000368336
0.000470732
0.000506699
0.000507284
0.00055492
0.000601777
0.000633605
0.000655329
0.000679102
0.000710601
0.000680238
0.000670212
0.000710404
0.000670908
0.000641811
0.000619423
0.000587645
0.000540021
0.000488516
0.000478735
0.000454066
0.000530546
0.000725073
0.000626027
0.000645096
0.000685562
0.000710197
0.000721172
0.000734684
0.000764633
0.000751868
0.000717165
0.000718893
0.000689262
0.000680131
0.000673767
0.000651313
0.000609787
0.000582277
0.000654727
0.000517836
0.000580909
0.000928379
0.000870924
0.000887795
0.000904647
0.000913058
0.000908535
0.000884997
0.000846576
0.000804363
0.000761706
0.00077698
0.00082058
0.000850191
0.000855596
0.000846105
0.000828241
0.000805852
0.000876905
0.000570885
0.000630857
0.000946168
0.00131804
0.00148132
0.0016504
0.0017752
0.00182086
0.00172122
0.00145508
0.00118017
0.00118228
0.001418
0.00169163
0.00182412
0.0017918
0.0016516
0.00145877
0.00126578
0.000903013
0.000623135
0.000683169
0.000750735
0.000805172
0.000855127
0.000905869
0.000953152
0.000995605
0.00103119
0.00105874
0.00107788
0.00108243
0.00106024
0.00103119
0.000995919
0.000954014
0.000906414
0.000854623
0.000803209
0.00074736
0.000678775
0.000158155
0.00020013
0.000218351
0.000225006
0.000224829
0.00022021
0.00021305
0.000205815
0.000200554
0.000200177
0.000204855
0.000202378
0.00020277
0.00020684
0.000210594
0.000212252
0.000210455
0.000203201
0.000186221
0.000146542
0.000209118
0.000383319
0.000471196
0.000522425
0.00055291
0.000575696
0.000595855
0.00061483
0.000654006
0.000739228
0.000774179
0.000712147
0.000635664
0.000594455
0.000568583
0.000540888
0.000506796
0.000459903
0.000380361
0.00018566
0.000294199
0.000432895
0.00052376
0.00058889
0.000630343
0.000646858
0.000650563
0.000661064
0.00069992
0.000774087
0.000835922
0.000780412
0.000684713
0.000641541
0.000622883
0.000604196
0.000568793
0.000510206
0.000422686
0.000278145
0.000333589
0.000442337
0.000520853
0.000573791
0.000611443
0.000639332
0.000656229
0.00066425
0.000687133
0.000750255
0.000816852
0.000773464
0.000690783
0.000656643
0.000632892
0.00060182
0.000561439
0.0005073
0.000426575
0.000312625
0.000409329
0.000486195
0.000538161
0.000580265
0.000605534
0.000620891
0.000632128
0.000645839
0.000678515
0.000749144
0.000804143
0.000738855
0.000663146
0.00063092
0.000612703
0.000593307
0.000564778
0.00051928
0.000462249
0.0003873
0.000479144
0.000595869
0.00059614
0.000620813
0.00063637
0.000639864
0.000639557
0.000645309
0.000675641
0.000745611
0.000766027
0.000682791
0.000629318
0.000619423
0.000619414
0.000613484
0.000592798
0.00055978
0.000547822
0.000462893
0.000532884
0.000790431
0.000716674
0.000719264
0.000729735
0.000726885
0.000717221
0.000711783
0.000728465
0.000777011
0.000755069
0.000683038
0.000662897
0.000673767
0.000687015
0.000687851
0.000671086
0.00066052
0.00072495
0.000520924
0.000578753
0.000932421
0.000930982
0.000944794
0.000943589
0.000932281
0.00091593
0.000887814
0.000842877
0.000795461
0.000751529
0.000777308
0.000825805
0.000855596
0.00086981
0.000876616
0.000871308
0.00085147
0.000883272
0.000569502
0.000624787
0.000941588
0.00131296
0.00146581
0.00160021
0.0017063
0.00176087
0.00171155
0.0015149
0.00124149
0.00123304
0.00151317
0.00173207
0.0017918
0.0017207
0.00158502
0.00142468
0.00124645
0.000893681
0.000617727
0.000671945
0.000734665
0.000784679
0.000829099
0.00087379
0.00091465
0.000949793
0.000976347
0.000991207
0.000992589
0.000996762
0.000994657
0.00098
0.000954014
0.000918631
0.0008765
0.000830025
0.000783887
0.000732416
0.000668636
0.000174085
0.000206311
0.00022767
0.000239123
0.00023689
0.000225701
0.00021218
0.00019969
0.000191297
0.000189238
0.000193248
0.000193576
0.000196984
0.000204357
0.000212252
0.000219913
0.00022428
0.000218832
0.000200348
0.000165794
0.00029137
0.0004242
0.000492446
0.000533973
0.000552847
0.000557452
0.000564559
0.000580191
0.000612967
0.000685618
0.000722693
0.000667386
0.000596688
0.000559892
0.000540888
0.000527248
0.000509782
0.000471469
0.000401518
0.000259909
0.000338424
0.000473544
0.00053822
0.000578207
0.00061446
0.000632764
0.000627159
0.000623245
0.000654042
0.000731609
0.000804397
0.000736589
0.000645055
0.000610915
0.000604196
0.000591037
0.000560356
0.000517287
0.000451249
0.00031834
0.000374802
0.000511231
0.000574346
0.000595193
0.000603668
0.000611531
0.000618405
0.00062469
0.00064487
0.000713678
0.000798311
0.000731095
0.000651182
0.000619483
0.00060182
0.000587473
0.000574357
0.000549029
0.000482569
0.000350112
0.000430985
0.000578823
0.000624036
0.000633442
0.000621298
0.000607659
0.000599486
0.000599424
0.00062067
0.000694341
0.000763212
0.000674028
0.000607322
0.000591611
0.000593307
0.000600808
0.000605594
0.000587622
0.000534419
0.00040788
0.000486811
0.000690647
0.000705552
0.000699982
0.000671677
0.000637909
0.000611388
0.000595493
0.000600792
0.000656196
0.000683675
0.000601265
0.000573212
0.000587645
0.000613484
0.000641169
0.000658507
0.000652239
0.000635015
0.000470555
0.000532399
0.000817684
0.000809353
0.000797047
0.000766557
0.000726886
0.000692169
0.000665204
0.000652498
0.000673083
0.000658996
0.000613598
0.000619799
0.000651313
0.000687851
0.000720544
0.000737653
0.000741046
0.000761447
0.000520673
0.000572608
0.000909706
0.000980438
0.000996409
0.000973489
0.000937705
0.000903673
0.000863195
0.000806522
0.000745391
0.00071814
0.000756725
0.00080828
0.000846105
0.000876616
0.00090384
0.000911813
0.000887998
0.000862698
0.000563495
0.000614054
0.000919375
0.0012664
0.00143758
0.00152225
0.00158848
0.00162585
0.00159385
0.00145376
0.00125074
0.00126128
0.00148275
0.00163039
0.0016516
0.00158502
0.00148868
0.00137894
0.00119197
0.000865891
0.000606829
0.000655972
0.000713715
0.000759615
0.000798493
0.000836592
0.000871133
0.000899904
0.000919786
0.000927159
0.000919855
0.000924738
0.000932826
0.00092617
0.000906414
0.0008765
0.000839809
0.000799305
0.000758609
0.000711436
0.000652905
0.000184856
0.000199185
0.000212313
0.000230617
0.000240118
0.000227218
0.000207644
0.000191005
0.000180905
0.000178764
0.000182022
0.000183963
0.000189149
0.000198648
0.000210455
0.00022428
0.000225887
0.000209732
0.000185613
0.000163762
0.00034171
0.000462276
0.0005032
0.000530201
0.000543133
0.00053361
0.00052516
0.000536366
0.000566903
0.000623554
0.000654419
0.000611118
0.000549653
0.000515783
0.000506796
0.000509782
0.00049975
0.000466997
0.000421038
0.000309626
0.00038387
0.000544343
0.000580859
0.000577347
0.000580705
0.00059384
0.000587886
0.000573078
0.000596508
0.000663207
0.00072572
0.000669631
0.00059419
0.000568592
0.000568793
0.000560356
0.000548559
0.000543472
0.000506647
0.000359657
0.000413253
0.000602274
0.000652353
0.000629367
0.000596021
0.000576585
0.000565676
0.000562881
0.000582115
0.000647005
0.000722112
0.000662109
0.000588488
0.000562873
0.000561439
0.000574357
0.0005986
0.000613384
0.000563675
0.000388392
0.000452835
0.000663534
0.000715739
0.000687847
0.000630611
0.00058351
0.000553137
0.000535968
0.000541026
0.000598352
0.000657309
0.000577918
0.000532226
0.000538813
0.000564778
0.000605594
0.000653462
0.000671127
0.000616144
0.000430647
0.000493191
0.000739466
0.000790098
0.000761702
0.000688307
0.000616038
0.000563864
0.000526544
0.000505237
0.000523494
0.000542584
0.000498735
0.000501383
0.000540021
0.000592798
0.000658507
0.000718453
0.000734799
0.000688419
0.000476815
0.000529044
0.000809174
0.000865236
0.000845392
0.000777167
0.000701955
0.000641924
0.000591985
0.000550731
0.00053624
0.000532518
0.000526623
0.000557417
0.000609787
0.000671086
0.000737653
0.000787968
0.000796629
0.000755448
0.000517021
0.000562318
0.000859355
0.000967382
0.00100749
0.000973713
0.000921583
0.00087306
0.000816971
0.000745922
0.000677804
0.000670314
0.000720357
0.000779371
0.000828241
0.000871308
0.000911813
0.000925417
0.000883715
0.000803098
0.000553071
0.00059814
0.000868224
0.001151
0.0013877
0.00141596
0.001438
0.00144505
0.00140618
0.0012945
0.00114269
0.00116101
0.00133012
0.00143948
0.00145877
0.00142468
0.00137894
0.00132659
0.00107695
0.000816671
0.000590621
0.000635265
0.000688515
0.000730862
0.000765178
0.000796251
0.000824396
0.000847282
0.000861719
0.000864102
0.000851984
0.000857432
0.000871067
0.000869446
0.000854623
0.000830025
0.000799305
0.00076565
0.000729266
0.000685592
0.000631829
0.000237529
0.000224147
0.000207674
0.000211742
0.000226124
0.00022082
0.000197692
0.00017863
0.000168508
0.000167398
0.000169924
0.000172411
0.000177968
0.000188139
0.000203201
0.000218832
0.000209732
0.000193077
0.000190999
0.00018815
0.000386716
0.000523642
0.000518895
0.000509261
0.00050944
0.000489883
0.000472458
0.000477469
0.000510031
0.000552012
0.000573265
0.000542444
0.000489361
0.000457088
0.000459903
0.000471469
0.000466997
0.000460125
0.00045858
0.000353465
0.000419779
0.000604766
0.000629294
0.00058063
0.000542417
0.000530022
0.000521048
0.000500343
0.000521068
0.000577884
0.000636049
0.000587884
0.000524025
0.00050235
0.000510206
0.000517287
0.000543472
0.000587429
0.000575153
0.00039701
0.00044555
0.000650376
0.000692431
0.000642416
0.000571104
0.000524872
0.000495934
0.000478128
0.000491349
0.000561074
0.000634326
0.000565597
0.000495463
0.000485912
0.0005073
0.000549029
0.000613384
0.000661694
0.000618515
0.000422887
0.000471186
0.000693897
0.000744635
0.000698504
0.000608624
0.000537986
0.000491138
0.000456981
0.000442175
0.000473616
0.00051058
0.00045834
0.000442364
0.000472029
0.00051928
0.000587622
0.000671127
0.000707328
0.000654589
0.000451266
0.000497287
0.000738596
0.000802165
0.000768376
0.000672443
0.000576905
0.000508761
0.000456721
0.00041871
0.000412384
0.000419281
0.000408614
0.000433665
0.000488516
0.00055978
0.000652239
0.000734799
0.000754643
0.000693486
0.000481488
0.000522716
0.000774365
0.000852464
0.00084209
0.000767846
0.000679984
0.000600849
0.000532092
0.000478857
0.000456812
0.000456051
0.00046785
0.000513445
0.000582277
0.00066052
0.000741046
0.000796629
0.00079353
0.000723602
0.000510478
0.000548092
0.000799987
0.000902401
0.00094442
0.00093466
0.000888227
0.000831856
0.000764435
0.0006936
0.000641538
0.000642533
0.000690009
0.00075125
0.000805852
0.00085147
0.000887998
0.000883715
0.000835285
0.000745885
0.000538465
0.000577124
0.000801066
0.00097633
0.00113555
0.00123659
0.00127596
0.00125849
0.00119758
0.00109379
0.000974272
0.00098607
0.00112779
0.00123199
0.00126578
0.00124645
0.00119197
0.00107695
0.00091937
0.000758733
0.000569206
0.000608909
0.000658598
0.000698254
0.000729501
0.000756138
0.000778786
0.000795997
0.000805563
0.000804317
0.00078937
0.000794589
0.000811408
0.00081351
0.000803209
0.000783887
0.000758609
0.000729266
0.000695743
0.000654561
0.000604584
0.000314853
0.000280252
0.000224346
0.000198463
0.000202098
0.000201127
0.0001779
0.000159789
0.000152591
0.00015306
0.000155213
0.000157119
0.00016112
0.000169935
0.000186221
0.000200348
0.000185613
0.000190999
0.000211618
0.000247606
0.000415372
0.000550056
0.000517719
0.000465601
0.000441577
0.000406387
0.000389055
0.000390024
0.000417865
0.000447053
0.000460381
0.000443776
0.000400104
0.000369954
0.000380361
0.000401518
0.000421038
0.00045858
0.000505724
0.000391797
0.000445347
0.000590108
0.000595855
0.000534395
0.000473877
0.000438344
0.000417245
0.000389355
0.000412647
0.000470464
0.000517344
0.000480199
0.000419946
0.00039761
0.000422686
0.000451249
0.000506647
0.000575153
0.000571067
0.000425387
0.000465152
0.000620508
0.000637299
0.000579942
0.000499014
0.00044325
0.000403801
0.000372243
0.000365635
0.000427419
0.000514263
0.000420308
0.000372288
0.000388312
0.000426575
0.000482569
0.000563675
0.000618515
0.000598649
0.000446938
0.000481224
0.000651178
0.000681372
0.000632994
0.000548216
0.000479636
0.000431297
0.000388431
0.000356774
0.000356949
0.000370374
0.000351548
0.000366394
0.000409774
0.000462249
0.000534419
0.000616144
0.000654589
0.000622027
0.000464895
0.00049622
0.000681522
0.000728829
0.000710524
0.000646534
0.000559725
0.000496209
0.000447496
0.000413216
0.000399397
0.000397527
0.000399648
0.000427767
0.000478735
0.000547822
0.000635015
0.000688419
0.000693486
0.000647833
0.000482036
0.000511731
0.000706011
0.000765722
0.000789064
0.000784457
0.000744973
0.000670326
0.000590968
0.000532054
0.000505508
0.000499804
0.00051681
0.000576406
0.000654727
0.00072495
0.000761447
0.000755448
0.000723602
0.000670457
0.00049973
0.000528601
0.000723205
0.000787629
0.000846719
0.000891522
0.000903032
0.000890347
0.000862323
0.000822715
0.000787431
0.000784213
0.000820489
0.000854347
0.000876905
0.000883272
0.000862698
0.000803098
0.000745885
0.000690186
0.000518321
0.000549302
0.000716376
0.000790035
0.000848606
0.000892317
0.000910825
0.00090764
0.000879783
0.000827822
0.00076956
0.000771686
0.000837473
0.000885855
0.000903013
0.000893681
0.000865891
0.000816671
0.000758733
0.000690031
0.000540769
0.0005737
0.000620792
0.000658362
0.000686965
0.000710198
0.000728751
0.000741845
0.000748201
0.000745719
0.00073245
0.000736122
0.00075099
0.000754309
0.00074736
0.000732416
0.000711436
0.000685592
0.000654561
0.000615188
0.000567892
0.000357434
0.000307502
0.000233194
0.000180806
0.000167069
0.000154465
0.000139112
0.000131755
0.000130133
0.000131047
0.000132512
0.00013364
0.000135239
0.00013907
0.000146542
0.000165794
0.000163762
0.00018815
0.000247606
0.000309268
0.000430682
0.000410047
0.000376763
0.000334495
0.000292589
0.000221037
0.000171535
0.000165461
0.000162759
0.000161744
0.000160605
0.000159646
0.000159884
0.00016876
0.00018566
0.000259909
0.000309626
0.000353465
0.000391797
0.000411686
0.000455188
0.000438828
0.00040888
0.000371967
0.000330652
0.00029238
0.000255089
0.000206693
0.000174578
0.00017803
0.000180354
0.000178645
0.000176888
0.000225423
0.000278145
0.00031834
0.000359657
0.00039701
0.000425387
0.000439637
0.000468829
0.000459102
0.000433315
0.000397276
0.00035823
0.000321042
0.000287447
0.000253754
0.00022133
0.000195708
0.00019388
0.000201011
0.000240456
0.000278874
0.000312625
0.000350112
0.000388392
0.000422887
0.000446938
0.000454659
0.000478368
0.000476784
0.000461768
0.00044039
0.000417854
0.000397289
0.000378708
0.000360943
0.000343486
0.000329285
0.000320213
0.000329729
0.000348573
0.000368336
0.0003873
0.00040788
0.000430647
0.000451266
0.000464895
0.000464999
0.000486528
0.000494354
0.000492288
0.000485857
0.000477808
0.000468663
0.000458656
0.000447717
0.000436331
0.000425608
0.000422678
0.000432615
0.000443776
0.000454066
0.000462893
0.000470555
0.000476815
0.000481488
0.000482036
0.000473791
0.00049469
0.000511793
0.000520671
0.000524788
0.000525862
0.000523894
0.000519032
0.000511566
0.000501911
0.000491337
0.000490778
0.000502053
0.000511464
0.000517836
0.000520924
0.000520673
0.000517021
0.000510478
0.00049973
0.00048273
0.000503763
0.000529627
0.000547663
0.000559609
0.000567297
0.00057077
0.000570114
0.000565263
0.000556219
0.00054423
0.000544929
0.000558386
0.000567278
0.000570885
0.000569502
0.000563495
0.000553071
0.000538465
0.000518321
0.000492706
0.000515165
0.000550762
0.000577152
0.000595919
0.000609282
0.000617477
0.000620679
0.00061836
0.000609821
0.000595544
0.000597105
0.000613269
0.000622022
0.000623135
0.000617727
0.000606829
0.000590621
0.000569206
0.000540769
0.000505193
0.000530761
0.000575765
0.000610188
0.000634879
0.00065349
0.000667082
0.000675667
0.000678793
0.000675209
0.000662964
0.000664843
0.000678289
0.000682455
0.000678775
0.000668636
0.000652905
0.000631829
0.000604584
0.000567892
0.000522192
)
;

boundaryField
{
    floor
    {
        type            compressible::alphatWallFunction;
        Prt             0.85;
        value           nonuniform List<scalar> 
400
(
4.74214e-05
4.16508e-05
3.27342e-05
2.44752e-05
1.98694e-05
1.61013e-05
1.3458e-05
1.17038e-05
1.04355e-05
9.54265e-06
9.10059e-06
9.13855e-06
9.82681e-06
1.11935e-05
1.36665e-05
1.66387e-05
1.79945e-05
2.62517e-05
3.90349e-05
4.6125e-05
4.16508e-05
3.92612e-05
3.2084e-05
2.67837e-05
2.49852e-05
2.27889e-05
1.94653e-05
1.66261e-05
1.46194e-05
1.32603e-05
1.28518e-05
1.30888e-05
1.43644e-05
1.72442e-05
2.10905e-05
2.23872e-05
2.08251e-05
2.4451e-05
3.34108e-05
3.79323e-05
3.27342e-05
3.2084e-05
2.87278e-05
2.76939e-05
2.77851e-05
2.60032e-05
2.28249e-05
1.97441e-05
1.73492e-05
1.57917e-05
1.56142e-05
1.59307e-05
1.73932e-05
2.04929e-05
2.42324e-05
2.59908e-05
2.34037e-05
2.21659e-05
2.4443e-05
2.56191e-05
2.44752e-05
2.67837e-05
2.76939e-05
2.9051e-05
2.92469e-05
2.73659e-05
2.45619e-05
2.17144e-05
1.93903e-05
1.78624e-05
1.7835e-05
1.80721e-05
1.94306e-05
2.21982e-05
2.53728e-05
2.78201e-05
2.66496e-05
2.32821e-05
2.06824e-05
1.73083e-05
1.98694e-05
2.49852e-05
2.77851e-05
2.92469e-05
2.89657e-05
2.742e-05
2.52449e-05
2.29798e-05
2.10633e-05
1.97666e-05
1.97974e-05
1.98323e-05
2.08726e-05
2.30531e-05
2.53579e-05
2.73803e-05
2.80378e-05
2.58712e-05
2.1684e-05
1.53701e-05
1.61013e-05
2.27889e-05
2.60032e-05
2.73659e-05
2.742e-05
2.66163e-05
2.52665e-05
2.38211e-05
2.25549e-05
2.17049e-05
2.17194e-05
2.14327e-05
2.19468e-05
2.33254e-05
2.46187e-05
2.55082e-05
2.57479e-05
2.4707e-05
2.13768e-05
1.30433e-05
1.34579e-05
1.94653e-05
2.28249e-05
2.45619e-05
2.52449e-05
2.52665e-05
2.49329e-05
2.44284e-05
2.39893e-05
2.37914e-05
2.39201e-05
2.30471e-05
2.28154e-05
2.32263e-05
2.34723e-05
2.32909e-05
2.24845e-05
2.07522e-05
1.72867e-05
1.03511e-05
1.17038e-05
1.66261e-05
1.97441e-05
2.17144e-05
2.29797e-05
2.38211e-05
2.44284e-05
2.49154e-05
2.53765e-05
2.59029e-05
2.65173e-05
2.4776e-05
2.36571e-05
2.3041e-05
2.22813e-05
2.12175e-05
1.97118e-05
1.75391e-05
1.41872e-05
9.01716e-06
1.04355e-05
1.46194e-05
1.73492e-05
1.93903e-05
2.10633e-05
2.25549e-05
2.39893e-05
2.53765e-05
2.67329e-05
2.90256e-05
2.92059e-05
2.62848e-05
2.45055e-05
2.29523e-05
2.14118e-05
1.97978e-05
1.79779e-05
1.5776e-05
1.2876e-05
8.69827e-06
9.54265e-06
1.32602e-05
1.57917e-05
1.78624e-05
1.97666e-05
2.17049e-05
2.37914e-05
2.59029e-05
2.90256e-05
8.49546e-06
8.50762e-06
2.90778e-05
2.63413e-05
2.3595e-05
2.12743e-05
1.93434e-05
1.74905e-05
1.54722e-05
1.28966e-05
8.85572e-06
9.10059e-06
1.28518e-05
1.56142e-05
1.7835e-05
1.97974e-05
2.17194e-05
2.39201e-05
2.65173e-05
2.92059e-05
8.50762e-06
8.85486e-06
2.98909e-05
2.74106e-05
2.44584e-05
2.19959e-05
1.99534e-05
1.79815e-05
1.58562e-05
1.32424e-05
9.11044e-06
9.13855e-06
1.30888e-05
1.59307e-05
1.80721e-05
1.98323e-05
2.14327e-05
2.30471e-05
2.4776e-05
2.62848e-05
2.90778e-05
2.98909e-05
2.7466e-05
2.51998e-05
2.32059e-05
2.15588e-05
1.99875e-05
1.82842e-05
1.62503e-05
1.35479e-05
9.30575e-06
9.82681e-06
1.43644e-05
1.73932e-05
1.94306e-05
2.08726e-05
2.19468e-05
2.28154e-05
2.36571e-05
2.45055e-05
2.63413e-05
2.74106e-05
2.51998e-05
2.34851e-05
2.2455e-05
2.15672e-05
2.05203e-05
1.91303e-05
1.71689e-05
1.42123e-05
9.58974e-06
1.11935e-05
1.72442e-05
2.04929e-05
2.21982e-05
2.30531e-05
2.33254e-05
2.32263e-05
2.3041e-05
2.29523e-05
2.3595e-05
2.44584e-05
2.32059e-05
2.2455e-05
2.23493e-05
2.22255e-05
2.17527e-05
2.07321e-05
1.88884e-05
1.57079e-05
1.02706e-05
1.36665e-05
2.10905e-05
2.42324e-05
2.53728e-05
2.53579e-05
2.46187e-05
2.34723e-05
2.22813e-05
2.14118e-05
2.12743e-05
2.19959e-05
2.15588e-05
2.15672e-05
2.22255e-05
2.28278e-05
2.30585e-05
2.27058e-05
2.14408e-05
1.84866e-05
1.15797e-05
1.66387e-05
2.23872e-05
2.59908e-05
2.78201e-05
2.73803e-05
2.55082e-05
2.32909e-05
2.12175e-05
1.97978e-05
1.93434e-05
1.99534e-05
1.99875e-05
2.05203e-05
2.17527e-05
2.30585e-05
2.43199e-05
2.50566e-05
2.41745e-05
2.1037e-05
1.49417e-05
1.79945e-05
2.08251e-05
2.34037e-05
2.66496e-05
2.80378e-05
2.57479e-05
2.24845e-05
1.97118e-05
1.79779e-05
1.74905e-05
1.79815e-05
1.82842e-05
1.91303e-05
2.07321e-05
2.27058e-05
2.50566e-05
2.54049e-05
2.27626e-05
1.86111e-05
1.47124e-05
2.62517e-05
2.4451e-05
2.21659e-05
2.32821e-05
2.58712e-05
2.4707e-05
2.07522e-05
1.75391e-05
1.5776e-05
1.54722e-05
1.58562e-05
1.62503e-05
1.71689e-05
1.88884e-05
2.14408e-05
2.41745e-05
2.27626e-05
1.99135e-05
1.93853e-05
1.84933e-05
3.90349e-05
3.34108e-05
2.4443e-05
2.06824e-05
2.1684e-05
2.13768e-05
1.72867e-05
1.41872e-05
1.2876e-05
1.28966e-05
1.32424e-05
1.35479e-05
1.42123e-05
1.57079e-05
1.84866e-05
2.1037e-05
1.86111e-05
1.93853e-05
2.25364e-05
2.78179e-05
4.6125e-05
3.79323e-05
2.56191e-05
1.73083e-05
1.53701e-05
1.30433e-05
1.03511e-05
9.01716e-06
8.69827e-06
8.85572e-06
9.11044e-06
9.30575e-06
9.58974e-06
1.02706e-05
1.15797e-05
1.49417e-05
1.47124e-05
1.84933e-05
2.78179e-05
3.81368e-05
)
;
    }
    ceiling
    {
        type            compressible::alphatWallFunction;
        Prt             0.85;
        value           nonuniform List<scalar> 
400
(
7.56406e-05
8.26077e-05
8.80166e-05
9.19086e-05
9.48336e-05
9.69624e-05
9.83095e-05
9.87918e-05
9.82852e-05
9.6615e-05
9.63305e-05
9.7954e-05
9.81061e-05
9.72355e-05
9.5546e-05
9.31428e-05
9.00224e-05
8.60385e-05
8.06936e-05
7.41278e-05
8.26077e-05
8.98115e-05
9.56154e-05
0.000100043
0.000103616
0.000106444
0.000108444
0.000109397
0.000109089
0.000107342
0.000107138
0.00010876
0.000108664
0.000107264
0.000104883
0.000101772
9.80169e-05
9.354e-05
8.7854e-05
8.1031e-05
8.80166e-05
9.56154e-05
0.000101716
0.000106533
0.000110597
0.000113991
0.000116574
0.000117985
0.00011789
0.000115991
0.000115874
0.000117565
0.000117191
0.000115272
0.000112267
0.000108578
0.000104329
9.94856e-05
9.35276e-05
8.62754e-05
9.19086e-05
0.000100043
0.000106533
0.000111814
0.000116503
0.000120643
0.000123976
0.000126088
0.000126527
0.000125071
0.000124967
0.000126157
0.000125213
0.000122574
0.000118788
0.000114317
0.000109424
0.000104153
9.78312e-05
9.00258e-05
9.48336e-05
0.000103616
0.000110597
0.000116503
0.000122147
0.000127197
0.000131368
0.000134273
0.000135482
0.000134822
0.000134652
0.000135048
0.000133356
0.000129938
0.000125305
0.000119906
0.000114017
0.000108117
0.000101316
9.28475e-05
9.69624e-05
0.000106444
0.000113991
0.000120643
0.000127197
0.000133121
0.000138188
0.000142066
0.000144405
0.000145085
0.000144784
0.000143871
0.000141114
0.000136752
0.000131224
0.000124944
0.000118154
0.000111474
0.000104091
9.49077e-05
9.83095e-05
0.000108444
0.000116574
0.000123976
0.000131368
0.000138188
0.000144299
0.000149511
0.000153736
0.000157023
0.000156578
0.000153013
0.000148467
0.00014283
0.000136286
0.000129117
0.000121501
0.000114019
0.000106049
9.62129e-05
9.87918e-05
0.000109397
0.000117985
0.000126088
0.000134273
0.000142066
0.000149511
0.000156785
0.000164335
0.000172422
0.000171946
0.000163324
0.000155493
0.000147904
0.000140097
0.000131993
0.000123608
0.000115431
0.000107002
9.66984e-05
9.82852e-05
0.000109089
0.00011789
0.000126527
0.000135482
0.000144405
0.000153736
0.000164335
0.000177083
0.000190702
0.00019053
0.000175678
0.000162637
0.000151836
0.000142242
0.000133074
0.000123972
0.000115268
0.000106658
9.61877e-05
9.6615e-05
0.000107342
0.000115991
0.000125071
0.000134822
0.000145085
0.000157023
0.000172422
0.000190702
0.000193593
0.000196605
0.000188387
0.00016996
0.000154594
0.000142492
0.000132074
0.00012226
0.000113122
0.00010474
9.43997e-05
9.63305e-05
0.000107138
0.000115874
0.000124967
0.000134652
0.000144784
0.000156578
0.000171946
0.00019053
0.000196605
0.000198533
0.00018921
0.00017067
0.000155166
0.000143032
0.000132723
0.000122985
0.000113805
0.000105206
9.46124e-05
9.7954e-05
0.00010876
0.000117565
0.000126157
0.000135048
0.000143871
0.000153013
0.000163324
0.000175678
0.000188387
0.00018921
0.000175622
0.000162752
0.000152036
0.000142723
0.000133858
0.000124922
0.000116224
0.000107359
9.65807e-05
9.81061e-05
0.000108664
0.000117191
0.000125213
0.000133356
0.000141114
0.000148467
0.000155493
0.000162637
0.00016996
0.00017067
0.000162752
0.000155111
0.000147916
0.000140607
0.000132858
0.000124635
0.000116479
0.000107794
9.71474e-05
9.72355e-05
0.000107264
0.000115272
0.000122574
0.000129938
0.000136752
0.00014283
0.000147904
0.000151836
0.000154594
0.000155166
0.000152036
0.000147916
0.000142879
0.00013685
0.000129962
0.000122431
0.000114923
0.000106718
9.65484e-05
9.5546e-05
0.000104883
0.000112267
0.000118788
0.000125305
0.000131224
0.000136286
0.000140097
0.000142242
0.000142492
0.000143032
0.000142723
0.000140607
0.00013685
0.000131719
0.000125589
0.000118803
0.000112043
0.000104463
9.49886e-05
9.31428e-05
0.000101772
0.000108578
0.000114317
0.000119906
0.000124944
0.000129117
0.000131993
0.000133074
0.000132074
0.000132723
0.000133858
0.000132858
0.000129962
0.000125589
0.000120219
0.000114273
0.000108284
0.000101313
9.25925e-05
9.00224e-05
9.80169e-05
0.000104329
0.000109424
0.000114017
0.000118154
0.000121501
0.000123608
0.000123972
0.00012226
0.000122985
0.000124922
0.000124635
0.000122431
0.000118803
0.000114273
0.000109304
0.00010392
9.7434e-05
8.93917e-05
8.60385e-05
9.354e-05
9.94856e-05
0.000104153
0.000108117
0.000111474
0.000114019
0.000115431
0.000115268
0.000113122
0.000113805
0.000116224
0.000116479
0.000114923
0.000112043
0.000108284
0.00010392
9.89251e-05
9.27708e-05
8.52544e-05
8.06936e-05
8.7854e-05
9.35276e-05
9.78312e-05
0.000101316
0.000104091
0.000106049
0.000107002
0.000106658
0.00010474
0.000105206
0.000107359
0.000107794
0.000106718
0.000104463
0.000101313
9.7434e-05
9.27708e-05
8.68385e-05
7.96715e-05
7.41278e-05
8.1031e-05
8.62754e-05
9.00258e-05
9.28475e-05
9.49077e-05
9.62129e-05
9.66984e-05
9.61877e-05
9.43997e-05
9.46124e-05
9.65807e-05
9.71474e-05
9.65484e-05
9.49886e-05
9.25925e-05
8.93917e-05
8.52544e-05
7.96715e-05
7.26805e-05
)
;
    }
    fixedWalls
    {
        type            compressible::alphatWallFunction;
        Prt             0.85;
        value           nonuniform List<scalar> 
800
(
4.73204e-05
5.92412e-05
6.32634e-05
6.54691e-05
6.7031e-05
6.83788e-05
6.97303e-05
7.12129e-05
7.30494e-05
7.55037e-05
4.15613e-05
5.6458e-05
6.15092e-05
6.47617e-05
6.74874e-05
7.00914e-05
7.26921e-05
7.54143e-05
7.87058e-05
8.24595e-05
3.26613e-05
5.15619e-05
5.73988e-05
6.15724e-05
6.58798e-05
7.03131e-05
7.44682e-05
7.85008e-05
8.3011e-05
8.78593e-05
2.44158e-05
4.452e-05
5.18592e-05
5.66299e-05
6.31601e-05
6.97322e-05
7.54115e-05
8.05971e-05
8.61073e-05
9.17444e-05
1.98165e-05
3.51631e-05
4.50337e-05
5.07508e-05
6.00279e-05
6.87891e-05
7.58244e-05
8.20009e-05
8.83391e-05
9.4664e-05
1.60534e-05
2.3241e-05
3.72819e-05
4.47621e-05
5.69563e-05
6.76041e-05
7.57269e-05
8.27028e-05
8.97281e-05
9.67888e-05
1.34139e-05
1.62866e-05
2.98476e-05
3.91325e-05
5.40839e-05
6.61861e-05
7.51237e-05
8.26989e-05
9.02855e-05
9.81331e-05
1.16621e-05
1.48436e-05
2.11167e-05
3.33991e-05
5.13316e-05
6.45856e-05
7.40322e-05
8.19753e-05
8.99323e-05
9.86143e-05
1.03954e-05
1.45699e-05
1.73147e-05
2.80207e-05
4.88448e-05
6.28924e-05
7.25489e-05
8.05665e-05
8.85996e-05
9.81082e-05
9.50366e-06
1.48553e-05
1.82823e-05
2.39219e-05
4.67484e-05
6.1312e-05
7.09559e-05
7.87829e-05
8.65108e-05
9.64406e-05
9.06228e-06
1.4964e-05
1.81649e-05
2.23925e-05
4.52131e-05
6.06098e-05
7.05367e-05
7.84936e-05
8.62699e-05
9.61567e-05
9.10025e-06
1.46909e-05
1.74294e-05
2.3781e-05
4.63038e-05
6.18535e-05
7.20701e-05
8.03525e-05
8.8431e-05
9.77776e-05
9.78755e-06
1.47934e-05
1.92611e-05
3.00919e-05
4.89596e-05
6.33504e-05
7.32535e-05
8.13947e-05
8.93485e-05
9.79297e-05
1.11522e-05
1.59327e-05
2.89098e-05
3.67971e-05
5.19934e-05
6.47808e-05
7.40312e-05
8.17092e-05
8.92422e-05
9.70609e-05
1.36217e-05
2.21319e-05
3.66636e-05
4.30803e-05
5.51222e-05
6.60872e-05
7.4377e-05
8.13653e-05
8.83141e-05
9.53746e-05
1.65906e-05
3.5784e-05
4.38833e-05
4.9695e-05
5.85467e-05
6.72641e-05
7.42857e-05
8.04143e-05
8.66817e-05
9.29759e-05
1.79458e-05
4.40763e-05
5.10899e-05
5.57415e-05
6.19518e-05
6.82283e-05
7.37486e-05
7.88292e-05
8.4263e-05
8.98611e-05
2.61914e-05
5.13328e-05
5.67172e-05
6.07752e-05
6.47865e-05
6.88334e-05
7.27525e-05
7.66404e-05
8.10649e-05
8.58841e-05
3.89515e-05
5.59359e-05
6.07057e-05
6.38108e-05
6.63168e-05
6.86457e-05
7.10443e-05
7.36441e-05
7.68215e-05
8.05482e-05
4.60269e-05
5.83751e-05
6.22577e-05
6.43922e-05
6.58764e-05
6.71442e-05
6.84128e-05
6.98222e-05
7.15888e-05
7.39929e-05
4.60269e-05
5.83751e-05
6.22577e-05
6.43922e-05
6.58764e-05
6.71442e-05
6.84128e-05
6.98222e-05
7.15888e-05
7.39929e-05
3.78511e-05
5.5191e-05
5.97758e-05
6.29412e-05
6.56819e-05
6.83932e-05
7.1083e-05
7.38288e-05
7.70695e-05
8.08849e-05
2.55597e-05
4.99454e-05
5.51495e-05
5.89882e-05
6.34113e-05
6.81278e-05
7.24945e-05
7.66281e-05
8.1121e-05
8.61206e-05
1.72605e-05
4.31767e-05
4.93648e-05
5.34026e-05
6.01384e-05
6.71885e-05
7.31726e-05
7.84892e-05
8.40002e-05
8.98643e-05
1.53238e-05
3.6279e-05
4.27769e-05
4.72985e-05
5.66578e-05
6.59921e-05
7.33783e-05
7.96949e-05
8.6052e-05
9.26809e-05
1.29993e-05
2.41845e-05
3.65953e-05
4.13584e-05
5.34583e-05
6.46151e-05
7.31101e-05
8.02514e-05
8.73154e-05
9.47372e-05
1.0311e-05
1.61598e-05
3.04298e-05
3.59492e-05
5.05456e-05
6.30889e-05
7.23906e-05
8.01736e-05
8.78197e-05
9.60398e-05
8.97906e-06
1.50929e-05
2.22255e-05
3.04825e-05
4.7727e-05
6.14003e-05
7.12606e-05
7.94523e-05
8.74867e-05
9.65241e-05
8.66058e-06
1.45999e-05
1.67103e-05
2.49804e-05
4.49449e-05
5.96216e-05
6.97856e-05
7.80945e-05
8.62205e-05
9.60139e-05
8.81773e-06
1.44128e-05
1.72906e-05
2.04302e-05
4.25477e-05
5.79269e-05
6.81658e-05
7.62935e-05
8.41043e-05
9.42288e-05
9.07197e-06
1.418e-05
1.76657e-05
1.99901e-05
4.0863e-05
5.73708e-05
6.80071e-05
7.63347e-05
8.42709e-05
9.44414e-05
9.26696e-06
1.39772e-05
1.73258e-05
2.09131e-05
4.22319e-05
5.88611e-05
6.96968e-05
7.83365e-05
8.66554e-05
9.64065e-05
9.55061e-06
1.40225e-05
1.69427e-05
2.75985e-05
4.53399e-05
6.05852e-05
7.1104e-05
7.96376e-05
8.79083e-05
9.69725e-05
1.02306e-05
1.55091e-05
2.51199e-05
3.4078e-05
4.8564e-05
6.21692e-05
7.20448e-05
8.01391e-05
8.80233e-05
9.63749e-05
1.1538e-05
1.81878e-05
3.39606e-05
3.96457e-05
5.15902e-05
6.35115e-05
7.24799e-05
7.98866e-05
8.71667e-05
9.4818e-05
1.48958e-05
3.06657e-05
4.06024e-05
4.56897e-05
5.48286e-05
6.46641e-05
7.24002e-05
7.89323e-05
8.54856e-05
9.24264e-05
1.46676e-05
3.89238e-05
4.72372e-05
5.18e-05
5.84097e-05
6.56012e-05
7.17997e-05
7.73075e-05
8.30037e-05
8.92312e-05
1.84442e-05
4.60189e-05
5.31632e-05
5.72124e-05
6.16252e-05
6.6297e-05
7.07604e-05
7.50465e-05
7.97291e-05
8.5101e-05
2.77554e-05
5.21887e-05
5.75818e-05
6.09415e-05
6.37217e-05
6.63624e-05
6.90856e-05
7.19421e-05
7.53808e-05
7.95274e-05
3.80556e-05
5.5354e-05
5.98016e-05
6.21412e-05
6.37364e-05
6.50883e-05
6.64645e-05
6.80034e-05
6.993e-05
7.25476e-05
4.73204e-05
5.92412e-05
6.32634e-05
6.54691e-05
6.7031e-05
6.83788e-05
6.97303e-05
7.12129e-05
7.30494e-05
7.55037e-05
4.15613e-05
5.6458e-05
6.15092e-05
6.47617e-05
6.74874e-05
7.00914e-05
7.26921e-05
7.54143e-05
7.87058e-05
8.24595e-05
3.26613e-05
5.15619e-05
5.73988e-05
6.15724e-05
6.58798e-05
7.03131e-05
7.44682e-05
7.85008e-05
8.3011e-05
8.78593e-05
2.44158e-05
4.452e-05
5.18592e-05
5.66299e-05
6.31601e-05
6.97322e-05
7.54115e-05
8.05971e-05
8.61073e-05
9.17444e-05
1.98165e-05
3.51631e-05
4.50337e-05
5.07508e-05
6.00279e-05
6.87891e-05
7.58244e-05
8.20009e-05
8.83391e-05
9.4664e-05
1.60534e-05
2.3241e-05
3.72819e-05
4.47621e-05
5.69563e-05
6.76041e-05
7.57269e-05
8.27028e-05
8.97281e-05
9.67888e-05
1.34139e-05
1.62866e-05
2.98476e-05
3.91325e-05
5.40839e-05
6.61861e-05
7.51237e-05
8.26989e-05
9.02855e-05
9.81331e-05
1.16621e-05
1.48436e-05
2.11167e-05
3.33991e-05
5.13316e-05
6.45856e-05
7.40322e-05
8.19753e-05
8.99323e-05
9.86143e-05
1.03954e-05
1.45699e-05
1.73147e-05
2.80207e-05
4.88448e-05
6.28924e-05
7.25489e-05
8.05665e-05
8.85996e-05
9.81082e-05
9.50365e-06
1.48553e-05
1.82823e-05
2.39219e-05
4.67484e-05
6.1312e-05
7.09559e-05
7.87829e-05
8.65108e-05
9.64406e-05
9.06228e-06
1.4964e-05
1.81649e-05
2.23925e-05
4.52131e-05
6.06098e-05
7.05367e-05
7.84936e-05
8.62699e-05
9.61567e-05
9.10025e-06
1.46909e-05
1.74294e-05
2.3781e-05
4.63038e-05
6.18535e-05
7.20701e-05
8.03525e-05
8.8431e-05
9.77776e-05
9.78755e-06
1.47934e-05
1.92611e-05
3.00919e-05
4.89596e-05
6.33504e-05
7.32535e-05
8.13947e-05
8.93485e-05
9.79297e-05
1.11522e-05
1.59327e-05
2.89098e-05
3.67971e-05
5.19934e-05
6.47808e-05
7.40312e-05
8.17092e-05
8.92422e-05
9.70609e-05
1.36217e-05
2.21319e-05
3.66636e-05
4.30803e-05
5.51222e-05
6.60872e-05
7.4377e-05
8.13653e-05
8.83141e-05
9.53746e-05
1.65906e-05
3.5784e-05
4.38833e-05
4.9695e-05
5.85467e-05
6.72641e-05
7.42857e-05
8.04143e-05
8.66817e-05
9.29759e-05
1.79458e-05
4.40763e-05
5.10899e-05
5.57415e-05
6.19518e-05
6.82283e-05
7.37486e-05
7.88292e-05
8.4263e-05
8.98611e-05
2.61914e-05
5.13328e-05
5.67172e-05
6.07752e-05
6.47865e-05
6.88334e-05
7.27525e-05
7.66404e-05
8.10649e-05
8.58841e-05
3.89515e-05
5.59359e-05
6.07057e-05
6.38108e-05
6.63168e-05
6.86457e-05
7.10443e-05
7.36441e-05
7.68215e-05
8.05482e-05
4.60269e-05
5.83751e-05
6.22577e-05
6.43922e-05
6.58764e-05
6.71442e-05
6.84128e-05
6.98222e-05
7.15888e-05
7.39929e-05
4.60269e-05
5.83751e-05
6.22577e-05
6.43922e-05
6.58764e-05
6.71442e-05
6.84128e-05
6.98222e-05
7.15888e-05
7.39929e-05
3.78511e-05
5.5191e-05
5.97758e-05
6.29412e-05
6.56819e-05
6.83932e-05
7.1083e-05
7.38288e-05
7.70695e-05
8.08849e-05
2.55597e-05
4.99454e-05
5.51495e-05
5.89882e-05
6.34113e-05
6.81278e-05
7.24945e-05
7.66281e-05
8.1121e-05
8.61206e-05
1.72605e-05
4.31767e-05
4.93648e-05
5.34026e-05
6.01384e-05
6.71885e-05
7.31726e-05
7.84892e-05
8.40002e-05
8.98643e-05
1.53238e-05
3.6279e-05
4.27769e-05
4.72985e-05
5.66578e-05
6.59921e-05
7.33783e-05
7.96949e-05
8.6052e-05
9.26809e-05
1.29993e-05
2.41845e-05
3.65953e-05
4.13584e-05
5.34583e-05
6.46151e-05
7.31101e-05
8.02514e-05
8.73154e-05
9.47372e-05
1.0311e-05
1.61598e-05
3.04298e-05
3.59492e-05
5.05456e-05
6.30889e-05
7.23906e-05
8.01736e-05
8.78197e-05
9.60398e-05
8.97906e-06
1.50929e-05
2.22255e-05
3.04825e-05
4.7727e-05
6.14003e-05
7.12606e-05
7.94523e-05
8.74867e-05
9.65241e-05
8.66058e-06
1.45999e-05
1.67103e-05
2.49804e-05
4.49449e-05
5.96216e-05
6.97856e-05
7.80945e-05
8.62205e-05
9.60139e-05
8.81773e-06
1.44128e-05
1.72906e-05
2.04302e-05
4.25477e-05
5.79269e-05
6.81658e-05
7.62935e-05
8.41043e-05
9.42288e-05
9.07197e-06
1.418e-05
1.76657e-05
1.99901e-05
4.0863e-05
5.73708e-05
6.80071e-05
7.63347e-05
8.42709e-05
9.44414e-05
9.26696e-06
1.39772e-05
1.73258e-05
2.09131e-05
4.22319e-05
5.88611e-05
6.96968e-05
7.83365e-05
8.66554e-05
9.64065e-05
9.55062e-06
1.40225e-05
1.69427e-05
2.75985e-05
4.53399e-05
6.05852e-05
7.1104e-05
7.96376e-05
8.79083e-05
9.69725e-05
1.02306e-05
1.55091e-05
2.51199e-05
3.4078e-05
4.8564e-05
6.21692e-05
7.20448e-05
8.01391e-05
8.80233e-05
9.63749e-05
1.1538e-05
1.81878e-05
3.39606e-05
3.96457e-05
5.15902e-05
6.35115e-05
7.24799e-05
7.98866e-05
8.71667e-05
9.4818e-05
1.48958e-05
3.06657e-05
4.06025e-05
4.56897e-05
5.48286e-05
6.46641e-05
7.24002e-05
7.89323e-05
8.54856e-05
9.24264e-05
1.46676e-05
3.89238e-05
4.72372e-05
5.18e-05
5.84097e-05
6.56012e-05
7.17997e-05
7.73075e-05
8.30037e-05
8.92312e-05
1.84442e-05
4.60189e-05
5.31632e-05
5.72124e-05
6.16252e-05
6.6297e-05
7.07604e-05
7.50465e-05
7.97291e-05
8.5101e-05
2.77554e-05
5.21887e-05
5.75818e-05
6.09415e-05
6.37217e-05
6.63624e-05
6.90856e-05
7.19421e-05
7.53808e-05
7.95274e-05
3.80556e-05
5.5354e-05
5.98016e-05
6.21412e-05
6.37364e-05
6.50883e-05
6.64645e-05
6.80034e-05
6.993e-05
7.25476e-05
)
;
    }
}


// ************************************************************************* //
