/*--------------------------------*- C++ -*----------------------------------*\
  =========                 |
  \\      /  F ield         | OpenFOAM: The Open Source CFD Toolbox
   \\    /   O peration     | Website:  https://openfoam.org
    \\  /    A nd           | Version:  9
     \\/     M anipulation  |
\*---------------------------------------------------------------------------*/
FoamFile
{
    format      ascii;
    class       volScalarField::Internal;
    location    "200";
    object      tmp<kEpsilon:G>;
}
// * * * * * * * * * * * * * * * * * * * * * * * * * * * * * * * * * * * * * //

dimensions      [0 2 -3 0 0 0 0];

value           nonuniform List<scalar> 
12225
(
0
0
0
0
0
0
0
0
0
0
0
0
0
0
0
0
0
0
947.066
499.276
262.426
277.618
379.803
495.343
604.963
715.416
802.499
888.851
950.184
1009.34
1048.97
1086.28
1113.96
1133.26
1171.33
1145.43
86.0782
123.082
55.4855
17.2167
5.17978
4.3949
8.79593
16.6833
26.6061
38.3826
50.8907
64.0877
77.5371
90.4452
104.112
115.59
130.137
136.579
5.16944
1.72722
0.642803
0.702594
0.465971
0.185617
0.0272081
0.189495
0.79109
1.88214
3.44631
5.42524
7.84024
10.4331
13.5115
16.4285
19.9939
22.9191
0.228996
0.13228
0.147929
0.313818
0.425644
0.405549
0.288132
0.152138
0.0558011
0.0243681
0.0745153
0.214005
0.452245
0.773383
1.20566
1.68784
2.28257
2.86494
0.178055
0.187882
0.265156
0.319935
0.322041
0.316544
0.288454
0.237169
0.180215
0.124854
0.0777656
0.0432478
0.0261159
0.0287889
0.0537815
0.100381
0.166548
0.246852
0.127219
0.21011
0.230412
0.21229
0.211438
0.229508
0.237129
0.22565
0.205872
0.181713
0.155706
0.128594
0.103617
0.0821479
0.0661039
0.0574353
0.0563922
0.062336
0.0976962
0.147833
0.159056
0.156512
0.166782
0.18703
0.199169
0.19863
0.192833
0.184537
0.174391
0.16218
0.149722
0.137785
0.128045
0.121763
0.120995
0.123561
0.0742239
0.104044
0.121593
0.129844
0.141252
0.15691
0.167918
0.171164
0.17093
0.169487
0.166997
0.163409
0.159514
0.156126
0.154306
0.154944
0.159649
0.166097
0.0562292
0.0772535
0.0968935
0.108343
0.118853
0.131655
0.141955
0.147073
0.149374
0.150845
0.151831
0.152294
0.152848
0.154025
0.156665
0.161053
0.168472
0.176294
0.0424714
0.0582994
0.0768617
0.0894265
0.0998008
0.111108
0.120755
0.126666
0.130161
0.132878
0.13533
0.137577
0.140054
0.143161
0.147454
0.152958
0.160412
0.167668
0.0325349
0.0451318
0.0620156
0.0750411
0.0854245
0.0957289
0.104691
0.110809
0.114829
0.118044
0.121021
0.123888
0.126965
0.130545
0.13498
0.140176
0.146551
0.152387
0.024643
0.0347831
0.0499072
0.0630115
0.0734331
0.0830625
0.0914761
0.0976441
0.101958
0.105401
0.10853
0.111529
0.114628
0.118042
0.121974
0.126298
0.131243
0.13555
0.0176582
0.0257729
0.0389567
0.0515642
0.0618965
0.0710127
0.0789318
0.0850513
0.0895433
0.0930937
0.0962036
0.0990889
0.101919
0.104836
0.107948
0.111129
0.114522
0.11727
0.0117274
0.0182928
0.0296403
0.0413834
0.0514041
0.0600541
0.067507
0.0734686
0.0779985
0.0815429
0.0845131
0.0871281
0.0895214
0.0917846
0.0939812
0.0960123
0.0979918
0.0994017
0.00694924
0.0123463
0.0220683
0.0327711
0.0422958
0.0504912
0.0574993
0.0632012
0.0676183
0.071033
0.0737601
0.0760043
0.0778831
0.0794693
0.0808132
0.0818647
0.0827277
0.083152
0.00340833
0.00796342
0.016375
0.0260552
0.0349838
0.0427129
0.0492818
0.0546425
0.058811
0.0619732
0.0643704
0.0661869
0.0675394
0.0685034
0.0691373
0.0694395
0.0694992
0.0692714
0.00121667
0.00522837
0.0127274
0.0215751
0.0299
0.0371228
0.0432108
0.0481396
0.0519269
0.0547139
0.0567007
0.0580586
0.0589091
0.0593389
0.0594186
0.0591859
0.0587032
0.0580742
0.000668702
0.00447387
0.0116207
0.0200809
0.0279947
0.0347647
0.040372
0.0448112
0.0481035
0.0503879
0.0518675
0.0527208
0.0530774
0.0530352
0.0526741
0.0520609
0.0512198
0.0503688
0.00202677
0.00607964
0.0136876
0.0224276
0.0302293
0.0366748
0.0419104
0.0459261
0.0487153
0.0504536
0.0513979
0.0517524
0.0516522
0.0511996
0.0504787
0.0495663
0.0484623
0.0474216
0.00470314
0.0094196
0.0181563
0.0275399
0.0352199
0.0412752
0.0461539
0.0497804
0.0520866
0.0533175
0.0537989
0.0537429
0.0532727
0.0524956
0.0515024
0.0503765
0.0490999
0.0479334
0.00868867
0.0148622
0.0252869
0.035245
0.042779
0.0485569
0.0530632
0.0560633
0.0576051
0.058176
0.0581738
0.0577469
0.0569617
0.0559204
0.0547131
0.053422
0.0520071
0.0507366
0.0139555
0.0239033
0.0362082
0.0444511
0.0509119
0.0572635
0.0624157
0.0650647
0.0656222
0.0652507
0.0645233
0.0635063
0.0622067
0.0607359
0.0591667
0.0575713
0.0558749
0.0543171
0.0214245
0.0421783
0.0593277
0.0605772
0.0598742
0.0639446
0.0699038
0.0737466
0.0750035
0.0750006
0.074247
0.0727431
0.0705685
0.0679998
0.065174
0.062247
0.0591439
0.0562237
0.0431863
0.0754097
0.0937656
0.105021
0.0975152
0.0905402
0.0880032
0.0867356
0.0852407
0.0834424
0.0805418
0.0760926
0.0702654
0.0636986
0.0568083
0.0500751
0.0436587
0.0380433
0.0800869
0.213427
0.0681536
0.0791205
0.167922
0.215376
0.214721
0.189875
0.158714
0.128088
0.0989508
0.0725883
0.0506704
0.0349093
0.0263846
0.0258646
0.0334604
0.0490875
0.667494
0.126972
0.315737
0.505508
0.37319
0.295622
0.229547
0.141664
0.0605516
0.0116415
0.0105987
0.0682082
0.189201
0.374978
0.620552
0.923988
1.27145
1.66084
32.2301
70.9022
43.2292
18.261
7.06666
2.67131
1.11391
1.00814
1.8168
3.28554
5.25821
7.63558
10.2756
13.1586
16.1301
19.2261
22.2428
25.2883
455.62
257.636
100.996
70.5625
91.6366
128.071
167.963
206.007
241.15
273.901
303.025
329.703
353.018
374.431
392.969
410.451
425.841
440.914
0
0
0
0
0
0
0
0
0
0
0
0
0
0
0
0
0
0
0
0
0
0
0
0
0
0
0
0
0
0
0
0
0
0
0
0
0
0
0
0
0
0
0
0
0
0
0
0
0
0
0
0
11.6372
12.3428
13.077
14.543
15.6971
17.1814
18.6506
20.2457
21.904
23.6551
25.4863
27.4045
29.4072
31.4979
33.6756
35.9438
38.3012
40.7516
43.2935
45.9305
48.6607
51.4877
54.4088
57.4275
60.5405
63.7509
67.0544
70.4538
73.944
77.5275
81.1978
84.9569
88.7975
92.7207
96.7181
100.79
104.928
109.13
113.387
117.696
122.047
126.437
130.854
135.293
139.742
144.196
148.64
153.069
157.467
161.826
166.13
170.368
174.523
178.581
182.524
186.334
189.993
193.48
196.778
199.878
202.787
205.5
208.019
210.333
212.434
214.312
215.958
217.362
218.515
219.41
220.039
220.396
220.475
220.272
219.784
219.007
217.941
216.586
214.944
213.016
210.808
208.324
205.573
202.561
199.302
195.807
192.079
188.077
183.916
179.532
175.002
170.329
165.495
160.531
155.458
150.289
145.045
139.741
134.397
129.03
123.656
118.292
112.954
107.654
102.41
97.2354
92.1443
87.1478
82.2542
77.4701
72.8009
68.2518
63.8253
59.5237
55.3469
51.2947
47.3646
43.5537
39.8569
36.2689
32.7823
29.3891
26.0798
22.8449
19.673
16.5528
13.4727
10.4205
7.39052
4.40751
1.74192
2.38403
5.22235
8.27298
11.4788
14.8414
18.3897
22.1532
26.1557
30.4111
34.9186
39.6409
44.5802
49.2744
54.3258
53.4385
0
0.00750451
0.0324703
0.074562
0.161708
0.299524
0.478931
0.686251
0.907495
1.1329
1.35809
1.58247
1.80768
2.03636
2.27138
2.51494
2.7685
3.03271
3.30551
3.57955
3.84562
4.09378
4.30084
4.44302
4.56456
4.87087
5.5958
5.9691
5.96164
5.89596
5.16126
4.48801
4.21755
4.59294
4.52198
4.82519
5.51971
5.58621
5.30762
5.15521
5.06341
4.96171
4.85227
4.73571
4.61413
4.48849
4.35977
4.2288
4.09645
3.9634
3.83035
3.69781
3.56644
3.43679
3.30956
3.18534
3.06486
2.94888
2.83829
2.73394
2.63685
2.54804
2.46869
2.39998
2.3432
2.29964
2.27068
2.25769
2.26212
2.28541
2.32904
2.39444
2.48305
2.59631
2.73556
2.90213
3.09719
3.32187
3.57716
3.86404
4.18318
4.53511
4.92006
5.33799
5.78822
6.26949
6.77949
7.31466
7.86976
8.43802
9.01193
9.58303
10.1407
10.6733
11.1599
11.6504
12.1399
12.6402
13.1535
13.6809
14.222
14.7759
15.3412
15.9163
16.4994
17.0884
17.681
18.275
18.8677
19.4565
20.0383
20.6102
21.169
21.7115
22.2345
22.7349
23.2093
23.6554
24.0708
24.4533
24.7997
25.1082
25.3725
25.5898
25.7611
25.8963
25.9887
26.0356
26.0391
26
25.9192
25.7987
25.6401
25.4463
25.2197
24.9644
24.6842
24.3829
24.0638
23.7309
23.3889
23.0422
22.6955
22.3526
22.0173
21.6932
21.3844
21.0943
20.8273
20.5864
20.3758
20.1987
20.0593
19.9608
19.9079
19.9044
19.9551
20.0649
20.2354
20.4705
20.783
21.1816
21.6795
22.3042
23.0848
24.0956
25.4525
27.1074
28.9972
31.1328
33.4897
36.0424
38.7597
41.6038
44.5169
47.4868
50.3437
54.0106
57.6723
70.0793
0
0.117378
0.263611
0.380021
0.504744
0.66506
0.874835
1.12973
1.41566
1.71776
2.02505
2.3316
2.63561
2.93774
3.23951
3.5419
3.84465
4.1459
4.44114
4.7215
4.97396
5.18675
5.36048
5.49529
5.62094
5.78592
5.95134
5.99085
5.87572
5.68074
5.45309
5.29301
5.21214
5.19256
5.13935
5.19253
5.33228
5.42128
5.43381
5.45338
5.53191
5.6463
5.78916
5.9565
6.14693
6.35915
6.5921
6.84471
7.11615
7.40566
7.7127
8.03666
8.37705
8.73339
9.10531
9.49237
9.89419
10.3103
10.7404
11.1841
11.6409
12.1104
12.5923
13.0861
13.5915
14.1082
14.6357
15.1737
15.7219
16.2798
16.8472
17.4236
18.0089
18.6026
19.2046
19.8145
20.432
21.0566
21.688
22.3256
22.9692
23.6181
24.2718
24.9295
25.5909
26.255
26.9214
27.5897
28.2605
28.9364
29.6239
30.3348
31.0873
31.901
32.8087
33.746
34.7074
35.6849
36.6754
37.6773
38.6886
39.7072
40.7302
41.7542
42.7755
43.7904
44.7946
45.7839
46.7534
47.6982
48.6131
49.4927
50.3314
51.1238
51.8642
52.5472
53.1673
53.721
54.2045
54.6137
54.9428
55.1871
55.3477
55.4161
55.3902
55.2867
55.1004
54.8308
54.4817
54.0562
53.5574
52.9904
52.3597
51.6719
50.933
50.1513
49.3349
48.492
47.6285
46.7507
45.8662
44.985
44.1171
43.2713
42.4543
41.6729
40.9337
40.2435
39.6081
39.0336
38.5255
38.0896
37.7307
37.4546
37.266
37.1658
37.1608
37.2612
37.4735
37.8099
38.2823
38.9157
39.7622
40.8245
42.0836
43.5212
45.08
46.7392
48.5398
50.5002
52.6034
54.8194
57.1202
59.4686
61.8207
64.2208
66.6458
70.2615
75.0842
87.1668
0
0.34623
0.638072
0.84892
1.00586
1.1595
1.34702
1.57967
1.85365
2.15853
2.48246
2.81539
3.15016
3.48209
3.80781
4.12404
4.42663
4.71012
4.9674
5.18993
5.3694
5.50091
5.58599
5.63654
5.67609
5.74165
5.83509
5.89144
5.88336
5.82689
5.74322
5.6976
5.77312
5.95008
6.13062
6.37658
6.69954
7.01258
7.28912
7.5737
7.88455
8.22054
8.58029
8.96298
9.36838
9.79629
10.2463
10.718
11.2107
11.7237
12.2565
12.8084
13.3791
13.9678
14.5742
15.1979
15.8385
16.4955
17.1687
17.8577
18.5622
19.282
20.0168
20.7664
21.5307
22.3096
23.103
23.9107
24.7328
25.5691
26.4198
27.2847
28.1639
29.0575
29.9657
30.8884
31.8258
32.7777
33.7443
34.7255
35.7213
36.7319
37.7574
38.798
39.8543
40.9268
42.0171
43.1269
44.2597
45.4213
46.6197
47.8623
49.1506
50.4789
51.841
53.2274
54.6384
56.0693
57.516
58.975
60.4428
61.9158
63.3896
64.8597
66.321
67.7684
69.1962
70.5986
71.9692
73.3014
74.5882
75.8223
76.9965
78.1033
79.1353
80.0847
80.9451
81.7108
82.3768
82.9374
83.385
83.7121
83.9204
84.0064
83.9594
83.7972
83.5206
83.1291
82.6292
82.0245
81.3198
80.5211
79.6353
78.6703
77.6352
76.5408
75.398
74.2176
73.0073
71.7754
70.5315
69.2895
68.0632
66.8651
65.7046
64.5917
63.5346
62.5431
61.6242
60.7866
60.037
59.38
58.8206
58.3697
58.0335
57.821
57.742
57.8053
58.0297
58.4321
59.0102
59.7679
60.7041
61.8167
63.1126
64.5759
66.1494
67.8001
69.5484
71.4083
73.3679
75.4023
77.4823
79.5853
81.7009
83.9384
86.3896
90.3798
95.9621
106.404
0
0.620683
1.06129
1.39069
1.59855
1.75527
1.91851
2.11138
2.34037
2.60279
2.89074
3.1945
3.50478
3.81354
4.11393
4.3997
4.66471
4.90276
5.10779
5.27455
5.40037
5.48776
5.54628
5.59166
5.64558
5.72581
5.83645
5.95723
6.06697
6.16332
6.25959
6.38445
6.56806
6.81068
7.09931
7.44578
7.84594
8.26708
8.69342
9.1364
9.60515
10.1013
10.6244
11.174
11.7497
12.3515
12.9791
13.6324
14.3111
15.0149
15.7433
16.4962
17.2732
18.0742
18.8988
19.7468
20.6182
21.5127
22.4304
23.3712
24.3351
25.3222
26.3325
27.3662
28.4235
29.5045
30.6094
31.7386
32.8922
34.0703
35.2734
36.5015
37.755
39.034
40.3388
41.6697
43.0267
44.4099
45.8194
47.2554
48.7178
50.207
51.7231
53.2666
54.8382
56.4388
58.0699
59.7335
61.432
63.1692
64.9488
66.7719
68.6334
70.5238
72.4366
74.3714
76.3287
78.3054
80.2971
82.2995
84.3079
86.3173
88.3221
90.3163
92.2939
94.2483
96.1728
98.06
99.9023
101.692
103.419
105.077
106.655
108.145
109.537
110.822
111.993
113.042
113.962
114.746
115.385
115.867
116.196
116.371
116.378
116.228
115.93
115.484
114.898
114.177
113.327
112.354
111.266
110.072
108.784
107.414
105.975
104.48
102.939
101.361
99.7597
98.15
96.5494
94.9722
93.4316
91.9394
90.5072
89.143
87.8563
86.6591
85.5613
84.571
83.6997
82.9565
82.35
81.8975
81.6068
81.4764
81.513
81.7176
82.0947
82.6493
83.382
84.2872
85.3643
86.5944
87.9308
89.3372
90.8194
92.3834
94.0279
95.7356
97.4937
99.3
101.181
103.304
105.85
110.139
115.976
124.873
0
0.878056
1.438
1.88581
2.15578
2.32772
2.47405
2.62612
2.79843
2.99573
3.21571
3.4519
3.69621
3.94048
4.17724
4.39989
4.60277
4.78127
4.9322
5.05432
5.14931
5.2227
5.28412
5.34653
5.42458
5.5308
5.67007
5.83691
6.02258
6.22355
6.44367
6.69315
6.98238
7.3169
7.69841
8.13077
8.61119
9.12815
9.67278
10.245
10.8475
11.4817
12.148
12.8464
13.5765
14.3385
15.1322
15.9576
16.8148
17.7038
18.6246
19.5771
20.5615
21.5778
22.6261
23.7068
24.8199
25.9659
27.1451
28.358
29.605
30.8867
32.2035
33.5561
34.9451
36.371
37.8345
39.3362
40.8765
42.4561
44.0754
45.7347
47.4346
49.1753
50.9571
52.7801
54.6446
56.5503
58.4974
60.4856
62.5148
64.5849
66.6959
68.8476
71.0403
73.2743
75.5499
77.8679
80.2288
82.6332
85.0808
87.5688
90.0907
92.6383
95.2064
97.794
100.4
103.021
105.654
108.292
110.93
113.561
116.179
118.777
121.347
123.883
126.375
128.815
131.195
133.504
135.734
137.874
139.914
141.843
143.65
145.326
146.859
148.243
149.469
150.526
151.404
152.091
152.586
152.893
152.997
152.901
152.62
152.153
151.513
150.706
149.737
148.613
147.343
145.936
144.406
142.767
141.033
139.218
137.334
135.393
133.41
131.403
129.391
127.39
125.414
123.48
121.603
119.794
118.068
116.438
114.914
113.512
112.243
111.113
110.126
109.289
108.605
108.08
107.717
107.518
107.486
107.621
107.922
108.381
108.993
109.739
110.583
111.495
112.474
113.526
114.653
115.852
117.123
118.49
120.014
121.903
124.378
128.659
134.197
141.781
0
1.08616
1.71467
2.25372
2.5797
2.77128
2.90751
3.02445
3.14206
3.27101
3.41444
3.57031
3.73377
3.89899
4.06025
4.2126
4.35223
4.47673
4.58531
4.67909
4.76138
4.83785
4.91635
5.00629
5.11745
5.25802
5.43268
5.64161
5.88229
6.15293
6.45436
6.79011
7.16468
7.582
8.0455
8.55796
9.11893
9.72397
10.3683
11.0498
11.7684
12.5247
13.3191
14.1518
15.0231
15.9331
16.8822
17.8704
18.8983
19.9661
21.0744
22.2237
23.4145
24.6475
25.9233
27.2429
28.6071
30.0168
31.4732
32.9771
34.5299
36.1326
37.7864
39.4925
41.252
43.0661
44.9358
46.8622
48.8463
50.8887
52.9903
55.1517
57.3732
59.6553
61.998
64.4015
66.8656
69.3898
71.9737
74.6166
77.3177
80.0762
82.8911
85.7614
88.6861
91.664
94.694
97.7748
100.905
104.081
107.301
110.56
113.85
117.164
120.497
123.845
127.206
130.576
133.948
137.317
140.676
144.018
147.334
150.616
153.855
157.044
160.173
163.232
166.211
169.1
171.887
174.563
177.114
179.53
181.797
183.905
185.843
187.601
189.169
190.534
191.683
192.604
193.294
193.758
193.982
193.962
193.714
193.24
192.555
191.666
190.581
189.305
187.846
186.217
184.43
182.501
180.448
178.283
176.021
173.674
171.262
168.805
166.325
163.841
161.371
158.934
156.546
154.227
151.992
149.853
147.818
145.899
144.102
142.435
140.905
139.516
138.272
137.177
136.232
135.439
134.797
134.307
133.965
133.762
133.69
133.734
133.866
134.067
134.336
134.68
135.109
135.631
136.263
137.05
138.082
139.586
141.782
145.751
150.577
156.947
0
1.23041
1.86536
2.45359
2.81454
3.02077
3.14919
3.23771
3.30911
3.37814
3.45236
3.53403
3.62214
3.71415
3.80709
3.89841
3.98635
4.07026
4.15078
4.22988
4.31092
4.39854
4.49846
4.61714
4.76118
4.93636
5.14679
5.39449
5.6798
6.00265
6.36351
6.76384
7.20584
7.69212
8.22538
8.80789
9.4404
10.1218
10.85
11.6236
12.442
13.3052
14.2136
15.1677
16.1679
17.2149
18.3094
19.4521
20.6439
21.8858
23.1788
24.5241
25.923
27.3768
28.8871
30.4555
32.0837
33.7736
35.5268
37.3455
39.2316
41.187
43.2136
45.3135
47.4884
49.7401
52.0703
54.4805
56.9721
59.5461
62.2035
64.945
67.771
70.6817
73.6772
76.7569
79.9203
83.1663
86.4938
89.901
93.3863
96.9475
100.582
104.288
108.063
111.902
115.804
119.764
123.779
127.843
131.951
136.095
140.269
144.464
148.672
152.89
157.111
161.33
165.539
169.733
173.901
178.035
182.126
186.164
190.141
194.046
197.868
201.599
205.225
208.737
212.121
215.367
218.462
221.391
224.143
226.705
229.066
231.214
233.136
234.818
236.246
237.407
238.296
238.916
239.254
239.307
239.083
238.589
237.84
236.849
235.624
234.169
232.493
230.61
228.531
226.275
223.856
221.294
218.601
215.797
212.903
209.941
206.934
203.907
200.883
197.877
194.909
191.994
189.147
186.38
183.705
181.132
178.669
176.322
174.098
172.002
170.035
168.201
166.5
164.934
163.501
162.2
161.026
159.973
159.031
158.189
157.431
156.746
156.139
155.622
155.211
154.927
154.802
154.899
155.326
156.31
158.046
161.469
165.339
170.519
0
1.31112
1.89042
2.47989
2.84914
3.05823
3.17693
3.2423
3.27788
3.3006
3.32104
3.34482
3.37429
3.40993
3.45142
3.49835
3.55062
3.60878
3.67411
3.74868
3.83527
3.9375
4.05932
4.20517
4.37957
4.58674
4.83017
5.11239
5.43497
5.79898
6.20539
6.65541
7.15064
7.69301
8.2846
8.9275
9.62277
10.3708
11.1713
12.0241
12.9291
13.8865
14.897
15.9614
17.0805
18.2557
19.4882
20.7795
22.1312
23.5452
25.0232
26.5673
28.1798
29.863
31.6194
33.4517
35.3626
37.355
39.4319
41.5962
43.8509
46.199
48.6433
51.1867
53.8317
56.581
59.4367
62.4008
65.4751
68.6611
71.9596
75.3715
78.8971
82.5361
86.2881
90.152
94.1264
98.2094
102.398
106.691
111.083
115.572
120.152
124.82
129.571
134.399
139.298
144.263
149.286
154.359
159.476
164.626
169.8
174.989
180.184
185.376
190.558
195.722
200.86
205.962
211.017
216.016
220.948
225.802
230.568
235.235
239.792
244.227
248.528
252.684
256.682
260.509
264.151
267.596
270.829
273.838
276.612
279.135
281.394
283.371
285.053
286.428
287.488
288.231
288.649
288.74
288.506
287.954
287.102
285.964
284.553
282.871
280.928
278.735
276.308
273.664
270.822
267.801
264.619
261.299
257.863
254.335
250.739
247.097
243.432
239.762
236.108
232.487
228.914
225.401
221.964
218.609
215.347
212.184
209.125
206.175
203.338
200.612
198.003
195.507
193.124
190.853
188.692
186.633
184.672
182.802
181.015
179.311
177.703
176.208
174.853
173.668
172.698
172.02
171.75
172.103
173.232
175.94
178.735
182.783
0
1.33678
1.80784
2.35532
2.70605
2.90377
3.00823
3.05371
3.06299
3.05361
3.03768
3.02289
3.0139
3.01341
3.023
3.04396
3.07717
3.12379
3.18529
3.26351
3.36053
3.47911
3.6221
3.7927
3.99421
4.22984
4.50259
4.81502
5.16924
5.56701
6.00986
6.49933
7.0371
7.62503
8.26508
8.95925
9.70879
10.5154
11.3797
12.3027
13.2853
14.3282
15.4328
16.6004
17.8329
19.1322
20.5005
21.9403
23.4542
25.045
26.7157
28.4695
30.3098
32.2401
34.2643
36.3862
38.61
40.9398
43.3798
45.9343
48.6073
51.4031
54.3254
57.3781
60.5646
63.8882
67.3516
70.9574
74.7075
78.6035
82.6463
86.8365
91.1738
95.6576
100.287
105.058
109.971
115.02
120.203
125.514
130.948
136.499
142.161
147.927
153.789
159.738
165.766
171.865
178.023
184.23
190.477
196.75
203.039
209.33
215.614
221.879
228.113
234.308
240.452
246.532
252.538
258.457
264.277
269.987
275.574
281.027
286.333
291.481
296.457
301.251
305.848
310.236
314.401
318.329
322.008
325.423
328.563
331.411
333.952
336.169
338.053
339.585
340.759
341.566
342.002
342.067
341.756
341.071
340.038
338.673
336.997
335.009
332.719
330.139
327.289
324.186
320.851
317.302
313.561
309.651
305.593
301.413
297.135
292.782
288.378
283.942
279.498
275.062
270.653
266.282
261.966
257.712
253.531
249.428
245.41
241.482
237.645
233.902
230.254
226.701
223.243
219.88
216.61
213.431
210.34
207.337
204.425
201.611
198.916
196.368
193.998
191.848
189.973
188.459
187.421
187.056
187.47
189.352
191.033
193.993
0
1.32079
1.64558
2.118
2.42793
2.60102
2.68587
2.71286
2.70307
2.67349
2.63658
2.60098
2.57254
2.55504
2.55099
2.56236
2.59075
2.63765
2.70455
2.79299
2.90467
3.04157
3.20583
3.39983
3.62611
3.88731
4.18608
4.52495
4.90634
5.33241
5.80523
6.3268
6.89921
7.52468
8.2055
8.94422
9.74269
10.6033
11.5274
12.5169
13.5736
14.6995
15.8968
17.168
18.516
19.944
21.4555
23.0542
24.7439
26.5288
28.4132
30.4017
32.4992
34.7108
37.0417
39.4975
42.0838
44.8061
47.6702
50.6817
53.8459
57.1681
60.6534
64.3062
68.1309
72.1312
76.3104
80.6711
85.2155
89.9448
94.8596
99.9598
105.244
110.712
116.359
122.183
128.178
134.341
140.664
147.141
153.764
160.524
167.411
174.416
181.528
188.735
196.025
203.386
210.803
218.264
225.754
233.26
240.765
248.256
255.717
263.134
270.495
277.785
284.991
292.098
299.093
305.962
312.691
319.268
325.678
331.91
337.949
343.785
349.403
354.793
359.943
364.839
369.466
373.813
377.866
381.613
385.038
388.127
390.859
393.222
395.203
396.788
397.965
398.728
399.074
399.004
398.506
397.578
396.257
394.557
392.512
390.121
387.391
384.339
380.977
377.325
373.402
369.23
364.833
360.232
355.452
350.518
345.456
340.29
335.044
329.74
324.401
319.048
313.696
308.364
303.062
297.804
292.598
287.452
282.371
277.36
272.422
267.561
262.777
258.074
253.449
248.907
244.446
240.07
235.78
231.583
227.488
223.514
219.686
216.041
212.62
209.471
206.659
204.271
202.419
201.276
200.901
201.893
202.471
204.401
0
1.27857
1.43505
1.81177
2.06536
2.20343
2.26362
2.27211
2.24796
2.20704
2.16117
2.11867
2.08576
2.06659
2.06408
2.08043
2.11702
2.1752
2.25613
2.36098
2.49107
2.64794
2.83337
3.04936
3.29813
3.58208
3.90379
4.26592
4.67113
5.12203
5.62121
6.17125
6.77488
7.43491
8.15408
8.93552
9.78192
10.6972
11.6834
12.7435
13.8804
15.0972
16.3974
17.7853
19.2653
20.8422
22.5211
24.3073
26.2062
28.2236
30.3653
32.6378
35.0477
37.6018
40.3072
43.1711
46.201
49.4039
52.787
56.3572
60.1212
64.0852
68.255
72.636
77.2328
82.0493
87.0889
92.354
97.8461
103.566
109.513
115.686
122.083
128.699
135.531
142.573
149.817
157.257
164.883
172.685
180.652
188.772
197.033
205.419
213.918
222.513
231.189
239.929
248.715
257.533
266.363
275.188
283.989
292.748
301.447
310.068
318.596
327.013
335.303
343.448
351.434
359.245
366.865
374.28
381.477
388.441
395.158
401.617
407.805
413.709
419.317
424.618
429.598
434.246
438.55
442.498
446.074
449.262
452.044
454.405
456.333
457.818
458.85
459.423
459.539
459.194
458.377
457.082
455.357
453.201
450.668
447.754
444.466
440.817
436.82
432.496
427.866
422.952
417.781
412.376
406.761
400.964
395.009
388.924
382.731
376.456
370.122
363.751
357.361
350.969
344.59
338.237
331.918
325.641
319.414
313.242
307.128
301.077
295.09
289.172
283.325
277.552
271.857
266.245
260.725
255.309
250.013
244.863
239.893
235.144
230.667
226.514
222.756
219.481
216.793
214.838
213.638
213.714
213.23
214.189
0
1.22397
1.20561
1.4781
1.66709
1.76343
1.79553
1.78519
1.74937
1.70261
1.65588
1.61716
1.59181
1.58343
1.59442
1.62637
1.68044
1.75752
1.85839
1.98395
2.13526
2.31367
2.52078
2.75849
3.02899
3.33474
3.6785
4.0632
4.4919
4.96772
5.4939
6.07391
6.71131
7.40985
8.17342
9.0062
9.91167
10.8938
11.9569
13.1054
14.344
15.6778
17.1119
18.6525
20.3059
22.0791
23.979
26.0128
28.188
30.512
32.9928
35.6387
38.4584
41.4608
44.6549
48.0497
51.6542
55.4771
59.5266
63.8108
68.3372
73.1125
78.1428
83.4335
88.9891
94.8129
100.907
107.274
113.913
120.824
128.004
135.449
143.156
151.117
159.326
167.773
176.449
185.342
194.44
203.729
213.195
222.822
232.592
242.488
252.492
262.583
272.742
282.947
293.181
303.421
313.645
323.834
333.963
344.012
353.959
363.785
373.467
382.989
392.33
401.471
410.395
419.084
427.521
435.691
443.579
451.17
458.451
465.41
472.033
478.309
484.227
489.775
494.942
499.719
504.097
508.063
511.603
514.702
517.345
519.52
521.222
522.434
523.157
523.372
523.103
522.321
521.027
519.206
516.914
514.143
510.96
507.369
503.37
498.975
494.198
489.06
483.583
477.794
471.719
465.384
458.815
452.037
445.078
437.964
430.721
423.374
415.948
408.466
400.95
393.415
385.878
378.353
370.849
363.376
355.941
348.551
341.211
333.924
326.696
319.531
312.435
305.413
298.472
291.621
284.875
278.25
271.769
265.461
259.37
253.543
248.033
242.903
238.223
234.078
230.56
227.792
225.759
224.928
223.442
223.498
0
1.16849
0.981544
1.15196
1.27527
1.32766
1.32958
1.29993
1.25439
1.20594
1.1643
1.13624
1.12617
1.13674
1.16936
1.22476
1.30329
1.40525
1.53103
1.68124
1.85685
2.05917
2.28989
2.55107
2.84513
3.17499
3.54385
3.95522
4.41296
4.92102
5.48432
6.10688
6.79339
7.54858
8.37737
9.28481
10.2766
11.3586
12.5374
13.8198
15.2127
16.7234
18.3597
20.1299
22.0427
24.1072
26.3328
28.7288
31.3048
34.0705
37.0361
40.2121
43.6094
47.2388
51.111
55.2366
59.6255
64.2874
69.2311
74.4646
79.9954
85.8297
91.9728
98.4289
105.201
112.29
119.698
127.422
135.461
143.811
152.466
161.42
170.664
180.188
189.982
200.032
210.324
220.844
231.574
242.497
253.594
264.844
276.228
287.721
299.303
310.948
322.634
334.337
346.032
357.695
369.301
380.825
392.242
403.527
414.656
425.606
436.354
446.878
457.157
467.169
476.897
486.319
495.419
504.179
512.584
520.62
528.275
535.535
542.389
548.826
554.84
560.42
565.559
570.249
574.482
578.247
581.531
584.323
586.609
588.384
589.638
590.367
590.551
590.214
589.339
587.918
585.946
583.408
580.36
576.789
572.771
568.325
563.441
558.132
552.413
546.303
539.83
533.022
525.907
518.512
510.864
502.987
494.912
486.663
478.269
469.757
461.151
452.477
443.756
435.007
426.248
417.491
408.75
400.033
391.35
382.708
374.114
365.572
357.09
348.674
340.331
332.07
323.9
315.837
307.899
300.111
292.497
285.092
277.939
271.091
264.606
258.539
252.967
247.974
243.641
240.073
237.223
235.517
233.101
232.34
0
1.12032
0.779297
0.85741
0.91871
0.928281
0.901153
0.853667
0.800552
0.753771
0.721884
0.71025
0.721768
0.757652
0.818088
0.902743
1.01117
1.14302
1.29839
1.4778
1.68229
1.91343
2.17338
2.46472
2.79103
3.1557
3.56286
4.01693
4.52282
5.08592
5.71188
6.40692
7.17747
8.03027
8.97277
10.012
11.1566
12.4154
13.7976
15.313
16.9715
18.7836
20.76
22.9118
25.2501
27.7867
30.5334
33.5019
36.7038
40.1512
43.8565
47.8323
52.0909
56.6445
61.5045
66.6816
72.1855
78.0251
84.2079
90.7405
97.628
104.874
112.482
120.452
128.783
137.474
146.521
155.919
165.662
175.739
186.143
196.861
207.881
219.187
230.764
242.594
254.66
266.94
279.414
292.061
304.858
317.779
330.801
343.898
357.043
370.212
383.377
396.508
409.578
422.558
435.423
448.145
460.697
473.05
485.179
497.059
508.665
519.974
530.963
541.611
551.899
561.806
571.313
580.402
589.059
597.272
605.029
612.317
619.126
625.449
631.282
636.617
641.448
645.773
649.581
652.868
655.617
657.828
659.483
660.59
661.139
661.102
660.522
659.369
657.645
655.349
652.475
649.005
644.989
640.413
635.356
629.86
623.906
617.505
610.671
603.428
595.803
587.83
579.537
570.953
562.104
553.018
543.72
534.241
524.607
514.846
504.986
495.053
485.067
475.052
465.023
454.996
444.984
434.999
425.049
415.145
405.293
395.502
385.781
376.141
366.587
357.131
347.785
338.568
329.503
320.609
311.909
303.451
295.283
287.462
280.045
273.098
266.7
260.921
255.831
251.511
247.894
245.375
242.128
240.654
0
1.08251
0.604368
0.603864
0.610564
0.581554
0.528332
0.466709
0.410794
0.371349
0.355346
0.366433
0.405839
0.473254
0.567582
0.687522
0.832011
1.00053
1.19332
1.4112
1.65578
1.92937
2.23509
2.5769
2.9594
3.38799
3.86853
4.40749
5.01209
5.6905
6.45119
7.30336
8.25659
9.32093
10.5069
11.8261
13.2914
14.9159
16.7129
18.6959
20.8789
23.2763
25.9021
28.7702
31.8945
35.2887
38.9658
42.9396
47.2232
51.8303
56.7741
62.0675
67.7222
73.7487
80.1561
86.952
94.1424
101.732
109.723
118.118
126.915
136.114
145.71
155.698
166.07
176.82
187.936
199.408
211.222
223.364
235.818
248.567
261.593
274.876
288.394
302.127
316.051
330.141
344.373
358.724
373.166
387.672
402.214
416.764
431.296
445.78
460.186
474.484
488.644
502.637
516.438
530.02
543.353
556.409
569.16
581.584
593.654
605.349
616.646
627.525
637.968
647.954
657.462
666.475
674.981
682.97
690.434
697.361
703.74
709.569
714.847
719.569
723.731
727.333
730.365
732.829
734.703
736.008
736.713
736.836
736.348
735.29
733.62
731.352
728.488
725.034
720.986
716.323
711.087
705.255
698.91
692.125
684.871
677.156
668.994
660.412
651.442
642.121
632.477
622.541
612.338
601.896
591.243
580.406
569.417
558.303
547.093
535.813
524.487
513.136
501.779
490.432
479.111
467.826
456.589
445.41
434.296
423.259
412.31
401.445
390.688
380.051
369.55
359.207
349.051
339.111
329.421
320.014
310.944
302.263
294.031
286.332
279.209
272.739
266.98
261.997
257.696
254.448
250.45
248.391
0
1.04693
0.463938
0.407061
0.373958
0.318143
0.249715
0.184306
0.13541
0.112383
0.120335
0.161073
0.234237
0.338386
0.471704
0.632595
0.820164
1.0345
1.27681
1.54935
1.85524
2.19868
2.58515
3.02144
3.51571
4.07648
4.71306
5.43558
6.25545
7.18536
8.23892
9.43152
10.7782
12.2943
13.9973
15.9046
18.035
20.4068
23.0377
25.9452
29.1466
32.6593
36.4999
40.683
45.2226
50.1319
55.424
61.1087
67.1987
73.7053
80.6385
88.0057
95.8119
104.06
112.751
121.883
131.454
141.458
151.889
162.74
173.999
185.657
197.702
210.118
222.89
236.003
249.44
263.182
277.211
291.507
306.047
320.812
335.778
350.923
366.223
381.651
397.185
412.797
428.464
444.157
459.851
475.519
491.13
506.658
522.073
537.347
552.454
567.364
582.048
596.481
610.637
624.49
638.015
651.184
663.972
676.355
688.309
699.815
710.853
721.407
731.461
740.995
749.989
758.429
766.307
773.619
780.354
786.5
792.047
796.995
801.345
805.095
808.245
810.788
812.725
814.057
814.748
814.848
814.285
813.159
811.4
809.023
806.027
802.413
798.193
793.379
787.969
781.95
775.334
768.104
760.323
752.114
743.434
734.287
724.689
714.669
704.264
693.512
682.443
671.087
659.47
647.616
635.557
623.32
610.936
598.437
585.85
573.203
560.519
547.821
535.129
522.46
509.831
497.254
484.743
472.304
459.949
447.689
435.542
423.526
411.644
399.915
388.358
377.001
365.872
355.02
344.452
334.218
324.373
314.966
306.054
297.686
289.946
282.892
276.569
271.027
266.149
262.293
257.675
255.233
0
1.0076
0.360671
0.276856
0.226096
0.161737
0.0944031
0.0396489
0.00979565
0.012417
0.0507837
0.125308
0.235061
0.378719
0.555076
0.763618
1.00524
1.28277
1.60078
1.96519
2.38268
2.86146
3.41231
4.04849
4.78478
5.63705
6.62203
7.75727
9.06285
10.5618
12.2782
14.2368
16.4604
18.9713
21.7927
24.9484
28.4627
32.3578
36.6532
41.3643
46.5053
52.0902
58.1306
64.637
71.6165
79.0757
87.0144
95.4298
104.33
113.714
123.576
133.91
144.706
155.951
167.631
179.733
192.24
205.134
218.398
232.014
245.961
260.222
274.775
289.601
304.679
319.986
335.504
351.212
367.087
383.109
399.256
415.506
431.837
448.228
464.653
481.092
497.522
513.918
530.257
546.516
562.672
578.698
594.569
610.26
625.745
641.002
656.008
670.737
685.163
699.262
713.01
726.384
739.363
751.924
764.045
775.707
786.889
797.582
807.765
817.423
826.541
835.098
843.075
850.45
857.204
863.343
868.867
873.773
878.053
881.707
884.735
887.145
888.941
890.104
890.64
890.573
889.825
888.533
886.593
884.038
880.857
877.056
872.63
867.584
861.93
855.692
848.869
841.463
833.441
824.807
815.584
805.951
795.858
785.301
774.297
762.878
751.085
738.956
726.523
713.813
700.852
687.663
674.277
660.724
647.034
633.239
619.369
605.451
591.508
577.564
563.636
549.743
535.904
522.135
508.45
494.859
481.372
468.005
454.794
441.719
428.823
416.119
403.63
391.387
379.421
367.751
356.417
345.47
334.963
324.943
315.45
306.582
298.382
290.899
284.171
278.227
272.927
268.627
263.532
260.915
0
0.95195
0.287001
0.208659
0.164013
0.110662
0.0607805
0.029521
0.0278568
0.0618721
0.133962
0.244858
0.395366
0.586888
0.821424
1.10245
1.43653
1.83412
2.30896
2.87635
3.5517
4.35471
5.31039
6.44878
7.80341
9.40735
11.2917
13.4877
16.0296
18.9541
22.297
26.0921
30.3667
35.1454
40.4457
46.2842
52.6753
59.6293
67.1528
75.2489
83.9155
93.1477
102.941
113.277
124.137
135.484
147.312
159.624
172.391
185.589
199.189
213.165
227.488
242.131
257.07
272.278
287.732
303.406
319.279
335.328
351.533
367.873
384.329
400.882
417.513
434.203
450.938
467.7
484.472
501.239
517.982
534.686
551.334
567.91
584.395
600.772
617.026
633.138
649.09
664.862
680.434
695.789
710.91
725.774
740.36
754.648
768.624
782.265
795.553
808.467
820.986
833.095
844.78
856.016
866.783
877.06
886.815
896.03
904.701
912.822
920.382
927.366
933.764
939.567
944.786
949.393
953.375
956.741
959.488
961.604
963.083
963.947
964.209
963.812
962.798
961.205
958.937
956.084
952.611
948.536
943.85
938.555
932.647
926.129
919.016
911.335
903.093
894.312
884.9
874.901
864.275
853.254
841.788
829.867
817.506
804.741
791.615
778.169
764.434
750.434
736.192
721.734
707.086
692.282
677.352
662.331
647.246
632.127
616.998
601.88
586.791
571.766
556.817
541.959
527.207
512.573
498.067
483.709
469.528
455.516
441.706
428.129
414.812
401.788
389.087
376.729
364.792
353.3
342.306
331.852
321.983
312.759
304.246
296.473
289.48
283.276
277.693
273.098
267.678
265.072
0
0.869952
0.251224
0.215696
0.199265
0.171305
0.147977
0.144631
0.17193
0.236405
0.342517
0.49596
0.706069
0.984141
1.34302
1.7994
2.37877
3.11879
4.06456
5.26398
6.7632
8.61201
10.8711
13.6055
16.8793
20.7485
25.2591
30.4528
36.3627
43.0127
50.4184
58.5844
67.5064
77.1873
87.6113
98.7528
110.583
123.063
136.179
149.887
164.132
178.863
193.966
209.423
225.216
241.333
257.738
274.381
291.217
308.206
325.309
342.497
359.739
377.012
394.293
411.566
428.812
446.017
463.169
480.256
497.267
514.195
531.031
547.765
564.391
580.902
597.292
613.556
629.688
645.678
661.518
677.199
692.712
708.049
723.203
738.164
752.923
767.468
781.784
795.855
809.669
823.219
836.493
849.475
862.153
874.505
886.533
898.212
909.531
920.458
930.966
941.023
950.623
959.759
968.418
976.592
984.289
991.497
998.186
1004.34
1009.93
1014.97
1019.46
1023.34
1026.64
1029.34
1031.43
1032.94
1033.87
1034.19
1033.86
1032.96
1031.51
1029.44
1026.75
1023.49
1019.62
1015.17
1010.13
1004.5
998.295
991.506
984.131
976.169
967.634
958.552
948.938
938.833
928.097
916.813
904.877
892.544
879.789
866.601
852.996
839.004
824.668
810.03
795.116
779.948
764.549
748.941
733.156
717.224
701.178
685.054
668.882
652.692
636.508
620.35
604.238
588.183
572.221
556.369
540.644
525.061
509.634
494.383
479.342
464.493
449.914
435.612
421.619
407.977
394.713
381.857
369.465
357.574
346.234
335.481
325.361
315.929
307.247
299.324
292.207
285.877
280.141
275.387
269.779
267.34
0
0.758633
0.289694
0.33338
0.351106
0.342836
0.33465
0.344887
0.388031
0.478805
0.635489
0.888986
1.28824
1.89548
2.78059
4.02342
5.72905
8.02349
11.0427
14.9089
19.722
25.5759
32.5547
40.7141
50.0847
60.6583
72.4236
85.3749
99.4736
114.64
130.767
147.737
165.432
183.871
202.902
222.403
242.248
262.273
282.306
302.378
322.472
342.543
362.594
382.551
402.344
421.935
441.294
460.4
479.233
497.78
516.031
533.981
551.628
568.973
586.02
602.776
619.248
635.444
651.372
667.04
682.456
697.629
712.564
727.267
741.746
756.005
770.049
783.883
797.507
810.925
824.135
837.137
849.924
862.498
874.863
887.015
898.947
910.653
922.124
933.346
944.32
955.048
965.514
975.701
985.606
995.164
1004.38
1013.23
1021.76
1029.89
1037.66
1045.06
1052.05
1058.61
1064.72
1070.37
1075.55
1080.25
1084.49
1088.22
1091.43
1094.14
1096.35
1098.02
1099.16
1099.75
1099.75
1099.23
1098.19
1096.57
1094.38
1091.64
1088.37
1084.54
1080.16
1075.25
1069.78
1063.81
1057.31
1050.27
1042.68
1034.54
1025.85
1016.6
1006.8
996.483
985.65
974.366
962.462
950.039
936.978
923.463
909.563
895.24
880.508
865.404
849.975
834.258
818.28
802.057
785.611
768.965
752.15
735.199
718.148
701.03
683.879
666.724
649.59
632.499
615.455
598.515
581.688
564.986
548.433
532.046
515.844
499.851
484.102
468.602
453.395
438.515
423.997
409.883
396.194
382.972
370.28
358.145
346.611
335.704
325.469
315.952
307.218
299.252
292.124
285.773
279.989
275.185
269.502
267.35
0
0.658815
0.48212
0.601629
0.603528
0.557233
0.503987
0.480934
0.554978
0.826757
1.4302
2.55844
4.48859
7.52142
11.934
17.9697
25.8947
35.8941
48.1232
62.6267
79.4195
98.5139
119.83
143.128
168.083
194.292
221.462
249.602
278.395
307.422
336.379
364.937
392.768
419.8
446.102
471.739
496.662
520.927
544.545
567.4
589.457
610.703
631.146
650.81
669.72
687.907
705.407
722.252
738.475
754.108
769.183
783.73
797.782
811.369
824.522
837.276
849.656
861.689
873.399
884.809
895.941
906.809
917.427
927.809
937.973
947.931
957.693
967.269
976.664
985.884
994.935
1003.82
1012.53
1021.09
1029.51
1037.76
1045.85
1053.76
1061.49
1068.99
1076.27
1083.32
1090.15
1096.74
1103.1
1109.24
1115.12
1120.69
1126.01
1130.97
1135.59
1139.86
1143.76
1147.29
1150.43
1153.18
1155.52
1157.47
1159
1160.07
1160.67
1160.83
1160.62
1159.91
1158.74
1157.08
1154.96
1152.41
1149.43
1145.97
1142.01
1137.57
1132.65
1127.25
1121.35
1114.96
1108.09
1100.68
1092.79
1084.4
1075.53
1066.15
1056.26
1045.86
1034.95
1023.55
1011.66
999.311
986.422
973.029
959.045
944.521
929.649
914.388
898.745
882.742
866.426
849.833
832.985
815.896
798.588
781.082
763.415
745.621
727.735
709.796
691.833
673.879
655.96
638.097
620.311
602.629
585.079
567.676
550.445
533.41
516.592
500.021
483.728
467.722
452.057
436.77
421.901
407.489
393.533
380.094
367.236
354.982
343.37
332.434
322.208
312.713
304.025
296.095
289.04
282.733
276.97
272.204
266.533
264.742
0
0.650003
0.989068
1.00249
0.714419
0.454483
0.407625
0.975358
2.79682
6.61629
13.1182
23.0067
36.9649
55.5376
79.1491
108.053
142.458
181.814
225.137
271.051
318.553
367.568
417.128
465.783
512.837
557.275
599.007
637.855
674.017
707.853
739.519
769.209
797.199
823.305
847.506
870
890.73
909.864
927.577
943.966
959.12
973.117
986.062
998.06
1009.2
1019.55
1029.18
1038.16
1046.55
1054.4
1061.77
1068.7
1075.25
1081.44
1087.32
1092.93
1098.31
1103.47
1108.45
1113.26
1117.95
1122.51
1126.95
1131.31
1135.59
1139.8
1143.94
1148.03
1152.07
1156.06
1160
1163.89
1167.69
1171.43
1175.1
1178.69
1182.2
1185.62
1188.95
1192.22
1195.4
1198.46
1201.38
1204.14
1206.81
1209.21
1211.4
1213.31
1215.18
1216.58
1217.79
1218.71
1219.34
1219.68
1219.72
1219.44
1218.85
1217.95
1216.76
1215.25
1213.4
1211.2
1208.66
1205.75
1202.46
1198.78
1194.72
1190.2
1185.3
1180
1174.3
1168.2
1161.69
1154.77
1147.43
1139.69
1131.54
1122.97
1113.97
1104.54
1094.67
1084.35
1073.57
1062.32
1050.59
1038.41
1025.76
1012.66
999.088
984.953
970.297
955.025
939.446
923.487
907.17
890.499
873.518
856.264
838.751
820.997
803.02
784.847
766.518
748.069
729.538
710.964
692.377
673.811
655.291
636.843
618.491
600.265
582.189
564.276
546.563
529.076
511.842
494.891
478.255
461.926
445.971
430.436
415.365
400.79
386.729
373.231
360.353
348.11
336.536
325.665
315.527
306.124
297.545
289.701
282.773
276.54
270.843
266.21
260.615
259.18
0
1.86599
1.8845
0.608715
0.58386
3.82138
12.3582
27.8098
52.5107
89.0002
139.556
205.932
286.348
375.919
470.717
567.268
665.378
758.628
844.569
920.502
987.605
1046.18
1096.68
1140.63
1179.25
1213.56
1243.91
1270.26
1292.78
1311.83
1327.79
1341.04
1351.97
1360.87
1367.84
1373.53
1377.31
1379.92
1381.57
1382.31
1382.29
1381.6
1380.33
1378.57
1376.41
1373.9
1371.12
1368.1
1364.92
1361.61
1358.21
1354.77
1351.31
1347.86
1344.45
1341.1
1337.83
1334.66
1331.6
1328.65
1325.82
1323.11
1320.51
1318.04
1315.69
1313.45
1311.35
1309.37
1307.51
1305.77
1304.14
1302.61
1301.25
1299.99
1298.82
1297.7
1296.61
1295.55
1294.51
1293.46
1292.4
1291.31
1290.18
1288.99
1287.74
1286.39
1284.93
1283.34
1281.69
1279.86
1277.88
1275.71
1273.35
1270.79
1268.02
1265.02
1261.81
1258.38
1254.61
1250.57
1246.28
1241.73
1236.93
1231.85
1226.49
1220.85
1214.93
1208.73
1202.23
1195.43
1188.31
1180.87
1173.09
1164.99
1156.56
1147.79
1138.67
1129.2
1119.37
1109.16
1098.57
1087.58
1076.19
1064.37
1052.14
1039.49
1026.41
1012.89
998.896
984.362
969.326
953.636
937.669
921.317
904.643
887.614
870.27
852.642
834.746
816.597
798.219
779.64
760.905
742.054
723.128
704.165
685.199
666.262
647.382
628.588
609.91
591.373
573.001
554.793
536.805
519.067
501.608
484.46
467.652
451.205
435.164
419.573
404.476
389.902
375.872
362.43
349.637
337.499
326.046
315.316
305.333
296.078
287.664
279.939
273.17
267.003
261.402
257.006
251.41
250.415
0
1.23814
4.47198
22.8651
61.6319
133.461
256.191
425.219
632.926
859.552
1088.31
1311.76
1505.93
1658.88
1778.93
1871.43
1937.33
1985.63
2020.51
2046.7
2064.76
2077.06
2081.88
2080.64
2076.01
2067.69
2056.57
2043.12
2027.68
2010.63
1992.36
1973.21
1953.5
1933.52
1913.32
1893.17
1872.94
1852.75
1832.79
1813.02
1793.6
1774.53
1755.83
1737.51
1719.6
1702.11
1685.05
1668.45
1652.31
1636.65
1621.48
1606.81
1592.64
1578.96
1565.77
1553.07
1540.86
1529.12
1517.82
1506.96
1496.53
1486.53
1476.98
1467.83
1459.05
1450.64
1442.57
1434.84
1427.44
1420.36
1413.56
1407.05
1400.78
1394.8
1389.04
1383.49
1378.13
1372.95
1367.92
1363.01
1358.22
1353.51
1348.87
1344.28
1339.72
1335.15
1330.56
1325.91
1321.15
1316.28
1311.34
1306.3
1301.15
1295.88
1290.5
1284.98
1279.34
1273.55
1267.63
1261.55
1255.3
1248.87
1242.27
1235.49
1228.52
1221.35
1213.98
1206.4
1198.6
1190.56
1182.28
1173.75
1164.99
1155.98
1146.71
1137.19
1127.41
1117.35
1107
1096.34
1085.38
1074.07
1062.42
1050.39
1038.02
1025.28
1012.15
998.617
984.616
970.096
954.975
939.268
923.285
906.904
890.259
873.251
855.907
838.257
820.319
802.107
783.65
764.983
746.153
727.206
708.183
689.122
670.06
651.028
632.058
613.179
594.42
575.81
557.37
539.123
521.109
503.359
485.909
468.787
452.021
435.639
419.677
404.184
389.206
374.766
360.895
347.626
335.028
323.098
311.858
301.341
291.571
282.511
274.305
266.723
260.127
253.969
248.508
244.366
238.977
237.756
0
150.048
448.387
947.592
1577.51
2251.62
2936.59
3414.97
3733.17
3904.5
3969.54
3968.31
3918.51
3840.53
3763.73
3681.81
3597.34
3511.85
3426.69
3343.25
3262.05
3183.51
3107.04
3032.33
2959.86
2889.81
2822.41
2757.71
2695.63
2636.06
2578.89
2524.04
2471.42
2421.05
2372.69
2326.41
2281.87
2239.2
2198.29
2158.78
2120.91
2084.6
2049.74
2016.22
1984
1953.02
1923.25
1894.66
1867.2
1840.84
1815.55
1791.28
1768
1745.68
1724.27
1703.74
1684.06
1665.18
1647.06
1629.66
1612.96
1596.93
1581.52
1566.74
1552.56
1538.95
1525.89
1513.35
1501.32
1489.78
1478.69
1468.04
1457.8
1447.89
1438.34
1429.11
1420.19
1411.55
1403.17
1395.01
1387.04
1379.25
1371.61
1364.09
1356.67
1349.32
1342.03
1334.77
1327.55
1320.34
1313.12
1305.89
1298.63
1291.34
1284.01
1276.63
1269.19
1261.67
1254.06
1246.34
1238.53
1230.61
1222.58
1214.45
1206.2
1197.84
1189.37
1180.77
1172.03
1163.13
1154.06
1144.83
1135.43
1125.87
1116.15
1106.24
1096.15
1085.87
1075.37
1064.64
1053.67
1042.42
1030.89
1019.06
1006.94
994.514
981.765
968.638
955.064
940.953
926.142
910.824
895.376
879.347
863.164
846.599
829.659
812.38
794.786
776.891
758.727
740.342
721.782
703.095
684.325
665.511
646.689
627.889
609.147
590.495
571.959
553.567
535.344
517.319
499.522
481.994
464.772
447.886
431.368
415.251
399.565
384.358
369.673
355.536
341.979
329.016
316.73
305.115
294.187
283.95
274.44
265.603
257.624
250.173
243.728
237.521
232.213
228.391
223.119
221.885
0
7240.92
9987.17
11230.9
11237.9
10701.9
9940.26
8980.39
8244.34
7566.08
7007.14
6531.27
6110.62
5743.2
5423.58
5142.39
4891.4
4665.41
4460.44
4273.49
4102.53
3945.47
3800.38
3665.71
3540.48
3423.71
3314.66
3212.67
3117.14
3027.48
2943.12
2863.62
2788.5
2717.55
2650.19
2586.36
2525.49
2467.86
2412.92
2360.1
2310.05
2262.21
2216.47
2172.75
2130.94
2090.96
2052.73
2016.17
1981.21
1947.74
1915.72
1885.07
1855.71
1827.59
1800.64
1774.82
1750.04
1726.25
1703.39
1681.44
1660.37
1640.12
1620.68
1602.02
1584.11
1566.92
1550.41
1534.56
1519.33
1504.69
1490.61
1477.07
1464.02
1451.46
1439.34
1427.62
1416.28
1405.31
1394.66
1384.3
1374.2
1364.32
1354.65
1345.15
1335.8
1326.58
1317.46
1308.43
1299.46
1290.56
1281.71
1272.9
1264.13
1255.39
1246.66
1237.95
1229.22
1220.48
1211.69
1202.86
1194
1185.08
1176.12
1167.11
1158.06
1148.95
1139.8
1130.59
1121.31
1111.94
1102.47
1092.89
1083.23
1073.49
1063.64
1053.7
1043.65
1033.48
1023.17
1012.71
1002.08
991.244
980.194
968.93
957.456
945.756
933.795
921.494
908.773
895.523
881.721
867.043
852.668
837.478
822.208
806.572
790.51
774.072
757.291
740.184
722.784
705.147
687.319
669.347
651.275
633.139
614.976
596.815
578.69
560.641
542.692
524.867
507.202
489.733
472.483
455.489
438.799
422.445
406.459
390.876
375.724
361.048
346.878
333.25
320.197
307.696
295.833
284.604
274.053
264.133
254.878
246.224
238.396
230.937
224.505
218.106
212.755
209.15
204.103
202.176
7351.03
9361.53
9933.99
9828.73
9447.42
8966.45
8475.08
7987.06
7547.16
7045.39
6630.84
6244.31
5895.66
5588.62
5313.89
5059.97
4828.43
4617.63
4425
4247.27
4083.4
3931.64
3790.66
3659.4
3536.95
3422.39
3315
3214.12
3119.21
3029.76
2945.3
2865.47
2789.76
2718.24
2649.35
2584.89
2522.19
2464.02
2407.88
2353.8
2302.19
2252.91
2205.83
2160.81
2117.74
2076.53
2037.08
1999.28
1963.07
1928.35
1895.07
1863.11
1832.45
1802.99
1774.69
1747.46
1721.25
1696
1671.68
1648.28
1625.76
1604.09
1583.23
1563.17
1543.87
1525.32
1507.47
1490.29
1473.76
1457.82
1442.46
1427.63
1413.3
1399.45
1386.04
1373.03
1360.4
1348.14
1336.22
1324.6
1313.24
1302.11
1291.2
1280.47
1269.91
1259.51
1249.24
1239.09
1229.07
1219.15
1209.34
1199.62
1189.98
1180.39
1170.87
1161.38
1151.91
1142.44
1132.97
1123.5
1114.04
1104.58
1095.12
1085.67
1076.23
1066.79
1057.35
1047.91
1038.47
1029.01
1019.51
1009.98
1000.43
990.876
981.299
971.701
962.084
952.42
942.698
932.91
923.032
913.044
902.945
892.738
882.429
871.977
861.338
850.397
839.07
827.261
814.921
801.687
788.662
775.14
761.722
747.665
733.198
718.283
702.985
687.329
671.353
655.116
638.667
622.043
605.286
588.426
571.497
554.527
537.55
520.606
503.723
486.927
470.254
453.749
437.439
421.353
405.541
390.04
374.881
360.102
345.728
331.799
318.336
305.377
292.95
281.014
269.649
258.812
248.631
239.011
229.964
221.454
213.726
206.205
199.597
192.782
188.042
184.205
179.386
176.884
1292.05
1445.79
1575.85
1688.8
1815.85
1953.35
2102.13
2238.19
2379.12
2499.69
2613.92
2707.3
2781.09
2836.04
2876.72
2901.25
2914.4
2917.93
2910.56
2889.15
2863.13
2829.53
2791.21
2750.22
2707.38
2663.26
2618.41
2573.16
2527.89
2482.8
2438.11
2393.96
2350.41
2307.69
2265.54
2224.52
2184.02
2144.63
2105.98
2068.12
2031.26
1995.43
1960.64
1926.85
1894.04
1862.2
1831.3
1801.31
1772.24
1744.02
1716.7
1690.17
1664.49
1639.56
1615.35
1591.85
1569
1546.88
1525.43
1504.65
1484.53
1465.07
1446.24
1428.02
1410.4
1393.36
1376.86
1360.89
1345.41
1330.4
1315.84
1301.7
1287.95
1274.59
1261.58
1248.89
1236.52
1224.45
1212.63
1201.05
1189.68
1178.5
1167.49
1156.64
1145.94
1135.4
1125
1114.73
1104.6
1094.6
1084.72
1074.94
1065.24
1055.62
1046.04
1036.51
1026.99
1017.47
1007.96
998.488
989.056
979.667
970.322
961.036
951.792
942.598
933.43
924.309
915.244
906.246
897.291
888.368
879.495
870.68
861.925
853.225
844.586
835.963
827.371
818.805
810.254
801.715
793.209
784.719
776.235
767.678
759.003
750.064
740.807
731.143
721.058
710.303
699.584
688.005
676.693
665.415
653.384
640.832
627.82
614.408
600.654
586.612
572.323
557.814
543.116
528.253
513.252
498.142
482.956
467.73
452.497
437.289
422.14
407.099
392.195
377.465
362.95
348.688
334.713
321.061
307.748
294.816
282.275
270.162
258.487
247.223
236.458
226.064
216.279
206.97
198.152
189.845
182.278
174.729
168.216
161.453
157.311
153.693
148.69
146.003
147.687
160.919
176.813
197.668
223.777
252.883
284.104
317.142
353.705
392.464
434.533
479.388
527.012
576.916
628.994
682.514
737.012
792.089
847.476
901.522
955.321
1008.55
1059.94
1108.32
1153.47
1195.11
1233.12
1267.36
1297.85
1324.58
1347.68
1367.2
1383.4
1396.34
1406.23
1414.35
1417.87
1419.4
1417.37
1414.68
1410.59
1405.33
1399
1391.75
1383.67
1374.85
1365.41
1355.4
1344.95
1334.04
1322.87
1311.34
1299.68
1287.81
1275.82
1263.72
1251.51
1239.4
1227.32
1215.29
1203.31
1191.43
1179.67
1168.05
1156.56
1145.22
1134.01
1122.96
1112.05
1101.28
1090.66
1080.17
1069.84
1059.63
1049.57
1039.66
1029.87
1020.17
1010.54
1001.04
991.603
982.257
972.981
963.788
954.684
945.679
936.766
927.943
919.186
910.516
901.905
893.346
884.833
876.346
867.858
859.361
850.843
842.318
833.799
825.333
816.922
808.577
800.301
792.102
783.96
775.891
767.844
759.891
752.04
744.354
736.758
729.281
721.866
714.563
707.405
700.326
693.37
686.464
679.687
673.01
666.496
660.157
654.002
647.947
641.948
635.906
629.796
623.493
617.005
610.186
603.005
595.319
587.459
579.162
570.439
561.903
553.347
543.918
533.958
523.555
512.79
501.703
490.32
478.656
466.724
454.543
442.137
429.532
416.759
403.853
390.847
377.777
364.683
351.604
338.576
325.639
312.828
300.18
287.721
275.489
263.49
251.764
240.315
229.178
218.348
207.834
197.738
187.87
178.588
169.689
161.2
153.29
146.089
138.957
132.759
127.092
123.275
119.086
114.994
112.165
24.686
25.98
27.748
29.8006
32.235
35.0272
38.111
41.5681
45.5735
50.1991
55.5157
61.5398
68.3114
75.8807
84.2955
93.5944
103.814
114.987
127.157
140.297
154.458
169.663
185.948
203.276
221.613
240.919
261.115
282.169
303.929
326.402
349.31
372.779
396.303
420.294
443.792
467.874
491.805
515.889
539.09
561.433
582.806
603.152
622.383
640.471
657.369
673.06
687.55
700.803
712.909
723.768
733.609
742.173
749.962
756.251
761.483
765.538
768.616
771.858
773.631
774.891
775.533
775.762
775.5
774.808
773.675
772.16
770.255
768.007
765.43
762.531
759.377
755.914
752.261
748.335
744.228
739.988
735.574
730.986
726.218
721.392
716.38
711.282
706.045
700.724
695.322
689.864
684.336
678.745
673.052
667.319
661.497
655.642
649.751
643.788
637.733
631.607
625.41
619.191
612.957
606.775
600.614
594.526
588.496
582.515
576.581
570.715
564.845
559.104
553.449
548.119
542.768
537.745
532.658
527.77
523.073
518.346
513.824
509.373
505.171
501.09
497.451
494.113
491.008
487.929
484.887
481.809
478.709
475.607
472.467
469.019
465.228
461.026
456.57
451.655
446.675
441.385
436.199
430.353
423.941
417.093
409.873
402.292
394.353
386.053
377.397
368.394
359.068
349.441
339.542
329.399
319.049
308.525
297.868
287.112
276.293
265.451
254.621
243.83
233.104
222.485
211.975
201.615
191.423
181.435
171.645
162.126
152.953
143.978
135.624
127.581
119.938
113.033
106.741
100.597
94.9571
90.6035
86.6029
83.3498
80.3371
77.8782
3.16065
3.32192
3.54435
3.74252
3.97477
4.30186
4.69811
5.13551
5.6157
6.15059
6.73177
7.36551
8.06005
8.83423
9.70574
10.692
11.8099
13.0749
14.5092
16.1337
17.9702
20.0385
22.3575
24.9442
27.8149
30.9855
34.4674
38.2772
42.419
46.9138
51.7544
56.9718
62.5413
68.5089
74.8299
81.5571
88.655
96.1664
104.054
112.318
120.925
129.865
139.104
148.626
158.395
168.383
178.555
188.867
199.29
209.767
220.267
230.75
241.123
251.514
261.976
272.262
282.498
292.396
301.9
310.972
319.587
327.776
335.497
342.789
349.599
355.978
361.874
367.334
372.335
376.871
381.023
384.641
388.013
390.717
393.417
395.67
397.317
398.426
399.134
399.648
399.696
399.533
398.998
398.236
397.284
396.168
394.887
393.431
391.763
389.979
387.986
385.915
383.741
381.394
378.871
376.22
373.447
370.642
367.776
364.933
362.04
359.206
356.389
353.541
350.726
347.958
345.157
342.489
339.767
337.448
335.007
332.893
330.763
328.723
326.959
325.102
323.546
322.094
320.947
319.85
319.21
318.89
318.769
318.675
318.652
318.599
318.56
318.525
318.566
318.282
317.793
317.004
315.981
314.65
313.173
311.585
309.595
306.979
304.062
300.822
297.232
293.254
288.863
284.045
278.798
273.125
267.045
260.574
253.738
246.559
239.073
231.304
223.294
215.071
206.672
198.135
189.496
180.778
172.028
163.286
154.569
145.935
137.424
129.054
120.872
112.982
105.368
98.0176
91.2284
84.848
78.7441
73.3129
68.4689
63.816
59.5679
56.1173
53.245
50.7909
48.8714
47.0505
0.282867
0.28295
0.288015
0.29679
0.315409
0.354463
0.410194
0.474979
0.547356
0.628027
0.715565
0.807906
0.904333
1.00578
1.11338
1.22807
1.35106
1.4835
1.62788
1.78656
1.96297
2.15915
2.37814
2.62362
2.90139
3.21438
3.56822
3.9675
4.41719
4.92345
5.49123
6.12793
6.83789
7.63001
8.50813
9.48087
10.5544
11.737
13.0346
14.4519
15.993
17.6613
19.4591
21.3889
23.4521
25.6493
27.9816
30.4469
33.0467
35.7758
38.6356
41.6178
44.7228
47.9367
51.2716
54.7111
58.2589
61.9075
65.6345
69.432
73.2781
77.1714
81.0847
85.0216
88.9492
92.8759
96.7654
100.625
104.424
108.156
111.813
115.365
118.826
122.162
125.362
128.492
131.522
134.489
137.265
140.029
142.481
144.932
147.022
149.115
150.933
152.719
154.174
155.485
156.525
157.493
158.166
158.941
159.473
159.788
159.938
159.977
159.936
159.884
159.767
159.672
159.478
159.439
159.317
159.14
159.044
158.884
158.776
158.788
158.684
160.123
159.613
161.205
160.648
161.683
162.227
161.611
162.013
162.159
162.743
162.936
165.555
167.634
169.35
170.308
171.423
172.807
174.186
177.126
179.549
181.321
182.607
183.35
184.69
185.402
186.13
186.526
187.982
187.267
186.893
186.435
185.724
184.663
183.21
181.334
179.03
176.29
173.127
169.547
165.574
161.22
156.524
151.497
146.195
140.631
134.863
128.914
122.846
116.665
110.428
104.147
97.8736
91.6479
85.526
79.4846
73.6619
68.06
62.6253
57.4749
52.8426
48.3451
44.1928
40.7177
37.2284
34.2341
31.603
29.4351
27.5826
26.0174
24.9286
23.7619
0.069296
0.0676226
0.0595012
0.0481182
0.0353765
0.024074
0.0163818
0.0126791
0.0127819
0.0167186
0.0243638
0.0351715
0.0484562
0.0637306
0.0806719
0.0989951
0.11847
0.138917
0.160314
0.182788
0.206525
0.231668
0.258395
0.286983
0.317798
0.351205
0.387623
0.427515
0.471378
0.519825
0.57343
0.632988
0.699129
0.77292
0.855105
0.946836
1.04898
1.16265
1.28948
1.4313
1.58969
1.76605
1.962
2.17919
2.41938
2.68422
2.97565
3.29513
3.6448
4.02568
4.44004
4.88851
5.37295
5.89456
6.45532
7.0561
7.69798
8.38107
9.1051
9.87023
10.6747
11.5176
12.3958
13.3086
14.2524
15.2263
16.2261
17.2503
18.2944
19.3559
20.4309
21.5156
22.6064
23.7011
24.7922
25.8832
26.96
28.0378
29.0878
30.1452
31.156
32.1707
33.1326
34.082
34.9985
35.8779
36.7422
37.5559
38.3513
39.0738
39.872
40.6502
41.3839
42.0609
42.6181
43.1711
43.6675
44.3102
44.8428
45.3776
45.8986
46.4632
47.0094
47.333
47.8214
48.2765
49.0825
49.5204
49.7469
51.0225
51.5649
52.833
53.8943
54.5079
55.1663
55.964
56.9816
58.0729
59.2983
60.5675
61.9803
63.599
65.295
67.0399
68.8592
70.6476
72.5827
74.5065
76.6
78.6363
80.7517
82.6445
84.5511
86.2438
87.8476
90.1175
90.9845
91.5541
92.3668
93.1589
93.8187
94.2598
94.4445
94.3309
93.9099
93.1597
92.0875
90.6845
88.9649
86.9272
84.6065
82.0003
79.1531
76.0798
72.8197
69.4013
65.854
62.1886
58.4966
54.7567
51.049
47.372
43.7739
40.2461
36.9022
33.6961
30.582
27.7967
25.2116
22.6834
20.5499
18.6566
16.8364
15.296
13.9048
12.7643
11.7717
10.9306
10.3741
9.71403
0.131605
0.136034
0.134048
0.126537
0.11524
0.101179
0.0857394
0.0704154
0.0560809
0.0431797
0.0320725
0.0229729
0.0158443
0.0104934
0.00671265
0.00431616
0.00312375
0.00295549
0.00364141
0.00504174
0.00705213
0.00958212
0.0125506
0.0158961
0.0195869
0.0235947
0.0279183
0.0325513
0.0375068
0.0428082
0.0484856
0.0545827
0.0611458
0.0682427
0.0759449
0.0843226
0.0934415
0.103392
0.114312
0.126365
0.139698
0.154454
0.17079
0.188892
0.208952
0.23118
0.255804
0.283061
0.313221
0.346506
0.383292
0.423685
0.468226
0.517096
0.570605
0.629161
0.693158
0.762961
0.838896
0.921415
1.01085
1.10748
1.21148
1.32309
1.44242
1.56966
1.70482
1.8479
1.99878
2.1574
2.3235
2.49696
2.67728
2.86452
3.05771
3.25676
3.46103
3.67161
3.8871
4.10813
4.33209
4.56156
4.79174
5.02607
5.26186
5.49918
5.73943
5.9767
6.22051
6.45762
6.70909
6.96445
7.22139
7.47738
7.73005
7.97302
8.21316
8.47953
8.73607
8.99978
9.2673
9.55057
9.84239
10.1299
10.4274
10.7264
11.0534
11.2892
11.6739
11.9587
12.4089
12.7902
13.1757
13.5717
13.9806
14.4067
14.8712
15.3673
15.9046
16.4839
17.1099
17.8034
18.5458
19.3307
20.1665
21.0261
21.9615
22.9095
23.9137
24.9733
26.0618
27.1753
28.3348
29.0989
30.7473
31.5623
32.4223
33.1895
33.9623
34.7103
35.411
36.0237
36.533
36.9054
37.1388
37.2079
37.1178
36.8491
36.4175
35.8098
35.0464
34.1185
33.0668
31.8693
30.57
29.1514
27.6658
26.0817
24.4815
22.8163
21.1713
19.5059
17.8947
16.2909
14.8021
13.368
11.9865
10.7709
9.6676
8.66453
7.77724
6.96952
6.25672
5.65536
5.10817
4.64709
4.22062
3.84037
3.55713
3.19976
0.175485
0.181507
0.183543
0.180723
0.173813
0.163577
0.15095
0.137105
0.122932
0.108955
0.0955865
0.083185
0.0719596
0.0619531
0.0531307
0.0454384
0.0388098
0.0331563
0.0283718
0.0243447
0.0209788
0.0181934
0.0159123
0.0140603
0.0125704
0.0113845
0.0104541
0.00973589
0.00919222
0.0087897
0.00850115
0.00830233
0.00817395
0.00809994
0.00806942
0.00807246
0.00809826
0.00813779
0.00818728
0.0082496
0.00833314
0.00844465
0.0085912
0.00878239
0.00903016
0.00934961
0.00975855
0.0102789
0.0109318
0.0117465
0.01275
0.0139723
0.015453
0.0172318
0.0193498
0.0218528
0.0247864
0.0281951
0.0321343
0.0366755
0.0418939
0.047859
0.0546371
0.0623
0.0709257
0.0805996
0.0913949
0.103386
0.116651
0.131275
0.147341
0.164933
0.184121
0.205014
0.227659
0.252095
0.278421
0.306811
0.337434
0.370024
0.40496
0.442457
0.482026
0.524378
0.569274
0.616968
0.667354
0.720552
0.777457
0.837039
0.900433
0.967533
1.03842
1.1129
1.19128
1.27281
1.35766
1.4468
1.53854
1.63539
1.73581
1.83934
1.95314
2.06233
2.18636
2.30425
2.42814
2.55217
2.67815
2.80127
2.93014
3.08208
3.21807
3.35201
3.49074
3.63597
3.78612
3.9461
4.11557
4.29708
4.48294
4.68581
4.8983
5.12236
5.36405
5.6215
5.89507
6.1713
6.46014
6.77767
7.10991
7.48517
7.81001
8.19685
8.57359
9.09833
9.36224
9.65898
9.96844
10.2739
10.5722
10.8498
11.1049
11.3218
11.5015
11.6301
11.7079
11.7243
11.6817
11.5742
11.4057
11.1684
10.8795
10.5244
10.127
9.66984
9.18415
8.64696
8.1046
7.5289
6.96614
6.38925
5.84459
5.29512
4.80129
4.32186
3.88034
3.48289
3.13294
2.82921
2.5723
2.31281
2.13104
1.93913
1.79439
1.61562
1.47496
1.28845
1.14527
0.962214
0.185112
0.19026
0.193299
0.192853
0.189073
0.18255
0.173883
0.163733
0.152732
0.141366
0.130031
0.119072
0.108733
0.0991426
0.0903506
0.0823717
0.0751962
0.0687924
0.0631072
0.0580752
0.0536347
0.049729
0.0463076
0.0433203
0.0407135
0.0384397
0.0364582
0.0347297
0.0332193
0.0318958
0.0307306
0.0296973
0.0287727
0.0279359
0.0271698
0.026462
0.0257967
0.0251545
0.024522
0.02389
0.0232521
0.0226039
0.021941
0.0212597
0.0205586
0.0198372
0.019096
0.0183372
0.0175651
0.0167833
0.0159989
0.0152193
0.0144531
0.0137157
0.013025
0.0123979
0.0118538
0.0114149
0.0111043
0.0109455
0.0109656
0.0111973
0.011678
0.0124501
0.0135533
0.0150285
0.0169235
0.0192972
0.0222072
0.0257154
0.0298882
0.0347917
0.0404921
0.0470583
0.0545593
0.0630739
0.0727018
0.0835274
0.0956159
0.109046
0.123915
0.140327
0.158335
0.178018
0.199433
0.222673
0.247792
0.274888
0.304109
0.335336
0.368604
0.403888
0.441362
0.48106
0.523071
0.56712
0.613039
0.660967
0.710752
0.762619
0.815791
0.87011
0.926752
0.984058
1.04253
1.10008
1.15853
1.21655
1.27488
1.33111
1.38579
1.43974
1.49262
1.54432
1.59347
1.64177
1.68583
1.73065
1.77592
1.8209
1.86286
1.91023
1.95063
1.99516
2.0386
2.0821
2.12096
2.15845
2.20146
2.2501
2.30265
2.36737
2.43152
2.49767
2.56079
2.63288
2.69973
2.76407
2.82649
2.88568
2.94359
2.99717
3.04752
3.0902
3.12669
3.15231
3.16726
3.16861
3.15697
3.13073
3.08979
3.0312
2.96105
2.87236
2.77459
2.6595
2.53975
2.4056
2.27352
2.13141
1.99662
1.85807
1.7347
1.60942
1.50722
1.40536
1.32429
1.24556
1.18852
1.1323
1.09292
1.058
1.04143
1.00293
0.978482
0.917218
0.865909
0.776823
0.691138
0.617994
0.174804
0.178373
0.181005
0.181343
0.179246
0.17511
0.169324
0.16226
0.154322
0.145883
0.13726
0.128717
0.120461
0.112629
0.105303
0.098527
0.0923226
0.0866894
0.0816081
0.0770478
0.0729696
0.0693402
0.0661263
0.0632919
0.060802
0.0586228
0.0567201
0.0550652
0.0536306
0.0523922
0.0513275
0.0504165
0.0496397
0.0489826
0.0484317
0.0479751
0.0475993
0.0472942
0.0470441
0.0468433
0.0466866
0.0465703
0.0464894
0.0464438
0.0464315
0.0464544
0.0465121
0.04661
0.0467499
0.0469389
0.0471819
0.0474823
0.0478543
0.0483122
0.0488713
0.0495502
0.0503664
0.0513412
0.0524958
0.053851
0.05543
0.0572618
0.0593813
0.061828
0.0646288
0.0678183
0.0714395
0.0755382
0.0801721
0.085383
0.0912373
0.0977925
0.105095
0.113197
0.122157
0.132056
0.142958
0.154925
0.168009
0.182278
0.197802
0.214652
0.232859
0.252475
0.273545
0.296106
0.320199
0.345868
0.373125
0.4019
0.43215
0.463882
0.497174
0.532013
0.568338
0.605941
0.644631
0.684414
0.725153
0.766735
0.808712
0.850806
0.893399
0.936071
0.978528
1.02012
1.06094
1.10067
1.13878
1.17443
1.2073
1.23881
1.26874
1.29619
1.3206
1.34178
1.35925
1.37364
1.3847
1.39265
1.39673
1.39812
1.3961
1.39097
1.38327
1.37317
1.36023
1.34483
1.32832
1.31152
1.29459
1.27855
1.26264
1.24559
1.22613
1.21014
1.19527
1.18029
1.1647
1.14814
1.13193
1.11534
1.09945
1.08313
1.06752
1.05115
1.03466
1.01741
1.00012
0.981884
0.962854
0.943216
0.923613
0.90166
0.881225
0.859503
0.840924
0.821885
0.80809
0.794618
0.788265
0.782059
0.785591
0.788954
0.802368
0.81541
0.838949
0.856937
0.88431
0.90139
0.932561
0.949257
0.980441
0.998287
1.02053
1.02285
1.03444
1.03895
1.04281
1.15088
0.157727
0.159876
0.161756
0.162114
0.160705
0.157817
0.15373
0.148664
0.142867
0.1366
0.130097
0.123556
0.117141
0.11097
0.105127
0.0996619
0.0946091
0.0899815
0.0857786
0.081985
0.078582
0.0755462
0.0728547
0.0704837
0.0684083
0.0666019
0.0650414
0.0637039
0.0625697
0.0616177
0.0608323
0.0601978
0.0597002
0.0593271
0.0590686
0.0589149
0.0588566
0.0588819
0.0589869
0.0591634
0.0594076
0.0597176
0.0600934
0.0605349
0.0610437
0.0616211
0.0622715
0.0630006
0.0638139
0.0647187
0.0657218
0.0668323
0.0680582
0.0694169
0.0709273
0.072605
0.0744713
0.0765465
0.0788539
0.0814142
0.0842529
0.0873948
0.0908783
0.0947365
0.099004
0.103703
0.108874
0.11457
0.12082
0.127679
0.135205
0.14345
0.152447
0.162246
0.172904
0.18448
0.197034
0.210613
0.225259
0.241024
0.257965
0.276127
0.295542
0.316242
0.338255
0.361599
0.386285
0.412332
0.43973
0.468421
0.498363
0.529541
0.561969
0.595596
0.630334
0.666004
0.702458
0.739593
0.777282
0.815288
0.853378
0.89124
0.928966
0.966243
1.00284
1.03837
1.0727
1.10544
1.13631
1.16466
1.19042
1.214
1.23563
1.25454
1.27039
1.28273
1.29142
1.29637
1.29769
1.29524
1.28897
1.27919
1.26606
1.24968
1.23016
1.20769
1.18232
1.15453
1.125
1.09424
1.06232
1.03003
0.997398
0.963558
0.928405
0.894626
0.862655
0.831292
0.80016
0.769409
0.739844
0.711399
0.684775
0.659821
0.637047
0.616268
0.597353
0.581257
0.567403
0.555582
0.546446
0.540666
0.538906
0.537908
0.541697
0.547692
0.558566
0.572275
0.591508
0.612654
0.639787
0.667837
0.703229
0.737755
0.78047
0.819494
0.868449
0.909353
0.960045
0.999014
1.04986
1.09969
1.16938
1.23594
1.33193
1.44096
1.59512
1.81491
2.0481
2.59757
0.139222
0.140178
0.141253
0.141319
0.140104
0.137833
0.134722
0.130905
0.12653
0.121773
0.1168
0.111759
0.106769
0.101929
0.0973048
0.092949
0.088893
0.0851563
0.0817446
0.0786554
0.0758781
0.0733988
0.0712019
0.0692701
0.0675856
0.0661305
0.0648872
0.0638391
0.0629691
0.0622625
0.0617053
0.0612845
0.060992
0.0608164
0.0607492
0.0607808
0.0609069
0.0611222
0.0614184
0.0617897
0.0622359
0.0627561
0.0633527
0.0640257
0.0647781
0.065612
0.0665347
0.0675511
0.0686695
0.0699
0.0712471
0.0727219
0.0743402
0.0761124
0.0780535
0.0801842
0.0825262
0.0851022
0.0879336
0.091044
0.0944562
0.0981989
0.102313
0.106824
0.111758
0.117151
0.123046
0.12948
0.136479
0.144106
0.152414
0.161436
0.171215
0.181788
0.193218
0.205563
0.218862
0.233152
0.248482
0.264893
0.282427
0.301121
0.321003
0.342101
0.364426
0.387981
0.412786
0.438842
0.466116
0.494568
0.52416
0.554856
0.586635
0.619429
0.653142
0.687625
0.722738
0.758351
0.794319
0.83044
0.866501
0.902287
0.937678
0.972464
1.00637
1.03914
1.07048
1.10016
1.12783
1.15315
1.17593
1.19639
1.21443
1.22974
1.24193
1.25083
1.25618
1.25796
1.25601
1.25042
1.24107
1.2281
1.21184
1.19238
1.16991
1.14459
1.11674
1.08666
1.0548
1.02156
0.987123
0.951998
0.916411
0.880193
0.843584
0.80794
0.773661
0.740333
0.70793
0.676548
0.647046
0.61937
0.593696
0.570949
0.55048
0.532967
0.518535
0.507204
0.500518
0.494718
0.492727
0.494759
0.500815
0.510316
0.524017
0.540983
0.562797
0.587227
0.617291
0.649413
0.687607
0.726198
0.772954
0.817821
0.872017
0.920898
0.984695
1.04302
1.11775
1.19234
1.30095
1.41516
1.58657
1.79087
2.08694
2.47039
2.99422
3.73749
4.51863
6.03384
0.119436
0.119448
0.119777
0.119464
0.118262
0.116344
0.113879
0.110944
0.107621
0.10402
0.100252
0.0964175
0.0926027
0.0888757
0.0852917
0.0818916
0.0787044
0.0757489
0.0730348
0.0705645
0.0683343
0.0663371
0.0645628
0.0630008
0.0616384
0.0604639
0.0594642
0.0586277
0.0579417
0.0573942
0.0569731
0.0566717
0.05648
0.0563905
0.0563948
0.0564899
0.0566709
0.0569328
0.05727
0.0576804
0.0581623
0.0587182
0.0593486
0.0600564
0.0608434
0.0617154
0.0626777
0.0637372
0.0649047
0.0661851
0.0675922
0.069139
0.0708326
0.072687
0.0747173
0.076945
0.0793918
0.0820808
0.0850327
0.0882727
0.0918231
0.0957215
0.0999887
0.104658
0.109762
0.115332
0.12142
0.128035
0.135235
0.143067
0.151575
0.160795
0.170755
0.181511
0.193121
0.205622
0.219055
0.23347
0.248899
0.265383
0.282959
0.301654
0.321499
0.342508
0.364691
0.388063
0.412622
0.438359
0.465254
0.493263
0.522347
0.55247
0.583578
0.615611
0.648455
0.682001
0.71609
0.750619
0.785397
0.820303
0.855107
0.889624
0.923665
0.957035
0.989495
1.02076
1.0506
1.07875
1.10497
1.12892
1.15048
1.1696
1.18626
1.20012
1.21103
1.21868
1.22306
1.22392
1.22134
1.2152
1.20545
1.1922
1.17565
1.15598
1.13339
1.1081
1.08037
1.05057
1.01912
0.986314
0.952405
0.917788
0.882756
0.847392
0.812091
0.777533
0.744259
0.712091
0.681283
0.651625
0.624347
0.598906
0.576371
0.555999
0.540274
0.524544
0.512411
0.504043
0.499934
0.499287
0.502734
0.509824
0.521325
0.536803
0.556566
0.579844
0.609313
0.64134
0.680622
0.721369
0.770312
0.820618
0.881946
0.944704
1.02003
1.1006
1.21264
1.32659
1.49408
1.6784
1.94719
2.26719
2.72917
3.31264
4.12411
5.19225
6.57907
8.50952
10.4787
14.0089
0.10036
0.0997377
0.0995076
0.0988813
0.0976519
0.0959549
0.0939189
0.0915911
0.0890147
0.0862527
0.0833776
0.080453
0.0775361
0.0746736
0.0719057
0.0692621
0.0667667
0.0644345
0.0622761
0.0602953
0.0584928
0.0568649
0.055407
0.0541116
0.0529715
0.051978
0.0511228
0.0503968
0.0497913
0.0492971
0.0489064
0.0486114
0.0484061
0.0482845
0.0482417
0.0482738
0.048378
0.0485514
0.0487907
0.0490939
0.0494617
0.0498953
0.0503968
0.0509691
0.0516158
0.0523426
0.0531551
0.0540622
0.0550699
0.0561922
0.0574392
0.0588208
0.0603506
0.0620392
0.063904
0.0659647
0.0682445
0.0707634
0.0735455
0.0766134
0.0799976
0.0837202
0.0878154
0.09231
0.0972333
0.102632
0.108531
0.114971
0.121998
0.129656
0.137983
0.147012
0.156776
0.167336
0.178733
0.191012
0.204216
0.218379
0.233548
0.249757
0.267035
0.285412
0.304913
0.325553
0.347347
0.370295
0.394405
0.41967
0.446052
0.473523
0.502046
0.531575
0.562051
0.593399
0.625524
0.658311
0.69163
0.725347
0.759321
0.793385
0.827367
0.861072
0.894298
0.926833
0.958471
0.988958
1.01805
1.04551
1.07111
1.09458
1.11578
1.13459
1.15092
1.16453
1.17529
1.18292
1.18745
1.18863
1.18657
1.18103
1.17206
1.15964
1.14399
1.12533
1.10383
1.07972
1.05328
1.02483
0.994636
0.963135
0.930441
0.897142
0.863407
0.829646
0.795988
0.763123
0.731382
0.70094
0.67237
0.644243
0.620928
0.59694
0.575441
0.557058
0.542229
0.53063
0.522768
0.518622
0.51911
0.523396
0.532309
0.545346
0.564044
0.587011
0.615935
0.65075
0.693508
0.736724
0.792232
0.854057
0.929652
1.01903
1.1297
1.25676
1.41775
1.6075
1.85817
2.16338
2.57124
3.08426
3.76821
4.65109
5.80769
7.32681
9.25457
11.8042
14.8738
19.0208
23.1037
29.8943
0.0832508
0.0822929
0.0817138
0.0808925
0.079669
0.0781485
0.0764267
0.0745342
0.0724902
0.0703328
0.0681042
0.0658459
0.0635919
0.0613741
0.0592177
0.0571453
0.0551727
0.0533126
0.0515727
0.0499581
0.04847
0.047108
0.0458691
0.0447498
0.0437449
0.0428492
0.0420567
0.0413611
0.0407562
0.0402358
0.0397939
0.0394251
0.0391249
0.038889
0.0387141
0.038597
0.038536
0.0385288
0.0385746
0.0386726
0.038824
0.0390302
0.0392945
0.0396197
0.0400108
0.040473
0.0410135
0.0416396
0.0423606
0.0431864
0.0441288
0.0452008
0.0464134
0.0477803
0.0493187
0.0510484
0.05299
0.055165
0.0575969
0.0603099
0.0633313
0.0666891
0.0704112
0.0745254
0.0790677
0.0840753
0.0895805
0.0956306
0.102261
0.109517
0.117436
0.126042
0.135389
0.145523
0.156494
0.168337
0.181091
0.194803
0.209512
0.225252
0.242052
0.259943
0.278949
0.299088
0.320368
0.342803
0.366395
0.391124
0.41697
0.443904
0.471892
0.50088
0.530813
0.561614
0.593195
0.625437
0.658227
0.691425
0.724882
0.75846
0.791975
0.825239
0.858008
0.890171
0.921427
0.951637
0.980462
1.00782
1.0333
1.05686
1.07806
1.09706
1.11337
1.1272
1.13796
1.14598
1.15066
1.15239
1.15073
1.14587
1.13753
1.12586
1.11103
1.09326
1.07273
1.04965
1.02435
0.99715
0.96827
0.938159
0.906943
0.875217
0.843408
0.811471
0.780098
0.749643
0.720248
0.693488
0.666012
0.640813
0.618238
0.598519
0.582012
0.569058
0.560075
0.555014
0.554767
0.559168
0.569414
0.584587
0.605699
0.63396
0.667985
0.712353
0.762257
0.827925
0.908705
1.00373
1.11882
1.25563
1.42332
1.6277
1.8812
2.19831
2.59286
3.099
3.72696
4.54975
5.55997
6.89786
8.51751
10.6577
13.1993
16.5212
20.3561
25.3191
30.794
37.9692
44.6234
55.0949
0.0688089
0.0677359
0.066965
0.0660415
0.0648586
0.0634911
0.0620091
0.0604303
0.0587646
0.0570328
0.0552609
0.0534734
0.0516913
0.0499339
0.0482176
0.0465569
0.0449627
0.0434437
0.0420058
0.0406529
0.0393865
0.0382071
0.0371132
0.0361028
0.0351726
0.0343192
0.0335384
0.0328261
0.0321777
0.0315891
0.031056
0.0305747
0.0301417
0.0297541
0.0294095
0.029106
0.0288422
0.0286173
0.0284312
0.0282844
0.0281783
0.0281152
0.0280983
0.0281314
0.0282197
0.0283687
0.0285858
0.0288785
0.0292566
0.0297295
0.0303094
0.0310083
0.0318396
0.0328184
0.0339614
0.0352881
0.036818
0.0385738
0.0405779
0.0428564
0.0454346
0.0483422
0.0516068
0.05526
0.0593358
0.063868
0.0688998
0.0744647
0.0806094
0.0873736
0.0947876
0.102895
0.111744
0.121381
0.131846
0.143182
0.155431
0.168637
0.182838
0.19807
0.214365
0.231753
0.25026
0.269903
0.290698
0.312652
0.335767
0.360032
0.385428
0.411928
0.439492
0.468074
0.497609
0.528022
0.559217
0.591093
0.623522
0.656376
0.689512
0.722769
0.755969
0.788909
0.821414
0.853252
0.884258
0.914174
0.942831
0.969947
0.995342
1.01871
1.03994
1.05873
1.07506
1.08867
1.09949
1.10734
1.11213
1.11387
1.11242
1.10781
1.09981
1.08862
1.07435
1.05734
1.03763
1.01554
0.99152
0.965743
0.938535
0.910197
0.881377
0.852007
0.824235
0.795518
0.767414
0.740612
0.715657
0.69315
0.673009
0.655964
0.642508
0.633244
0.628653
0.629195
0.635389
0.647825
0.668343
0.696787
0.734
0.781596
0.837486
0.912682
1.00525
1.11632
1.2507
1.41159
1.60808
1.84423
2.13402
2.48613
2.91954
3.45362
4.11093
4.93121
5.93357
7.19863
8.72275
10.6568
12.9369
15.8164
19.1209
23.2377
27.8184
33.4533
39.5115
46.9597
54.6626
64.413
73.157
86.1489
0.0572663
0.0562191
0.0553703
0.0544151
0.0532972
0.052067
0.0507711
0.0494199
0.0480194
0.0465814
0.0451221
0.0436556
0.0421952
0.0407518
0.0393361
0.0379566
0.0366206
0.0353334
0.0340994
0.0329209
0.0317994
0.0307351
0.0297273
0.0287747
0.0278751
0.0270262
0.026225
0.0254688
0.0247543
0.0240787
0.0234389
0.0228324
0.0222566
0.0217097
0.02119
0.0206965
0.0202283
0.0197856
0.0193686
0.0189788
0.0186178
0.0182885
0.0179943
0.0177395
0.0175294
0.0173701
0.0172687
0.0172336
0.0172739
0.0174001
0.0176239
0.0179581
0.0184169
0.0190159
0.0197722
0.0207049
0.0218341
0.0231823
0.0247729
0.0266315
0.0287851
0.0312625
0.0340943
0.0373121
0.0409505
0.0450452
0.0496338
0.0547581
0.0604585
0.0667747
0.0737476
0.0814205
0.0898383
0.0990461
0.109088
0.120009
0.131849
0.144653
0.158458
0.173303
0.189221
0.206241
0.224389
0.243682
0.264138
0.28576
0.308555
0.332503
0.357596
0.383793
0.411069
0.439354
0.468602
0.498711
0.529615
0.561174
0.593305
0.625831
0.658652
0.69155
0.724399
0.75694
0.789033
0.820415
0.850961
0.880372
0.908545
0.935124
0.960061
0.982907
1.00365
1.02191
1.03774
1.05076
1.06114
1.0685
1.07302
1.07459
1.0733
1.06898
1.06162
1.05135
1.03838
1.02313
1.00565
0.986446
0.966204
0.944727
0.922652
0.900215
0.878051
0.85658
0.836583
0.818452
0.802954
0.790683
0.782419
0.779027
0.780838
0.789092
0.804548
0.829234
0.863616
0.907282
0.962584
1.03398
1.12458
1.23431
1.36665
1.52409
1.71179
1.93446
2.20046
2.51529
2.89263
3.33946
3.87805
4.51747
5.29011
6.2119
7.32318
8.65659
10.2507
12.168
14.4259
17.1348
20.2507
23.9641
28.1045
32.9713
38.2268
44.3165
50.701
58.0774
65.5962
74.4817
83.3241
94.355
104.175
118.191
0.0493768
0.048391
0.0475041
0.0465396
0.0454775
0.044347
0.0431759
0.041971
0.0407369
0.0394812
0.0382141
0.0369444
0.03568
0.0344279
0.0331945
0.031985
0.0308041
0.0296551
0.0285406
0.0274619
0.0264201
0.0254148
0.0244458
0.0235118
0.0226112
0.0217422
0.0209028
0.0200907
0.0193037
0.0185395
0.0177962
0.0170717
0.0163646
0.0156734
0.0149971
0.0143354
0.013688
0.0130555
0.0124388
0.0118398
0.0112607
0.0107047
0.0101756
0.00967829
0.00921822
0.00880213
0.00843747
0.00813299
0.00789838
0.00774474
0.00768417
0.00773029
0.00789804
0.00820382
0.00866557
0.00930273
0.0101367
0.0111904
0.0124883
0.0140568
0.0159242
0.0181206
0.0206777
0.0236288
0.0270094
0.0308562
0.035208
0.0401046
0.0455889
0.0517025
0.0584889
0.0659905
0.074254
0.083323
0.0932445
0.10406
0.115815
0.128548
0.142299
0.157102
0.172992
0.189995
0.208135
0.227428
0.247885
0.269511
0.292301
0.316245
0.341313
0.36748
0.394694
0.422901
0.452025
0.481982
0.512676
0.543997
0.575816
0.608017
0.640426
0.67289
0.705233
0.737261
0.768768
0.799593
0.829504
0.858371
0.88593
0.912107
0.936548
0.959265
0.979841
0.998358
1.01457
1.02853
1.04021
1.04928
1.05623
1.06104
1.06347
1.06394
1.06217
1.05884
1.05409
1.04862
1.04265
1.03695
1.03196
1.02854
1.02732
1.02913
1.03504
1.0457
1.06245
1.08642
1.11878
1.16139
1.21555
1.28187
1.3625
1.4595
1.57891
1.72076
1.88869
2.08536
2.31536
2.58229
2.89341
3.25387
3.67257
4.1569
4.71907
5.36913
6.12669
7.00161
8.02665
9.20864
10.5971
12.1928
14.0621
16.2034
18.6863
21.5167
24.7406
28.3822
32.4352
36.9608
41.8625
47.2935
52.9906
59.2621
65.6789
72.697
79.7631
87.5407
95.2756
104.145
112.926
123.828
133.804
147.86
0.0462765
0.0453425
0.0444311
0.0434473
0.0424049
0.0413213
0.0402095
0.0390727
0.0379149
0.0367425
0.0355626
0.034381
0.0332034
0.0320347
0.0308795
0.0297413
0.0286234
0.0275279
0.0264569
0.0254108
0.0243903
0.0233949
0.0224245
0.0214775
0.0205528
0.0196487
0.0187639
0.0178959
0.0170434
0.0162043
0.0153775
0.0145611
0.0137542
0.0129558
0.0121659
0.0113839
0.0106107
0.00984711
0.00909524
0.00835695
0.00763551
0.00693457
0.00625913
0.00561437
0.00500699
0.00444439
0.00393549
0.00348971
0.00311821
0.00283314
0.00264831
0.00257854
0.00264036
0.00285172
0.00323224
0.00380308
0.00458728
0.0056094
0.00689571
0.00847459
0.0103761
0.0126321
0.0152763
0.0183443
0.0218726
0.0258992
0.0304633
0.035607
0.0413727
0.0478036
0.0549421
0.0628332
0.0715208
0.0810502
0.0914624
0.102805
0.115114
0.128432
0.142791
0.158228
0.174767
0.192438
0.211252
0.231233
0.252374
0.274692
0.298163
0.322785
0.348513
0.375345
0.403194
0.432043
0.461778
0.49238
0.523705
0.555705
0.588231
0.621202
0.654508
0.687959
0.721448
0.754707
0.787782
0.82046
0.85256
0.884096
0.914831
0.944851
0.97393
1.00217
1.02934
1.05567
1.08103
1.10583
1.12995
1.15402
1.1779
1.20251
1.22773
1.25463
1.2831
1.31474
1.34972
1.38967
1.43508
1.48781
1.54854
1.61962
1.70192
1.7979
1.90956
2.03715
2.18538
2.35625
2.55322
2.77923
3.03764
3.33232
3.66726
4.04664
4.47739
4.96387
5.51522
6.13626
6.83865
7.62898
8.52212
9.52865
10.6653
11.9465
13.3931
15.0203
16.8579
18.912
21.2307
23.7966
26.6803
29.8283
33.3331
37.1089
41.2491
45.6595
50.3997
55.3989
60.6649
66.177
71.8782
77.8554
83.8751
90.25
96.5469
103.211
109.787
116.796
123.761
131.574
139.518
149.38
159.454
173.081
0.0466889
0.0457582
0.0448214
0.043822
0.0427868
0.0417242
0.0406375
0.0395281
0.0383992
0.0372566
0.0361051
0.0349502
0.0337961
0.0326473
0.031507
0.0303787
0.0292642
0.0281657
0.0270839
0.0260197
0.0249727
0.0239428
0.022929
0.0219306
0.020946
0.0199742
0.0190134
0.0180626
0.0171201
0.0161851
0.0152565
0.0143338
0.0134168
0.0125055
0.0116007
0.0107036
0.00981634
0.00894132
0.00808223
0.00724298
0.00642875
0.0056452
0.00489962
0.00419974
0.00355488
0.00297511
0.00247229
0.00205908
0.00174986
0.00156015
0.00150722
0.00160973
0.00188784
0.00236328
0.00305951
0.00400176
0.00521693
0.00673356
0.00858182
0.0107942
0.0134042
0.0164483
0.0199653
0.0239944
0.0285752
0.0337493
0.0395593
0.0460511
0.0532693
0.0612622
0.0700736
0.0797556
0.0903506
0.101908
0.114475
0.128099
0.142826
0.158697
0.175751
0.194026
0.213561
0.234384
0.256528
0.28001
0.30486
0.331086
0.358707
0.387722
0.418145
0.44996
0.483173
0.517751
0.553695
0.590974
0.629585
0.669475
0.710672
0.753135
0.796909
0.84195
0.888299
0.935965
0.985005
1.03553
1.08765
1.14159
1.19748
1.2557
1.31648
1.38032
1.44748
1.51868
1.59433
1.67556
1.76275
1.85754
1.9602
2.07308
2.19617
2.33278
2.48235
2.65006
2.8346
3.04074
3.26967
3.52527
3.80934
4.12645
4.47871
4.87133
5.30703
5.79096
6.32631
6.91964
7.57491
8.29955
9.09848
9.97942
10.9495
12.016
13.1901
14.4782
15.8956
17.4473
19.1515
21.014
23.0532
25.2783
27.7022
30.3358
33.1884
36.2624
39.5708
43.0918
46.8575
50.8028
54.997
59.3199
63.887
68.5354
73.3974
78.3044
83.3679
88.4651
93.6716
98.9101
104.217
109.593
114.914
120.445
125.787
131.348
136.797
142.486
148.258
154.633
161.448
169.926
179.602
192.743
0.0494304
0.0484968
0.0475338
0.0465095
0.0454535
0.0443652
0.0432422
0.0420853
0.0408987
0.0396877
0.0384567
0.0372108
0.0359544
0.0346923
0.033428
0.0321649
0.0309052
0.0296513
0.0284045
0.0271659
0.0259355
0.0247142
0.0235019
0.022299
0.021105
0.019921
0.018747
0.0175843
0.0164335
0.0152969
0.0141766
0.0130759
0.0119978
0.0109472
0.00992887
0.00894943
0.0080158
0.00713694
0.00632199
0.00558158
0.00492688
0.0043711
0.00392825
0.00361405
0.00344521
0.00344048
0.00361966
0.00400466
0.00461823
0.00548525
0.00663275
0.00808912
0.00988414
0.0120494
0.0146189
0.0176285
0.0211163
0.0251207
0.0296851
0.034851
0.0406649
0.0471769
0.0544395
0.0625092
0.0714378
0.0812818
0.0920991
0.103953
0.116909
0.13103
0.146388
0.163052
0.181097
0.200594
0.221621
0.244262
0.268603
0.29472
0.322707
0.352652
0.384655
0.418809
0.455221
0.493991
0.535239
0.579081
0.625655
0.675091
0.727542
0.783172
0.842159
0.904672
0.970958
1.04122
1.11577
1.19484
1.2788
1.36801
1.46296
1.56405
1.67182
1.78686
1.90986
2.0416
2.18286
2.33488
2.4982
2.67499
2.8651
3.07244
3.29567
3.53854
3.80198
4.08905
4.40093
4.74149
5.11183
5.51658
5.957
6.43824
6.96196
7.53391
8.15646
8.83486
9.57231
10.3744
11.2446
12.1895
13.2121
14.3206
15.5173
16.8117
18.2049
19.7086
21.3229
23.0606
24.9216
26.9176
29.0505
31.3286
33.7574
36.3386
39.0808
41.9785
45.0398
48.2558
51.6298
55.155
58.8216
62.6261
66.5522
70.584
74.7151
78.9044
83.1776
87.4559
91.827
96.1565
100.594
104.953
109.388
113.711
118.064
122.343
126.652
130.89
135.148
139.353
143.491
147.76
151.843
156.055
160.179
164.387
168.6
173.196
178.351
185.29
193.738
207.393
0.0527215
0.051555
0.0503946
0.0491951
0.0479506
0.0466355
0.0452437
0.0437815
0.0422594
0.0406858
0.0390694
0.0374191
0.0357443
0.0340527
0.0323523
0.0306499
0.028953
0.0272687
0.025604
0.023966
0.022362
0.0207997
0.0192874
0.0178343
0.0164496
0.0151439
0.0139281
0.0128147
0.0118164
0.0109482
0.0102253
0.00966463
0.00928387
0.0091023
0.00914084
0.00942272
0.00997236
0.0108161
0.0119809
0.0134959
0.0153912
0.0177
0.0204569
0.0236988
0.0274646
0.0317954
0.036736
0.0423313
0.0486287
0.05568
0.0635405
0.0722689
0.0819228
0.092565
0.104264
0.117092
0.131121
0.146431
0.163106
0.181235
0.200906
0.222225
0.245304
0.270258
0.297204
0.326265
0.357579
0.391288
0.427542
0.466502
0.508345
0.553255
0.601435
0.653085
0.708428
0.767725
0.831211
0.899165
0.971888
1.0497
1.13295
1.22202
1.31728
1.4192
1.52822
1.64486
1.76967
1.90326
2.04625
2.19937
2.36335
2.53905
2.72737
2.92928
3.14586
3.3782
3.62761
3.8954
4.18313
4.49227
4.82455
5.1818
5.56601
5.97935
6.42394
6.90256
7.4173
7.97172
8.56779
9.20979
9.89955
10.6422
11.4396
12.297
13.2167
14.2042
15.2621
16.3958
17.6088
18.9056
20.2909
21.7682
23.3432
25.0178
26.798
28.6854
30.6844
32.798
35.0269
37.3771
39.8439
42.4365
45.1443
47.9789
50.9249
53.9939
57.1662
60.4509
63.8294
67.3041
70.8623
74.4949
78.1947
81.9481
85.7485
89.5827
93.4426
97.3171
101.193
105.067
108.916
112.722
116.491
120.176
123.828
127.38
130.951
134.417
137.931
141.295
144.648
147.813
150.943
154.008
157.076
160.084
163.114
166.038
168.914
171.831
174.454
177.092
179.632
182.168
184.68
187.692
191.134
196.516
203.804
218.093
0.0534577
0.0512362
0.049044
0.0468422
0.0445817
0.0422246
0.0397865
0.0373004
0.0347957
0.0323026
0.0298575
0.0274993
0.0252651
0.0231894
0.0213054
0.0196457
0.0182429
0.0171294
0.0163385
0.0159037
0.01586
0.0162439
0.0170943
0.018451
0.0203562
0.0228535
0.0259896
0.0298124
0.0343733
0.0397251
0.0459239
0.0530279
0.0610956
0.0701915
0.0803842
0.0917461
0.104354
0.118283
0.133612
0.150427
0.168815
0.188869
0.210689
0.234377
0.260044
0.287805
0.317784
0.350107
0.384906
0.422324
0.462519
0.505653
0.551892
0.601413
0.654411
0.711093
0.77167
0.836377
0.905451
0.979164
1.05778
1.14161
1.23097
1.32619
1.42764
1.5357
1.65079
1.77333
1.90378
2.04265
2.19045
2.34778
2.51519
2.6934
2.88302
3.08485
3.2996
3.52815
3.77134
4.03016
4.30556
4.59876
4.91081
5.24297
5.59648
5.97281
6.37333
6.79975
7.25354
7.73672
8.25085
8.79825
9.38073
10.0008
10.6605
11.3626
12.1092
12.9035
13.7482
14.6463
15.6004
16.6145
17.6909
18.8342
20.0466
21.333
22.6954
24.1394
25.6664
27.2828
28.9878
30.79
32.6886
34.6888
36.7911
38.9987
41.3134
43.7345
46.2667
48.9037
51.6532
54.5038
57.464
60.5192
63.676
66.92
70.2523
73.662
77.1423
80.6886
84.2851
87.9335
91.6112
95.3231
99.0413
102.774
106.49
110.2
113.875
117.522
121.124
124.671
128.164
131.6
134.979
138.299
141.545
144.71
147.803
150.795
153.684
156.434
159.11
161.624
164.098
166.437
168.816
171.116
173.428
175.55
177.645
179.533
181.361
183.207
185.037
186.758
188.427
189.949
191.405
192.877
194.199
195.507
196.532
197.589
198.545
199.72
201.374
205.106
210.071
225.26
0.0334248
0.0301044
0.0275258
0.0254036
0.0236163
0.0222893
0.021624
0.0217651
0.022822
0.0249106
0.0281538
0.0326688
0.0385671
0.0459591
0.0549568
0.0656729
0.0782224
0.0927228
0.109294
0.128058
0.149146
0.17269
0.198834
0.227717
0.259489
0.294301
0.332314
0.37369
0.4186
0.46722
0.519734
0.576326
0.637188
0.702523
0.772551
0.847493
0.927579
1.01305
1.10414
1.20112
1.30426
1.41384
1.53016
1.65352
1.78426
1.92273
2.06929
2.22431
2.38819
2.56135
2.74425
2.93734
3.1411
3.35603
3.58269
3.82164
4.07348
4.33882
4.61835
4.91275
5.22274
5.54914
5.89267
6.2542
6.63463
7.03495
7.45609
7.89914
8.36511
8.8552
9.37053
9.91244
10.4821
11.0811
11.7108
12.3727
13.0684
13.7995
14.5678
15.3751
16.2233
17.1144
18.0504
19.0336
20.0661
21.1504
22.2885
23.4836
24.7373
26.0533
27.4331
28.8808
30.3978
31.9885
33.6537
35.3986
37.223
39.133
41.1281
43.2138
45.3883
47.6586
50.0211
52.483
55.0398
57.6979
60.452
63.308
66.2594
69.311
72.4508
75.6894
79.0118
82.4205
85.9044
89.4609
93.0836
96.7597
100.493
104.258
108.068
111.889
115.737
119.577
123.421
127.242
131.042
134.803
138.522
142.188
145.791
149.332
152.793
156.175
159.456
162.648
165.731
168.727
171.608
174.386
177.052
179.577
182.019
184.371
186.665
188.859
190.929
192.88
194.766
196.432
198.031
199.414
200.84
202.029
203.307
204.365
205.529
206.707
207.835
208.721
209.48
210.041
210.551
211.195
211.772
212.272
212.877
213.064
213.206
213.331
213.193
212.883
212.409
211.792
210.979
210.422
210.055
212.297
215.11
231.379
0.0688248
0.0908573
0.117418
0.147615
0.182484
0.223174
0.270011
0.323013
0.382406
0.448575
0.521891
0.602684
0.6913
0.788106
0.893484
1.00782
1.13149
1.26488
1.40838
1.56236
1.7272
1.90329
2.09104
2.29079
2.50295
2.72786
2.96598
3.21757
3.48313
3.76301
4.05763
4.36738
4.69271
5.03405
5.39184
5.76656
6.15866
6.56864
6.99705
7.4444
7.91124
8.39815
8.90574
9.43462
9.98544
10.5589
11.1557
11.7765
12.4221
13.0934
13.7911
14.5162
15.2693
16.0516
16.8638
17.7071
18.5824
19.4909
20.4335
21.4116
22.4261
23.4786
24.57
25.7016
26.8748
28.0912
29.352
30.6589
32.0131
33.4165
34.8703
36.3764
37.9363
39.5516
41.2241
42.956
44.7483
46.6031
48.5218
50.5065
52.5587
54.6801
56.8721
59.1368
61.4748
63.8884
66.3778
68.9454
71.5902
74.3154
77.1183
80.0031
82.9655
86.0101
89.1305
92.332
95.6061
98.9587
102.381
105.877
109.435
113.061
116.741
120.481
124.267
128.101
131.973
135.883
139.819
143.78
147.739
151.715
155.674
159.623
163.537
167.423
171.267
175.058
178.806
182.474
186.095
189.614
193.075
196.422
199.69
202.84
205.894
208.825
211.65
214.349
216.931
219.401
221.74
223.94
225.998
227.927
229.741
231.46
233.043
234.511
235.869
237.017
238.157
239.229
240.298
241.216
241.975
242.616
243.27
243.53
243.9
243.944
244.159
243.983
244.14
243.896
244.211
244.312
244.217
243.684
243.464
242.737
241.814
241.27
240.734
240.24
239.429
238.349
237.092
235.728
234.044
232.234
230.141
227.937
225.458
223.199
220.886
221.413
221.834
239.074
2.01936
2.34594
2.68477
3.03066
3.39429
3.78383
4.20141
4.64783
5.12439
5.63231
6.1723
6.74486
7.35043
7.98941
8.66211
9.36877
10.1095
10.8845
11.6936
12.5369
13.4143
14.3258
15.2714
16.2507
17.264
18.3109
19.3917
20.5061
21.6543
22.8363
24.0522
25.3023
26.5867
27.9057
29.2597
30.6488
32.0735
33.5342
35.0315
36.5658
38.1376
39.7476
41.3963
43.0843
44.8123
46.5809
48.3909
50.2428
52.1373
54.0754
56.0576
58.0847
60.1572
62.2759
64.4414
66.6546
68.9159
71.2261
73.5856
75.9953
78.4555
80.9673
83.5301
86.145
88.8118
91.5318
94.3044
97.1304
100.009
102.942
105.927
108.965
112.056
115.2
118.395
121.642
124.94
128.287
131.683
135.127
138.617
142.153
145.732
149.352
153.013
156.712
160.445
164.213
168.01
171.836
175.685
179.558
183.446
187.353
191.266
195.192
199.113
203.04
206.956
210.866
214.754
218.627
222.468
226.283
230.06
233.808
237.509
241.168
244.764
248.297
251.743
255.106
258.35
261.531
264.591
267.584
270.463
273.248
275.93
278.479
280.939
283.241
285.453
287.503
289.445
291.235
292.904
294.423
295.825
297.071
298.208
299.201
300.037
300.711
301.251
301.667
302.01
302.25
302.383
302.371
302.258
301.907
301.76
301.471
301.553
301.006
300.395
299.884
299.24
297.601
297.283
295.718
295.387
293.695
293.275
291.463
290.447
289.885
288.845
287.451
285.925
284.103
282.181
280.298
278.418
276.447
274.286
271.801
269.078
266.176
262.896
259.468
255.727
251.851
247.617
243.556
239.196
237.609
235.1
253.9
27.3702
29.0544
30.7845
32.6073
34.5547
36.6194
38.7903
41.0635
43.4371
45.9062
48.4638
51.1031
53.8174
56.6007
59.4471
62.3511
65.3076
68.3123
71.3611
74.4504
77.5772
80.7388
83.9328
87.1574
90.4108
93.6916
96.9987
100.331
103.688
107.068
110.472
113.898
117.347
120.818
124.31
127.824
131.358
134.914
138.49
142.086
145.702
149.338
152.993
156.667
160.359
164.07
167.797
171.542
175.303
179.079
182.871
186.677
190.497
194.329
198.174
202.03
205.896
209.772
213.656
217.548
221.446
225.35
229.258
233.17
237.083
240.997
244.912
248.825
252.736
256.643
260.545
264.441
268.329
272.207
276.076
279.932
283.775
287.603
291.415
295.208
298.982
302.734
306.463
310.166
313.843
317.491
321.107
324.69
328.237
331.746
335.214
338.64
342.017
345.35
348.626
351.852
355.014
358.121
361.155
364.128
367.02
369.842
372.574
375.234
377.801
380.32
382.722
385.053
387.232
389.305
391.271
393.018
394.662
396.162
397.507
398.762
399.915
400.941
401.88
402.626
403.327
403.825
404.276
404.536
404.717
404.741
404.664
404.44
404.147
403.722
403.237
402.69
401.791
400.976
399.985
398.882
397.803
396.915
395.645
394.486
392.851
391.115
389.5
388.574
387.219
385.65
383.889
382.118
380.469
378.33
376.387
374.19
372.219
370.015
367.935
365.674
363.597
361.723
359.592
357.117
354.427
351.392
348.141
344.89
341.579
338.207
334.58
330.591
326.263
321.681
316.603
311.312
305.63
299.756
293.433
287.181
280.417
276.08
269.724
290.45
454.348
466.769
478.987
491.186
503.316
515.171
526.589
537.51
547.922
557.819
567.201
576.077
584.462
592.375
599.839
606.875
613.507
619.76
625.657
631.224
636.484
641.46
646.174
650.648
654.902
658.955
662.827
666.535
670.094
673.52
676.828
680.03
683.139
686.167
689.124
692.019
694.861
697.658
700.418
703.147
705.851
708.535
711.203
713.861
716.511
719.157
721.802
724.447
727.096
729.749
732.409
735.076
737.75
740.432
743.122
745.821
748.528
751.242
753.963
756.691
759.426
762.164
764.907
767.652
770.399
773.144
775.888
778.627
781.36
784.083
786.795
789.493
792.173
794.835
797.477
800.093
802.68
805.234
807.753
810.231
812.665
815.051
817.383
819.657
821.867
824.01
826.076
828.065
829.966
831.776
833.485
835.095
836.587
837.969
839.214
840.339
841.307
842.153
842.828
843.358
843.7
843.898
843.846
843.824
843.299
843.362
842.173
841.771
840.05
839.044
837.09
835.078
832.473
830.562
827.867
825.486
822.917
820.174
817.139
813.949
810.589
807.067
803.406
799.592
795.656
791.619
787.476
783.253
778.983
774.627
770.283
765.925
761.512
756.999
752.515
748.049
743.788
739.49
735.342
731.087
726.989
722.636
718.89
715.091
711.61
707.692
704.132
700.232
697.045
692.931
689.481
685.318
682.013
677.96
674.589
670.306
666.626
662.379
658.459
653.392
648.493
642.429
636.46
629.604
622.786
615.093
607.161
598.132
588.655
578.272
567.19
555.463
542.961
529.89
515.893
501.802
486.577
473.84
460.119
480.947
0
0
0
0
0
0
0
0
0
0
0
0
0
0
0
0
0
0
0
0
0
0
0
0
0
0
0
0
0
0
0
0
0
0
0
0
0
0
0
0
0
0
0
0
0
0
0
0
0
0
0
0
0
0
0
0
0
0
0
0
0
0
0
0
0
0
0
0
0
0
0
0
0
0
0
0
0
0
0
0
0
0
0
0
0
0
0
0
0
0
0
0
0
0
0
0
0
0
0
0
0
0
0
0
0
0
0
0
0
0
0
0
0
0
0
0
0
0
0
0
0
0
0
0
0
0
0
0
0
0
0
0
0
0
0
0
0
0
0
0
0
0
0
0
0
0
0
0
0
0
0
0
0
0
0
0
0
0
0
0
0
0
0
0
0
0
0
0
0
0
0
0
0
0
0
0
0
0
0
0
62.512
78.4295
95.1187
111.358
128.779
147.776
168.038
189.552
212.503
236.675
262.228
289.201
317.55
347.461
379.224
412.99
449.651
489.054
533.31
579.556
637.29
691.599
779.722
833.168
1008.03
82.4662
83.7722
81.1529
82.961
85.4571
87.1752
88.666
89.9943
90.896
91.4675
91.6462
91.5428
91.2831
90.9885
90.75
90.7066
91.2072
92.0199
93.3644
95.4218
98.3612
103.025
106.952
116.56
116.5
97.318
99.3052
97.5131
99.311
100.716
100.715
100.39
99.7701
98.5492
96.6806
94.1987
91.2033
87.8324
84.2035
80.409
76.5849
72.9662
69.5769
66.4804
63.7524
61.4345
60.6178
58.0479
61.1065
46.5802
115.62
119.277
118.656
120.597
121.514
120.733
119.392
117.624
115.09
111.77
107.732
103.103
98.0426
92.6835
87.1308
81.5465
76.1631
71.0813
66.2943
62.1076
57.9789
55.7754
50.7089
55.2805
36.3125
132.305
136.908
137.259
139.413
140.136
139.063
137.243
134.778
131.406
127.127
122.037
116.284
110.051
103.49
96.7262
89.9528
83.3935
77.2221
71.3876
66.3524
61.191
58.6839
51.9645
58.0687
35.6286
147.573
152.359
153.086
155.155
155.68
154.454
152.322
149.355
145.356
140.361
134.488
127.898
120.788
113.33
105.672
98.0321
90.628
83.6855
77.1128
71.5358
65.6933
63.0653
55.1808
62.3023
36.9958
161.41
165.991
166.75
168.51
168.771
167.353
164.941
161.577
157.083
151.532
145.049
137.806
130.013
121.862
113.518
105.217
97.1763
89.6591
82.5391
76.5721
70.2366
67.5564
58.8414
66.4488
38.8921
173.851
178.075
178.596
179.932
179.878
178.255
175.587
171.871
166.96
160.949
153.977
146.214
137.882
129.187
120.307
111.493
102.962
95.0057
87.4675
81.2061
74.4927
71.7618
62.3913
70.1652
40.9093
185.088
188.841
189.002
189.845
189.423
187.553
184.618
180.586
175.332
168.948
161.574
153.383
144.613
135.477
126.171
116.956
108.042
99.7467
91.8843
85.3949
78.3798
75.5883
65.6941
73.4009
42.9345
195.375
198.56
198.297
198.601
197.779
195.627
192.414
188.081
182.515
175.809
168.09
159.548
150.421
140.931
131.279
121.738
112.517
103.951
95.8306
89.1605
81.8957
79.0341
68.7008
76.1925
44.945
204.923
207.476
206.751
206.501
205.253
202.785
199.272
194.638
188.78
181.783
173.766
164.918
155.488
145.7
135.757
125.954
116.484
107.701
99.3682
92.5469
85.0658
82.1234
71.4166
78.6065
46.9405
213.904
215.773
214.571
213.764
212.072
209.256
205.423
200.48
194.333
187.061
178.768
169.647
159.95
149.907
139.723
129.697
120.018
111.052
102.54
95.5905
87.9193
84.8871
73.858
80.7045
48.9199
222.455
223.601
221.92
220.555
218.4
215.205
211.025
205.755
199.311
191.767
183.213
173.839
163.904
153.637
143.242
133.025
123.167
114.046
105.379
98.3151
90.4709
87.3437
76.0396
82.5337
50.8739
230.564
230.94
228.779
226.869
224.253
220.675
216.141
210.543
203.8
195.978
187.164
177.548
167.397
156.933
146.353
135.97
125.957
116.701
107.896
100.729
92.7261
89.5016
77.9634
84.1217
52.7834
238.221
237.827
235.223
232.797
229.707
225.716
220.794
214.839
207.775
199.693
190.64
180.807
170.451
159.804
149.062
138.537
128.388
119.014
110.086
102.825
94.6772
91.3567
79.6245
85.4761
54.62
245.315
244.111
241.076
238.154
234.613
230.223
224.923
218.62
211.25
202.881
193.587
183.54
173.02
162.236
151.362
140.711
130.444
120.965
111.929
104.583
96.3046
92.8929
81.0068
86.5891
56.3474
251.604
249.616
246.216
242.85
238.866
234.086
228.408
221.761
214.088
205.474
195.972
185.756
175.077
164.158
153.18
142.443
132.09
122.528
113.396
105.974
97.58
94.0861
82.088
87.4408
57.9226
256.886
254.123
250.396
246.628
242.234
237.096
231.074
224.11
216.173
207.343
197.668
187.311
176.539
165.542
154.498
143.69
133.266
123.638
114.435
106.955
98.4671
94.9042
82.8367
88.0023
59.2999
260.793
257.303
253.301
249.202
244.447
239.017
232.701
225.477
217.323
208.342
198.556
188.123
177.308
166.282
155.215
144.389
133.933
124.266
115.005
107.478
98.9189
95.3045
83.2172
88.2345
60.4296
262.947
258.817
254.586
250.243
245.208
239.577
233.041
225.64
217.347
208.301
198.487
188.059
177.283
166.295
155.262
144.462
134.013
124.336
115.051
107.5
98.8989
95.2522
83.1943
88.0993
61.2643
262.971
258.288
253.881
249.422
244.205
238.475
231.821
224.365
216.046
207.044
197.31
186.992
176.349
165.483
154.549
143.837
133.444
123.795
114.514
106.964
98.3544
94.6998
82.7282
87.5542
61.7572
260.48
255.352
250.841
246.41
241.136
235.379
228.75
221.408
213.242
204.411
194.864
184.795
174.397
163.75
152.988
142.439
132.156
122.581
113.342
105.823
97.2431
93.6076
81.7817
86.5573
61.8636
255.117
249.665
245.153
240.814
235.482
229.939
223.504
216.502
208.559
200.097
191.031
181.361
171.318
161.002
150.493
140.195
130.082
120.635
111.481
104.026
95.5217
91.9353
80.3203
85.0728
61.5425
246.52
240.888
236.268
232.324
227.355
221.86
215.926
209.479
202.197
194.192
185.46
176.445
167.038
157.151
146.987
137.038
127.157
117.9
108.881
101.53
93.1515
89.6494
78.3099
83.0736
60.7507
234.402
228.593
224.495
220.638
216.201
211.118
205.943
200.255
193.67
186.349
178.46
170.216
161.282
152.146
142.423
132.907
123.325
114.326
105.499
98.2968
90.1002
86.7247
75.7257
80.5395
59.4565
218.454
213.195
209.233
205.866
202.12
197.675
193.455
188.675
182.956
176.527
169.511
162.275
154.261
145.653
136.567
127.708
118.508
109.845
101.297
94.2979
86.3591
83.1333
72.591
77.4105
57.762
198.865
194.144
190.717
187.985
185.311
181.327
178.417
174.483
169.713
164.127
158.174
152.024
144.933
137.332
128.918
120.781
112.177
104.051
95.9505
89.2589
81.7389
78.6374
68.8563
73.4451
55.9243
174.425
170.3
167.598
165.647
163.632
161.049
159.325
156.686
152.912
148.715
143.844
139.055
132.763
126.26
118.67
111.257
103.264
95.7989
88.2824
82.0027
75.1044
72.1925
63.6464
67.7085
52.881
143.441
141.051
139.462
138.552
137.654
136.452
135.428
134.213
132.242
129.583
126.162
122.648
117.826
112.165
105.579
99.0992
91.8801
84.9076
78.231
72.4987
66.472
63.9636
56.839
60.5892
48.2123
110.181
109.078
108.567
108.635
108.786
108.889
109.079
109.154
108.701
107.658
105.862
103.501
100.177
95.8568
90.8356
85.2123
78.9513
72.9487
67.0143
62.0934
57.0382
55.1398
49.3631
53.2813
42.9756
76.7384
76.8745
77.4121
78.4054
79.5518
80.772
82.039
83.2534
84.1524
84.5861
84.3518
83.4158
81.5673
78.6365
74.7886
70.4844
65.4163
60.221
55.3644
51.3689
47.1798
46.0331
41.6085
45.8242
37.4981
46.7553
47.8006
49.1274
50.7841
52.6339
54.6141
56.6686
58.7041
60.5484
62.0481
63.0058
63.2292
62.6227
60.9907
58.4842
55.2317
51.3707
47.3438
43.4452
40.4294
37.4235
36.9671
33.8629
38.3904
31.9893
23.8973
25.1934
26.7488
28.5594
30.5831
32.7775
35.09
37.4298
39.6673
41.6682
43.264
44.2328
44.4818
43.8595
42.4276
40.2822
37.585
34.6801
31.8779
29.8595
27.907
28.2964
26.4542
31.2548
26.651
9.84174
10.7818
11.9761
13.386
15.011
16.8349
18.8157
20.8743
22.9092
24.8106
26.4472
27.6368
28.2777
28.2606
27.5944
26.3324
24.6518
22.8317
21.1152
20.0966
19.2314
20.3894
19.7405
24.7645
21.7133
3.1625
3.56492
4.16665
4.92466
5.85137
6.95634
8.21709
9.57597
10.9631
12.301
13.5009
14.4445
15.0477
15.2365
15.003
14.3773
13.5073
12.616
11.887
11.7824
11.9022
13.7402
14.0948
19.2428
17.4412
0.840317
0.867005
1.00934
1.23716
1.5514
1.96892
2.4853
3.07037
3.68917
4.30222
4.86541
5.32323
5.63004
5.74878
5.67764
5.44389
5.15496
4.97387
5.03439
5.65806
6.56136
8.87931
9.98785
15.0853
14.099
0.505943
0.358853
0.267973
0.227345
0.213742
0.228858
0.276361
0.347421
0.43021
0.5142
0.588243
0.640738
0.662309
0.649695
0.616093
0.596923
0.667261
0.934939
1.49771
2.55283
3.91622
6.40131
7.87322
12.6941
11.956
1.15568
0.974369
0.82812
0.759728
0.719315
0.68389
0.665117
0.667614
0.683163
0.704445
0.726867
0.749241
0.773489
0.807246
0.866533
0.98394
1.21397
1.62611
2.31199
3.3766
4.73109
6.93441
8.23753
12.4681
11.2753
2.94228
2.85702
2.81342
2.9521
3.18336
3.45667
3.80576
4.23569
4.73428
5.2701
5.82507
6.37121
6.87972
7.31819
7.66815
7.91031
8.09477
8.27887
8.59383
9.08976
9.79283
11.1046
11.5517
14.7848
12.3014
7.05794
7.21036
7.43518
8.01546
8.79433
9.68407
10.7643
12.0716
13.5684
15.1851
16.8849
18.5781
20.1372
21.4147
22.2956
22.6337
22.525
22.0311
21.3622
20.5431
19.7793
19.4354
18.206
19.955
15.249
16.0908
16.4346
16.9413
18.0621
19.4864
21.0668
22.9903
25.3079
28.0288
31.0472
34.3233
37.6892
40.7771
43.2656
44.9112
45.3112
44.7197
43.1354
40.8728
37.9445
34.8688
32.0903
28.3398
28.1377
20.2452
33.4094
33.559
33.9764
35.3239
37.0399
38.8999
41.3018
44.2767
47.9501
52.1786
56.9283
61.9366
66.513
70.263
72.7285
73.2493
72.2348
69.4857
65.3976
59.9162
54.0398
48.2832
41.3833
39.139
27.1962
59.8687
58.8471
58.4307
59.2986
60.6071
61.9965
64.1595
67.0433
70.8611
75.2489
80.1196
86.1681
91.3728
95.8884
98.8734
99.4059
98.5315
95.187
89.8394
82.285
74.0292
65.6948
55.698
51.8117
35.3693
91.6024
88.348
86.338
86.2524
86.5294
87.1425
88.3537
90.2801
93.0627
96.5128
100.576
105.346
109.901
114.35
117.401
118.479
117.709
114.541
108.997
100.602
91.2154
81.3233
69.1418
64.5326
44.0867
123.968
117.788
113.65
112.459
111.497
110.829
110.821
111.124
111.854
113.195
115.176
118.173
121.25
124.892
127.457
128.759
128.457
126.058
121.278
113.278
104.322
94.1623
81.1249
76.613
53.3774
153.747
143.821
137.629
135.302
132.955
130.769
129.033
127.408
125.997
125.14
124.885
125.768
127.003
129.407
131.2
132.584
132.79
131.33
127.785
121.036
113.47
104.289
91.512
88.2691
63.5481
179.097
165.168
157.093
153.693
149.917
145.933
142.294
138.732
135.354
132.47
130.252
129.312
128.944
130.172
131.234
132.689
133.496
133.027
130.948
125.857
120.334
112.984
101.535
99.9737
75.2918
199.615
181.508
171.615
167.252
161.448
155.685
150.236
145.012
140.129
135.87
132.228
130.106
128.718
129.198
129.939
131.465
133.026
133.723
133.286
129.941
126.826
121.898
112.337
113.453
89.9176
215.51
193.056
181.671
175.512
167.786
160.307
153.428
147.054
141.299
136.368
132.171
129.623
127.978
128.291
129.077
131.311
133.821
135.72
137.129
136.117
135.349
133.264
126.491
130.287
109.618
227.62
200.679
187.058
179.234
169.543
160.815
153.075
146.319
140.49
135.707
131.818
129.591
128.361
129.174
130.746
133.776
137.721
141.248
144.849
146.369
148.38
149.949
146.35
154.191
138.038
237.549
205.663
188.99
179.14
168.07
158.839
151.141
144.932
139.892
136.095
133.319
131.941
131.951
133.864
136.685
141.276
147.2
152.94
159.239
164.05
169.711
176.007
176.834
190.441
181.139
247.344
208.858
188.808
177.054
165.581
156.976
150.446
145.759
142.41
140.15
139.122
139.633
141.409
145.072
150.018
156.966
165.703
174.638
184.615
193.958
204.728
217.553
225.069
247.438
248.984
259.618
212.323
188.615
175.972
165.721
159.236
155.203
153.027
151.887
152.415
153.955
156.744
161.276
167.874
175.864
186.586
199.315
213.302
228.541
244.882
263.162
286.226
303.972
340.436
359.541
279.134
219.196
192.761
181.973
175.57
173.078
172.57
174.105
176.936
180.69
185.98
192.728
201.236
212.572
225.152
242.176
260.943
283.482
306.787
334.909
364.936
404.729
439.464
497.93
547.772
317.544
240.14
214.827
211.873
212.888
216.879
223.172
230.266
238.502
248.009
259.41
272.704
287.914
307.618
328.297
356.585
386.316
424.296
462.293
511.459
562.606
631.442
696.898
790.891
898.516
480.088
378.628
369.946
390.19
412.952
435.311
458.359
482.38
508.255
536.894
567.249
602.275
640.938
688.39
740.031
806.671
879.247
970.447
1069.01
1194.12
1333.6
1506
1703.24
1940.77
2283.4
0
0
0
0
0
0
0
0
0
0
0
0
0
0
0
0
0
0
0
0
0
0
0
0
0
)
;


// ************************************************************************* //
