/*--------------------------------*- C++ -*----------------------------------*\
  =========                 |
  \\      /  F ield         | OpenFOAM: The Open Source CFD Toolbox
   \\    /   O peration     | Website:  https://openfoam.org
    \\  /    A nd           | Version:  9
     \\/     M anipulation  |
\*---------------------------------------------------------------------------*/
FoamFile
{
    format      ascii;
    class       volScalarField;
    location    "0.1";
    object      epsilon;
}
// * * * * * * * * * * * * * * * * * * * * * * * * * * * * * * * * * * * * * //

dimensions      [0 2 -3 0 0 0 0];

internalField   nonuniform List<scalar> 
7700
(
0.16712
0.327197
0.478288
0.594233
0.680813
0.745804
0.79543
0.83452
0.866786
0.895059
0.921518
0.947892
0.975627
1.00604
1.04046
1.08031
1.12723
1.18305
1.24967
1.3287
1.4206
1.52345
1.63152
1.73388
1.81466
1.85617
1.8448
1.77615
1.66559
1.5583
1.4628
1.38962
1.34569
1.33728
1.32617
1.2555
1.14927
1.04487
0.945578
0.850021
0.754647
0.661888
0.571052
0.472502
0.372678
0.0786454
0.251957
0.268158
0.297789
0.319301
0.33423
0.344797
0.352657
0.358966
0.364517
0.369857
0.375377
0.381384
0.388145
0.395937
0.405076
0.415948
0.429026
0.444871
0.464074
0.487122
0.514127
0.544423
0.576109
0.605807
0.629118
0.64221
0.644176
0.638558
0.631497
0.632267
0.629113
0.61942
0.607211
0.599567
0.598899
0.60092
0.613955
0.641007
0.673876
0.683127
0.641484
0.574286
0.510784
0.451203
0.370131
0.343226
0.325815
0.284956
0.279989
0.276399
0.272968
0.270057
0.26794
0.266745
0.266511
0.267224
0.26886
0.271406
0.274885
0.279368
0.284988
0.29195
0.300522
0.311019
0.323736
0.338827
0.356102
0.374775
0.393243
0.409119
0.419833
0.424006
0.423151
0.421739
0.42438
0.433903
0.446436
0.460061
0.47773
0.503946
0.534663
0.558079
0.576164
0.602913
0.631605
0.632867
0.589289
0.527459
0.477288
0.439951
0.402315
0.506641
0.377203
0.299995
0.2759
0.259213
0.246529
0.237013
0.230119
0.225413
0.222538
0.221207
0.221198
0.222355
0.224592
0.227888
0.232293
0.237918
0.244924
0.253482
0.263706
0.275539
0.288594
0.301995
0.314294
0.323658
0.328493
0.328616
0.326402
0.326078
0.331131
0.343625
0.363509
0.390778
0.425418
0.472466
0.534703
0.589072
0.596384
0.569432
0.549082
0.528556
0.492097
0.452396
0.425914
0.413992
0.416687
0.649476
0.413992
0.309599
0.273321
0.248629
0.23035
0.216852
0.207081
0.200254
0.195776
0.193194
0.192173
0.192475
0.193944
0.196505
0.200146
0.204911
0.210873
0.218097
0.226566
0.23609
0.246189
0.256009
0.264333
0.269837
0.27165
0.270281
0.268292
0.269197
0.275779
0.290397
0.31497
0.346712
0.386983
0.441638
0.503211
0.538513
0.521756
0.476447
0.443231
0.421728
0.399069
0.380263
0.374767
0.385359
0.423751
0.775674
0.441438
0.315138
0.270636
0.240796
0.218926
0.202842
0.191171
0.182914
0.177325
0.17385
0.172082
0.171727
0.172586
0.174537
0.177523
0.181529
0.186562
0.192601
0.199544
0.207133
0.214879
0.222032
0.227658
0.230892
0.231393
0.230039
0.2292
0.231478
0.238925
0.254088
0.277144
0.307161
0.348859
0.398019
0.437195
0.445642
0.418864
0.381525
0.355892
0.340368
0.328513
0.323743
0.332802
0.36104
0.430698
0.894985
0.462752
0.318113
0.267823
0.234573
0.210334
0.192512
0.179529
0.170251
0.16384
0.159678
0.157308
0.1564
0.156721
0.158116
0.160488
0.163777
0.167934
0.172883
0.178475
0.184431
0.190312
0.19552
0.199405
0.201488
0.201802
0.201399
0.202251
0.205981
0.213556
0.226399
0.246041
0.275006
0.310879
0.343733
0.362339
0.35855
0.335919
0.310399
0.292972
0.282949
0.278271
0.28222
0.301091
0.343533
0.442845
1.02048
0.47991
0.319593
0.265083
0.229512
0.203677
0.184661
0.170747
0.160717
0.153676
0.148963
0.146091
0.144703
0.14454
0.145421
0.147218
0.149836
0.153189
0.157166
0.161601
0.166233
0.170704
0.174586
0.177486
0.179235
0.180122
0.18127
0.184185
0.189578
0.197238
0.207894
0.225993
0.25113
0.276276
0.294106
0.299946
0.292206
0.275451
0.258718
0.247472
0.241918
0.242244
0.252041
0.278359
0.334087
0.467608
1.17326
0.494164
0.320258
0.262573
0.225375
0.198441
0.17859
0.164003
0.153408
0.145875
0.140714
0.137418
0.135611
0.135015
0.135429
0.136702
0.138714
0.141356
0.144504
0.147993
0.151609
0.155087
0.158162
0.160666
0.162668
0.164636
0.167688
0.172926
0.180453
0.188641
0.198113
0.21431
0.233005
0.24754
0.254547
0.253255
0.244587
0.232171
0.220984
0.213942
0.211761
0.215732
0.229943
0.262965
0.333886
0.516659
1.39208
0.506334
0.32051
0.260363
0.221992
0.194285
0.173842
0.158762
0.147739
0.139816
0.134289
0.130636
0.128466
0.127491
0.127491
0.128301
0.129786
0.131825
0.134295
0.137052
0.139935
0.14278
0.145469
0.148019
0.150677
0.154035
0.159153
0.166827
0.176904
0.185734
0.194511
0.207546
0.218682
0.224259
0.224035
0.21894
0.210394
0.200845
0.193059
0.188783
0.189011
0.19564
0.213353
0.252826
0.342898
0.605424
1.7345
0.0737735
0.0846599
0.459029
0.550875
0.609072
0.642884
0.660116
0.666668
0.666773
0.663308
0.658097
0.652686
0.649084
0.645692
0.64237
0.639154
0.636054
0.633051
0.630122
0.627249
0.624429
0.621664
0.618958
0.616309
0.6137
0.6111
0.608445
0.605635
0.602505
0.598792
0.594079
0.587709
0.578656
0.565342
0.545358
0.515046
0.468816
0.398352
0.365817
0.124732
0.246678
0.255836
0.288946
0.306388
0.315811
0.320442
0.322354
0.322826
0.322599
0.322076
0.321478
0.321036
0.321117
0.321217
0.321216
0.32111
0.320918
0.320658
0.320342
0.319979
0.319577
0.31914
0.318675
0.318189
0.31769
0.317183
0.316674
0.316161
0.315638
0.315086
0.314463
0.313686
0.312593
0.310884
0.308007
0.302975
0.29403
0.277931
0.245899
0.248007
0.322441
0.275804
0.270741
0.265693
0.260051
0.254828
0.250618
0.247571
0.245576
0.244411
0.243845
0.243709
0.243958
0.244323
0.244668
0.244941
0.245132
0.245243
0.245284
0.245266
0.245199
0.245091
0.244951
0.244789
0.244616
0.244447
0.244298
0.244195
0.244171
0.24427
0.244555
0.245105
0.246011
0.247364
0.249219
0.251541
0.254128
0.256717
0.261239
0.328193
0.375407
0.29227
0.269303
0.251564
0.236859
0.225379
0.216981
0.211212
0.20751
0.205324
0.204188
0.203741
0.203777
0.204035
0.204359
0.204666
0.20492
0.20511
0.205237
0.20531
0.205335
0.205323
0.205283
0.205226
0.205167
0.205125
0.205125
0.205207
0.205427
0.205868
0.206649
0.207932
0.209941
0.212967
0.217388
0.223701
0.232645
0.245793
0.270015
0.389356
0.416103
0.309666
0.275686
0.248043
0.22571
0.208857
0.196816
0.188614
0.183293
0.180034
0.178192
0.177281
0.176992
0.177036
0.177229
0.177465
0.177688
0.177872
0.17801
0.178102
0.178156
0.178179
0.17818
0.178173
0.178173
0.178204
0.178299
0.178509
0.178908
0.179604
0.180753
0.182571
0.185361
0.189536
0.195674
0.204612
0.217709
0.237795
0.275131
0.434606
0.452601
0.335124
0.291806
0.253149
0.222291
0.199692
0.183938
0.173338
0.16644
0.162122
0.159555
0.158147
0.157501
0.157294
0.157317
0.157442
0.157596
0.157739
0.157856
0.157942
0.158
0.158034
0.158055
0.158077
0.158116
0.158201
0.158372
0.158688
0.159238
0.160148
0.1616
0.163848
0.167243
0.172281
0.179669
0.190476
0.206487
0.231432
0.278108
0.467776
0.495268
0.379395
0.321861
0.267358
0.225206
0.195663
0.175795
0.162716
0.154263
0.148924
0.145657
0.143768
0.14277
0.142308
0.142151
0.14215
0.14222
0.142308
0.142391
0.142458
0.142508
0.142544
0.142576
0.142616
0.142686
0.142816
0.143053
0.143464
0.144148
0.145246
0.146959
0.149564
0.153449
0.159164
0.167507
0.179706
0.197849
0.226313
0.27979
0.491974
0.572184
0.455344
0.369284
0.29071
0.233236
0.195234
0.170818
0.155211
0.145262
0.138975
0.135068
0.132738
0.131413
0.13071
0.130377
0.130252
0.130233
0.130262
0.130305
0.130348
0.130385
0.130417
0.130454
0.130509
0.130605
0.130776
0.131073
0.13157
0.132375
0.133641
0.13558
0.13849
0.142782
0.149044
0.158138
0.171407
0.191156
0.222227
0.280703
0.509554
0.763256
0.574613
0.433805
0.320356
0.243947
0.196647
0.167677
0.149709
0.13843
0.131321
0.126873
0.124156
0.122544
0.121627
0.121134
0.120891
0.120788
0.120757
0.12076
0.120777
0.120798
0.120825
0.120864
0.120932
0.121051
0.121258
0.12161
0.122187
0.123102
0.124518
0.126657
0.129829
0.134464
0.141176
0.150877
0.164988
0.185972
0.219005
0.28117
0.52228
1.16096
0.727644
0.502474
0.346902
0.252653
0.197608
0.16506
0.145296
0.133015
0.125282
0.120422
0.117399
0.115552
0.114453
0.113822
0.113475
0.113295
0.113209
0.113173
0.113163
0.113169
0.113189
0.11323
0.113308
0.113448
0.11369
0.114093
0.114742
0.115758
0.117308
0.119624
0.123023
0.127951
0.135041
0.145238
0.160025
0.181975
0.216499
0.281395
0.531469
0.516991
0.320568
0.258448
0.219199
0.190935
0.170062
0.154618
0.143265
0.135033
0.129206
0.125252
0.122772
0.121466
0.121106
0.121517
0.122556
0.124101
0.126037
0.128254
0.13065
0.133154
0.135781
0.138694
0.142274
0.147195
0.154426
0.164499
0.177029
0.186529
0.19507
0.203505
0.20696
0.205423
0.200451
0.193334
0.185207
0.177537
0.171883
0.169424
0.171294
0.179729
0.199856
0.2439
0.346756
0.625375
1.31389
0.526618
0.320553
0.25679
0.216863
0.188193
0.167011
0.151298
0.139694
0.13122
0.12515
0.120946
0.118204
0.116617
0.115952
0.116027
0.1167
0.117853
0.11939
0.121236
0.123348
0.125747
0.128555
0.132056
0.136731
0.143308
0.152665
0.165105
0.179789
0.190669
0.198668
0.201325
0.197602
0.190547
0.182373
0.174123
0.166404
0.159957
0.155656
0.154366
0.157255
0.166649
0.187657
0.232187
0.33172
0.572612
1.11834
0.535419
0.32052
0.255357
0.214893
0.185924
0.164522
0.148617
0.136828
0.128168
0.121907
0.117502
0.114545
0.112726
0.111809
0.111612
0.111995
0.112851
0.114107
0.115724
0.117719
0.12019
0.123353
0.127591
0.133465
0.141748
0.153262
0.168208
0.185332
0.198331
0.204749
0.200927
0.190731
0.179252
0.168735
0.159719
0.152266
0.146592
0.143142
0.142567
0.145971
0.155552
0.175909
0.217154
0.303362
0.495483
0.898682
0.543584
0.320497
0.254103
0.213201
0.184011
0.162457
0.146418
0.134498
0.125701
0.119293
0.114731
0.111602
0.109597
0.108478
0.108066
0.108228
0.108871
0.109944
0.111448
0.113452
0.116125
0.119765
0.124837
0.131973
0.142003
0.155754
0.173481
0.193626
0.208999
0.212634
0.202162
0.18618
0.171001
0.158589
0.148919
0.141568
0.136352
0.133417
0.133232
0.136762
0.145926
0.164541
0.200396
0.270009
0.408788
0.655675
0.55125
0.320492
0.25299
0.211719
0.182363
0.160706
0.14458
0.132572
0.123678
0.117164
0.112482
0.109222
0.107071
0.105797
0.105222
0.105222
0.10572
0.106691
0.10817
0.110279
0.113246
0.117444
0.123412
0.131856
0.143678
0.159774
0.180595
0.204274
0.221778
0.221507
0.204599
0.183511
0.165174
0.151131
0.14083
0.133437
0.128457
0.125803
0.12577
0.12914
0.137476
0.153732
0.183446
0.23687
0.33113
0.474092
0.558514
0.320509
0.251985
0.210393
0.180911
0.159187
0.14301
0.130948
0.121993
0.115405
0.110638
0.10728
0.105022
0.103631
0.102937
0.102826
0.103237
0.104168
0.105691
0.107972
0.111299
0.116109
0.123014
0.132798
0.146462
0.165014
0.189187
0.216685
0.235619
0.23057
0.207675
0.182182
0.161161
0.145691
0.13477
0.127232
0.122334
0.119794
0.119743
0.122755
0.130022
0.143681
0.167382
0.206886
0.26914
0.351772
0.565449
0.320543
0.251062
0.209184
0.179602
0.157839
0.141637
0.12955
0.12056
0.113928
0.109104
0.105679
0.103344
0.10187
0.101096
0.100915
0.101284
0.102224
0.103841
0.106344
0.110073
0.11553
0.123398
0.134551
0.150102
0.171211
0.198907
0.230287
0.249513
0.23913
0.210864
0.181681
0.158427
0.141728
0.130217
0.122472
0.117552
0.115011
0.114822
0.117357
0.123452
0.134554
0.152884
0.181335
0.222002
0.270598
0.572104
0.32059
0.250202
0.208063
0.178402
0.156618
0.140412
0.128319
0.119317
0.112663
0.107807
0.104339
0.101954
0.100427
0.099602
0.0993852
0.0997478
0.100735
0.102483
0.105242
0.109403
0.115529
0.124378
0.13692
0.154398
0.178144
0.209473
0.244734
0.262788
0.246737
0.213793
0.181609
0.15655
0.138819
0.126773
0.118795
0.113788
0.11117
0.110768
0.112767
0.117697
0.126462
0.140297
0.16045
0.187032
0.216392
0.578517
0.320644
0.24939
0.207009
0.177282
0.155492
0.139295
0.127213
0.118216
0.111558
0.106688
0.103199
0.100786
0.0992287
0.0983786
0.0981524
0.0985368
0.0995992
0.101505
0.104544
0.109156
0.115966
0.125808
0.139755
0.159187
0.185628
0.220703
0.259626
0.274952
0.253186
0.216257
0.18169
0.155212
0.136645
0.124135
0.115924
0.110798
0.108057
0.107403
0.108856
0.112703
0.119446
0.129693
0.143839
0.16134
0.179584
0.58471
0.3207
0.248615
0.206008
0.176227
0.154439
0.138262
0.126202
0.117222
0.110574
0.105706
0.102211
0.099787
0.0982189
0.0973638
0.0971492
0.097577
0.0987358
0.10082
0.104156
0.109232
0.116735
0.127577
0.142941
0.164343
0.193506
0.232365
0.274337
0.285647
0.258398
0.218155
0.181749
0.154191
0.134968
0.122074
0.113653
0.108397
0.105512
0.104595
0.105531
0.108417
0.113481
0.120957
0.130839
0.142471
0.154095
0.590701
0.320754
0.247868
0.205052
0.175224
0.153445
0.137295
0.125264
0.11631
0.109682
0.104827
0.101339
0.0989187
0.0973542
0.0965098
0.0963232
0.096811
0.0980822
0.100359
0.104003
0.109553
0.117756
0.129606
0.146393
0.169771
0.201647
0.244224
0.288309
0.294626
0.26237
0.219463
0.181685
0.153335
0.133619
0.120424
0.111824
0.106445
0.103415
0.102246
0.102716
0.104782
0.108494
0.113876
0.12076
0.128561
0.136116
0.596498
0.320801
0.247146
0.204132
0.174265
0.152499
0.136381
0.124385
0.115464
0.108863
0.10403
0.100558
0.0981509
0.0966015
0.0957801
0.0956342
0.0961948
0.0975906
0.100071
0.104033
0.110064
0.118972
0.131834
0.150052
0.175407
0.209971
0.256131
0.30118
0.301796
0.265188
0.220225
0.18146
0.152548
0.132477
0.11906
0.110323
0.104838
0.101677
0.100281
0.100347
0.101736
0.104384
0.108207
0.112987
0.118254
0.123239
0.602106
0.320838
0.246442
0.203244
0.173344
0.151596
0.135513
0.123556
0.114671
0.108102
0.103296
0.0998475
0.0974622
0.0959364
0.0951474
0.0950521
0.0956954
0.0972254
0.0999174
0.104206
0.110722
0.120341
0.134222
0.153879
0.181218
0.218451
0.268027
0.312777
0.307348
0.267085
0.220556
0.181081
0.151777
0.131462
0.117894
0.109063
0.1035
0.100228
0.0986386
0.0983687
0.0992126
0.101039
0.103712
0.107013
0.110582
0.1139
0.607528
0.320863
0.245753
0.202385
0.172458
0.150731
0.134685
0.122768
0.113923
0.107389
0.102615
0.0991947
0.0968368
0.0953413
0.0945918
0.0945548
0.0952887
0.0969606
0.0998719
0.104492
0.1115
0.121834
0.13674
0.157848
0.187189
0.227105
0.279921
0.323144
0.311716
0.268384
0.220598
0.180573
0.15099
0.13052
0.116865
0.107982
0.102369
0.0990154
0.0972699
0.0967296
0.0971451
0.098346
0.100176
0.102436
0.10485
0.107063
0.612765
0.320873
0.245077
0.20155
0.171603
0.1499
0.133893
0.122019
0.113214
0.106718
0.101978
0.0985901
0.0962637
0.0948035
0.0940992
0.0941267
0.0949576
0.096778
0.0999149
0.104873
0.112378
0.123433
0.139372
0.161945
0.193318
0.235973
0.291787
0.332363
0.315365
0.269357
0.220449
0.179951
0.150164
0.12961
0.115926
0.107034
0.101403
0.0979957
0.0961328
0.0953825
0.0954686
0.0961999
0.097415
0.0989392
0.10056
0.102027
0.61782
0.320867
0.244411
0.200738
0.170776
0.149102
0.133135
0.121305
0.112542
0.106085
0.101381
0.0980272
0.0957355
0.0943143
0.0936596
0.0937565
0.09469
0.0966648
0.100033
0.105334
0.113342
0.125124
0.142105
0.166158
0.199595
0.245077
0.303426
0.340304
0.318482
0.270063
0.220105
0.179195
0.149277
0.128707
0.115048
0.106186
0.100568
0.0971355
0.0951909
0.0942839
0.0941223
0.0945054
0.0952745
0.096277
0.097347
0.0983035
0.622695
0.320842
0.243752
0.199947
0.169977
0.148333
0.132409
0.120623
0.111903
0.105486
0.10082
0.0975014
0.0952466
0.0938674
0.093266
0.0934367
0.0944779
0.0966127
0.100219
0.10587
0.114387
0.126902
0.144933
0.170476
0.206006
0.2544
0.314559
0.346776
0.320908
0.27036
0.219485
0.178265
0.148304
0.127788
0.114207
0.105413
0.0998376
0.096407
0.0944128
0.093394
0.0930506
0.0931788
0.0936257
0.0942578
0.0949425
0.0955445
0.627389
0.320795
0.243099
0.199173
0.169202
0.147592
0.131712
0.119972
0.111295
0.104919
0.100291
0.0970097
0.0947936
0.0934588
0.0929138
0.0931624
0.0943162
0.0966168
0.100467
0.106475
0.115508
0.128765
0.147853
0.174896
0.212531
0.263862
0.325145
0.352008
0.322482
0.270097
0.218509
0.177126
0.147229
0.126841
0.113389
0.1047
0.0991922
0.0957874
0.093771
0.0926776
0.0922041
0.0921481
0.0923636
0.0927323
0.0931457
0.0934993
0.631903
0.320725
0.242449
0.198417
0.168451
0.146878
0.131044
0.11935
0.110717
0.104382
0.0997925
0.0965497
0.0943739
0.0930858
0.0926002
0.0929306
0.0942019
0.0966745
0.100776
0.107149
0.116708
0.130714
0.150868
0.179418
0.219163
0.27339
0.335543
0.356652
0.323325
0.269277
0.217166
0.175774
0.146047
0.125861
0.112585
0.104032
0.0986163
0.0952579
0.093242
0.0921034
0.0915401
0.0913528
0.0914028
0.0915841
0.0918055
0.0919833
0.636236
0.320631
0.241801
0.197675
0.16772
0.146189
0.130403
0.118756
0.110168
0.103874
0.0993238
0.0961201
0.093986
0.0927466
0.0923235
0.0927397
0.0941342
0.0967858
0.101148
0.107896
0.117991
0.132758
0.153987
0.184051
0.225915
0.283064
0.346039
0.361073
0.323718
0.268027
0.215506
0.174225
0.144764
0.124846
0.111791
0.103402
0.0980983
0.0948031
0.0928059
0.0916451
0.0910222
0.0907428
0.0906751
0.0907227
0.0908073
0.0908596
0.640387
0.32051
0.241154
0.196946
0.16701
0.145524
0.129788
0.118189
0.109646
0.103394
0.0988837
0.09572
0.093629
0.0924406
0.0920832
0.0925898
0.0941135
0.0969523
0.101585
0.108721
0.119366
0.134907
0.157222
0.188806
0.232798
0.292909
0.356621
0.365437
0.323872
0.266462
0.213582
0.172503
0.143391
0.123799
0.111004
0.102805
0.0976293
0.0944107
0.0924463
0.0912805
0.0906204
0.0902774
0.0901261
0.090078
0.0900643
0.090026
0.644354
0.320361
0.240505
0.196229
0.166318
0.144881
0.129197
0.117649
0.109151
0.102941
0.0984716
0.095349
0.0933028
0.0921678
0.0918797
0.0924821
0.0941422
0.0971778
0.102094
0.109633
0.120846
0.137179
0.160593
0.1937
0.23981
0.302881
0.367141
0.369651
0.323766
0.264591
0.211408
0.170624
0.141938
0.122728
0.110226
0.102237
0.0972032
0.0940715
0.09215
0.0909917
0.0903107
0.0899244
0.0897135
0.0895963
0.0895112
0.0894065
0.648139
0.320182
0.239852
0.195521
0.165644
0.14426
0.128631
0.117133
0.108682
0.102516
0.0980876
0.0950073
0.0930079
0.0919294
0.091715
0.092419
0.0942239
0.0974678
0.102682
0.110645
0.122449
0.139599
0.16413
0.198759
0.246956
0.312928
0.377414
0.373442
0.32322
0.262341
0.208976
0.168597
0.140418
0.121639
0.10946
0.101698
0.0968163
0.0937787
0.0919073
0.090765
0.0900742
0.0896586
0.0894049
0.0892369
0.0890986
0.0889443
0.651741
0.319968
0.239193
0.194822
0.164986
0.14366
0.128089
0.116643
0.10824
0.102118
0.0977324
0.0946961
0.092746
0.0917275
0.0915919
0.0924048
0.0943645
0.0978302
0.103362
0.111771
0.124197
0.142196
0.167873
0.204029
0.254266
0.323015
0.38722
0.376503
0.322015
0.25963
0.206276
0.16644
0.138849
0.120546
0.108713
0.101191
0.0964673
0.0935282
0.091711
0.0905902
0.0898967
0.0894611
0.0891757
0.0889692
0.0887903
0.0885977
0.655159
0.319715
0.238526
0.19413
0.164344
0.143081
0.12757
0.11618
0.107825
0.101749
0.0974076
0.0944177
0.0925201
0.0915661
0.0915155
0.0924457
0.0945717
0.0982752
0.104145
0.113031
0.126116
0.145012
0.171879
0.209581
0.261807
0.333145
0.396293
0.378521
0.319976
0.256418
0.203334
0.16419
0.13726
0.119467
0.107995
0.100719
0.096157
0.0933183
0.091557
0.0904602
0.089768
0.0893179
0.0890078
0.0887708
0.0885595
0.0883361
0.658389
0.319419
0.23785
0.193447
0.16372
0.142525
0.127078
0.115744
0.10744
0.101411
0.0971161
0.0941756
0.0923348
0.091451
0.0914929
0.0925505
0.0948564
0.0988158
0.105049
0.114446
0.128238
0.148091
0.176219
0.21552
0.269708
0.3434
0.404332
0.379225
0.317036
0.252763
0.200232
0.16191
0.135691
0.118423
0.107318
0.100289
0.0958886
0.0931493
0.0914434
0.0903709
0.0896813
0.0892195
0.0888885
0.0886256
0.0883868
0.0881373
0.661425
0.319074
0.237164
0.192772
0.163115
0.141993
0.126613
0.115337
0.107087
0.101107
0.0968625
0.0939758
0.0921971
0.0913907
0.0915344
0.0927315
0.0952327
0.0994685
0.106093
0.116039
0.130595
0.151485
0.180977
0.221987
0.278183
0.353998
0.411115
0.378545
0.313347
0.248864
0.197119
0.159688
0.134188
0.117441
0.106696
0.0999104
0.0956672
0.0930241
0.0913708
0.0903205
0.0896327
0.0891593
0.0888087
0.0885221
0.0882585
0.0879856
0.664261
0.31868
0.236471
0.192111
0.162531
0.141488
0.126178
0.114964
0.10677
0.100844
0.0966539
0.0938266
0.0921175
0.0913976
0.0916545
0.0930052
0.0957194
0.100254
0.107299
0.117837
0.133217
0.155239
0.186238
0.229149
0.287546
0.365332
0.416698
0.376825
0.309367
0.245065
0.194189
0.157621
0.132799
0.116544
0.106144
0.0995922
0.0954999
0.0929474
0.0913416
0.0903094
0.0896202
0.0891334
0.0887625
0.0884523
0.0881647
0.0878696
0.666901
0.318241
0.235778
0.191466
0.161973
0.141014
0.125778
0.11463
0.106497
0.10063
0.0965004
0.0937404
0.0921105
0.0914889
0.0918731
0.0933942
0.0963413
0.101199
0.108694
0.119864
0.136131
0.159387
0.192066
0.237168
0.298181
0.377884
0.421454
0.374892
0.305777
0.24175
0.19162
0.155782
0.131556
0.115752
0.105677
0.0993468
0.0953963
0.092926
0.0913601
0.0903394
0.0896437
0.0891396
0.0887458
0.0884108
0.0880987
0.0877813
0.669391
0.317783
0.2351
0.190846
0.161444
0.140574
0.125418
0.114342
0.106276
0.100475
0.0964162
0.0937343
0.0921963
0.0916881
0.0922173
0.0939287
0.0971311
0.102336
0.110311
0.122149
0.139356
0.163938
0.198478
0.246129
0.310444
0.391869
0.425542
0.373564
0.303104
0.239126
0.189463
0.154182
0.130466
0.115077
0.105309
0.0991882
0.0953681
0.0929687
0.0914323
0.0904138
0.089704
0.0891769
0.0887562
0.0883935
0.0880553
0.0877149
0.671874
0.317358
0.234467
0.190262
0.16095
0.140173
0.125104
0.11411
0.106121
0.100398
0.0964212
0.0938318
0.0924026
0.0920272
0.0927234
0.0946495
0.0981326
0.10371
0.112189
0.12472
0.142898
0.168866
0.205404
0.255945
0.324408
0.406467
0.428175
0.372786
0.3012
0.236998
0.187578
0.152748
0.12951
0.114524
0.105055
0.0991331
0.0954293
0.0930859
0.0915647
0.0905363
0.0898024
0.0892447
0.0887915
0.0883975
0.088031
0.087666
0.674706
0.317076
0.233925
0.189727
0.160494
0.139816
0.124847
0.113947
0.10605
0.10042
0.0965422
0.0940643
0.0927659
0.0925487
0.0934401
0.0956107
0.0994037
0.10538
0.114381
0.127614
0.146763
0.174114
0.212677
0.266256
0.339404
0.419912
0.428986
0.37165
0.299186
0.234771
0.185642
0.151349
0.128652
0.114103
0.104939
0.0992037
0.0955972
0.0932894
0.0917649
0.0907108
0.0899404
0.0893427
0.0888504
0.0884207
0.0880219
0.0876308
0.678756
0.317346
0.23363
0.189286
0.160092
0.139514
0.12466
0.113874
0.106088
0.100571
0.0968145
0.094473
0.0933343
0.0933081
0.0944311
0.0968839
0.101023
0.107426
0.116963
0.130886
0.15096
0.17961
0.22007
0.276514
0.354029
0.432257
0.429702
0.3694
0.295972
0.231717
0.183329
0.149866
0.127871
0.113826
0.104982
0.0994224
0.0958901
0.0935919
0.0920401
0.0909408
0.0901188
0.0894699
0.0889309
0.0884593
0.0880259
0.0876064
0.685816
0.319261
0.233948
0.189061
0.159795
0.139303
0.124577
0.113926
0.106273
0.100892
0.0972831
0.0951098
0.0941681
0.0943763
0.0957787
0.0985634
0.103094
0.109959
0.120042
0.134626
0.155537
0.185306
0.227376
0.286287
0.367661
0.444048
0.429954
0.364983
0.290667
0.227344
0.180359
0.148172
0.127122
0.113688
0.105192
0.0997964
0.0963123
0.093995
0.0923901
0.0912245
0.0903352
0.089624
0.08903
0.0885115
0.0880395
0.0875899
0.695775
0.324099
0.235249
0.189243
0.159712
0.139258
0.124659
0.114154
0.106653
0.101432
0.0980027
0.0960371
0.0953413
0.0958413
0.0975874
0.100771
0.105758
0.113134
0.123782
0.138987
0.160593
0.19119
0.234381
0.295058
0.379501
0.453057
0.427058
0.356791
0.282461
0.22119
0.176527
0.146193
0.126388
0.113691
0.105574
0.10033
0.096864
0.0944959
0.0928103
0.0915568
0.090584
0.0897989
0.089142
0.088573
0.0880597
0.0875783
0.707852
0.335313
0.238171
0.189992
0.160001
0.139526
0.125015
0.114641
0.107293
0.102251
0.0990339
0.0973256
0.0969399
0.097809
0.0999865
0.103663
0.109196
0.117159
0.128411
0.144204
0.166338
0.197377
0.240957
0.302202
0.388005
0.454228
0.416234
0.342466
0.270307
0.2129
0.171752
0.143933
0.125688
0.113847
0.106131
0.101017
0.097536
0.0950837
0.0932897
0.0919272
0.0908561
0.0899872
0.0892613
0.0886368
0.0880812
0.0875678
0.727132
0.360574
0.243927
0.1919
0.161038
0.140363
0.12584
0.115523
0.108286
0.103421
0.10045
0.0990598
0.099069
0.100412
0.103141
0.10744
0.113652
0.122323
0.134265
0.150656
0.173187
0.204261
0.247311
0.307401
0.391962
0.443031
0.393185
0.320183
0.25381
0.202589
0.166218
0.14152
0.125085
0.114176
0.106857
0.101841
0.0983069
0.0957373
0.0938093
0.0923199
0.0911384
0.0901782
0.0893793
0.0886974
0.0880983
0.0875532
0.782536
0.413877
0.252995
0.195649
0.163488
0.142238
0.127402
0.116953
0.109742
0.105025
0.102326
0.101328
0.101842
0.103797
0.107238
0.112336
0.119415
0.128981
0.141782
0.158887
0.181814
0.212668
0.254294
0.310958
0.390083
0.419315
0.358602
0.291335
0.234348
0.191212
0.160465
0.139213
0.124677
0.114692
0.107728
0.102765
0.0991384
0.0964225
0.094341
0.0927122
0.0914134
0.0903587
0.0894857
0.0887473
0.0881059
0.0875313
0.836632
0.417601
0.261515
0.201182
0.167577
0.145344
0.129771
0.118913
0.111605
0.107011
0.104631
0.104132
0.105304
0.108062
0.112436
0.118573
0.126784
0.137534
0.151492
0.169603
0.193198
0.224061
0.263942
0.31456
0.377732
0.375979
0.316521
0.260451
0.214869
0.180347
0.155235
0.137306
0.12454
0.115372
0.108687
0.103723
0.0999724
0.0970915
0.0948473
0.0930761
0.0916604
0.0905135
0.0895697
0.0887782
0.0880983
0.0874975
0.859214
0.405696
0.265948
0.205181
0.170303
0.147284
0.131182
0.120108
0.112892
0.108647
0.106821
0.107053
0.109123
0.112935
0.118498
0.125955
0.135591
0.147825
0.163241
0.182619
0.206995
0.237744
0.27573
0.316862
0.343788
0.319331
0.27474
0.232853
0.198252
0.171359
0.151084
0.135958
0.124654
0.11613
0.109632
0.104624
0.100732
0.0976849
0.0952839
0.0933792
0.0918562
0.0906261
0.0896196
0.088782
0.0880697
0.087448
0.858356
0.391711
0.261359
0.203269
0.169778
0.147256
0.131477
0.120751
0.113881
0.110062
0.108779
0.109675
0.112528
0.117229
0.123773
0.13228
0.142958
0.156141
0.172231
0.191651
0.214728
0.241431
0.270485
0.294385
0.294703
0.27315
0.242095
0.211722
0.185685
0.16465
0.148068
0.135074
0.124865
0.116806
0.110421
0.105353
0.10133
0.0981375
0.0956038
0.0935882
0.0919775
0.0906804
0.0896243
0.0887513
0.0880151
0.0873793
0.852909
0.366947
0.250493
0.196471
0.165327
0.144888
0.130784
0.121146
0.114921
0.111489
0.110448
0.111524
0.114541
0.119414
0.126132
0.134765
0.145448
0.158359
0.173638
0.19126
0.210827
0.231104
0.249224
0.259676
0.25617
0.240133
0.218356
0.196272
0.176472
0.159689
0.145778
0.134323
0.124909
0.117191
0.110893
0.105788
0.101677
0.0983872
0.0957637
0.0936734
0.092004
0.0906629
0.089575
0.0886802
0.0879307
0.0872888
0.860243
0.350997
0.240541
0.189927
0.160725
0.141957
0.129236
0.120585
0.115007
0.111945
0.111063
0.112145
0.115054
0.119725
0.126141
0.134327
0.144325
0.156149
0.169698
0.18463
0.200165
0.214832
0.226201
0.231129
0.227321
0.215988
0.200752
0.184589
0.169281
0.155563
0.143588
0.133275
0.124483
0.117071
0.1109
0.105826
0.101704
0.0983855
0.0957309
0.093613
0.0919216
0.0905643
0.0894656
0.0885649
0.087814
0.0871753
0.874135
0.34387
0.23542
0.186098
0.157643
0.139607
0.127635
0.119632
0.114525
0.111733
0.110925
0.111907
0.114562
0.11883
0.124684
0.132106
0.141057
0.151431
0.162977
0.175209
0.187294
0.197957
0.205534
0.208335
0.205472
0.197722
0.186992
0.174955
0.162854
0.151394
0.14091
0.131544
0.12334
0.116289
0.11034
0.105404
0.101369
0.0981065
0.0954892
0.093397
0.0917241
0.0903811
0.0892944
0.0884048
0.0876651
0.0870389
0.878046
0.34121
0.233637
0.18468
0.156215
0.138207
0.126398
0.118625
0.11372
0.111035
0.110201
0.111008
0.113333
0.117108
0.122286
0.128814
0.136602
0.145476
0.155126
0.165048
0.174509
0.182539
0.188047
0.190087
0.188253
0.182966
0.175236
0.166041
0.15627
0.146569
0.13736
0.128904
0.121355
0.114782
0.109185
0.104511
0.10067
0.0975525
0.0950421
0.0930291
0.0914151
0.0901165
0.089064
0.0882019
0.0874857
0.086881
0.869777
0.339241
0.233173
0.18461
0.155999
0.137725
0.125722
0.117847
0.112884
0.110121
0.10914
0.109693
0.111633
0.11487
0.119334
0.124945
0.131582
0.139047
0.147029
0.155072
0.162577
0.168831
0.1731
0.174804
0.173698
0.169989
0.164239
0.157041
0.149055
0.140842
0.132834
0.12534
0.11856
0.112599
0.107488
0.103194
0.0996473
0.0967537
0.0944126
0.0925263
0.0910072
0.0897797
0.0887815
0.0879617
0.0872799
0.0867047
0.855411
0.336817
0.232815
0.184912
0.156319
0.137797
0.125499
0.117363
0.112176
0.109195
0.10796
0.108186
0.109695
0.112367
0.116108
0.120818
0.126361
0.132538
0.139062
0.145549
0.15152
0.156448
0.159819
0.161241
0.16054
0.157819
0.153412
0.147703
0.141181
0.134315
0.127498
0.121033
0.115124
0.109889
0.105369
0.101548
0.0983713
0.0957632
0.0936392
0.0919166
0.0905203
0.0893852
0.0884571
0.0876915
0.087053
0.0865138
0.838445
0.33395
0.232165
0.185062
0.156666
0.138028
0.12548
0.117061
0.11159
0.108318
0.106764
0.106613
0.107657
0.109749
0.112774
0.116614
0.121127
0.126125
0.131358
0.136506
0.141197
0.145035
0.147649
0.148764
0.148252
0.146167
0.142731
0.138209
0.132955
0.127341
0.121699
0.116294
0.111311
0.106862
0.102992
0.0996957
0.0969338
0.0946476
0.0927699
0.0912342
0.089979
0.0889505
0.0881034
0.0874005
0.0868116
0.0863131
0.821164
0.330925
0.231226
0.184904
0.156796
0.138157
0.125447
0.11679
0.111042
0.107466
0.105572
0.105024
0.105593
0.107111
0.109442
0.112457
0.116016
0.119944
0.124029
0.128012
0.131606
0.134513
0.136469
0.137275
0.136842
0.135203
0.132508
0.128983
0.124843
0.120378
0.115849
0.111473
0.107406
0.103743
0.100529
0.0977667
0.0954299
0.093476
0.0918548
0.0905152
0.0894091
0.088494
0.0877338
0.0870981
0.0865624
0.0861074
0.804528
0.327936
0.230109
0.184466
0.156653
0.138078
0.125282
0.116446
0.110461
0.106603
0.104379
0.103446
0.103558
0.10453
0.106214
0.108475
0.111173
0.114156
0.117242
0.120228
0.122894
0.125023
0.126424
0.12696
0.126569
0.125279
0.123194
0.120485
0.117302
0.113848
0.11032
0.106883
0.10366
0.100729
0.0981318
0.0958751
0.0939443
0.092311
0.0909396
0.0897926
0.0888346
0.0880333
0.0873607
0.0867936
0.0863123
0.0859015
0.788764
0.325073
0.228917
0.183836
0.156281
0.137789
0.124955
0.115992
0.109814
0.105712
0.103193
0.101908
0.101603
0.102083
0.103191
0.104789
0.106746
0.108924
0.111174
0.113337
0.115249
0.116752
0.117713
0.118037
0.117686
0.116679
0.115091
0.113039
0.110654
0.108052
0.105374
0.102744
0.100253
0.0979643
0.0959121
0.0941071
0.0925429
0.091202
0.090061
0.089094
0.0882758
0.0875831
0.0869953
0.0864948
0.0860669
0.0856996
0.773854
0.322358
0.227717
0.183098
0.155751
0.137339
0.12449
0.115436
0.109108
0.104802
0.10203
0.100442
0.099776
0.0998332
0.100453
0.101497
0.102842
0.104366
0.105946
0.10746
0.108785
0.109809
0.110439
0.110613
0.110306
0.109531
0.108343
0.106819
0.105059
0.103137
0.101146
0.0991735
0.0972859
0.0955312
0.0939377
0.092517
0.0912683
0.0901825
0.0892449
0.0884391
0.0877478
0.087155
0.0866461
0.0862084
0.0858311
0.0855053
0.759754
0.319794
0.226551
0.18232
0.155137
0.13679
0.123933
0.114812
0.108366
0.103896
0.100917
0.0990772
0.0981138
0.0978245
0.0980475
0.0986485
0.09951
0.100525
0.101592
0.102614
0.103502
0.104176
0.104571
0.104647
0.104385
0.103798
0.10292
0.101804
0.100515
0.0991168
0.0976585
0.0961994
0.0947876
0.0934588
0.0922354
0.091129
0.0901419
0.0892705
0.0885066
0.0878403
0.0872605
0.0867568
0.0863191
0.0859389
0.0856085
0.0853213
0.746414
0.317382
0.225447
0.181551
0.154496
0.136196
0.123333
0.114161
0.107622
0.103022
0.0998769
0.0978358
0.0966353
0.0960724
0.0959861
0.0962454
0.0967398
0.0973735
0.0980613
0.0987268
0.0993021
0.09973
0.0999659
0.0999812
0.0997649
0.0993237
0.0986804
0.0978696
0.0969339
0.0959182
0.0948568
0.0937848
0.0927357
0.0917354
0.0908015
0.0899443
0.0891678
0.0884715
0.0878519
0.0873033
0.0868192
0.0863929
0.0860183
0.0856894
0.0854012
0.0851494
0.733767
0.315114
0.224418
0.18082
0.153867
0.1356
0.122728
0.113513
0.106901
0.102199
0.0989245
0.0967266
0.0953427
0.0945704
0.0942502
0.0942546
0.0944791
0.0948366
0.0952538
0.0956683
0.0960274
0.0962888
0.0964204
0.0964021
0.0962257
0.0958952
0.0954246
0.0948364
0.0941578
0.093418
0.0926453
0.0918579
0.0910786
0.0903258
0.089613
0.0889489
0.0883383
0.0877823
0.08728
0.0868288
0.0864251
0.0860652
0.0857451
0.0854614
0.0852109
0.0849905
0.721756
0.312979
0.223467
0.180142
0.153273
0.135027
0.122144
0.112894
0.106224
0.101442
0.0980673
0.0957495
0.0942267
0.0932976
0.0928048
0.0926238
0.0926547
0.0928173
0.0930463
0.0932889
0.0935025
0.0936543
0.0937202
0.0936851
0.0935426
0.0932944
0.092949
0.0925203
0.0920261
0.0914851
0.0909164
0.090335
0.0897531
0.0891838
0.0886374
0.088121
0.0876391
0.0871939
0.0867858
0.0864141
0.0860772
0.0857731
0.0854998
0.0852553
0.0850377
0.0848452
0.710311
0.310966
0.222596
0.179527
0.152728
0.134496
0.121601
0.112319
0.105602
0.100759
0.0973068
0.0948981
0.0932714
0.0922267
0.0916085
0.0912948
0.0911895
0.091217
0.0913175
0.0914447
0.0915624
0.0916438
0.0916698
0.0916283
0.0915137
0.0913262
0.0910705
0.0907555
0.0903921
0.0899928
0.08957
0.0891356
0.0886968
0.0882625
0.0878403
0.0874358
0.0870531
0.0866947
0.0863617
0.0860544
0.0857724
0.085515
0.0852813
0.0850705
0.0848815
0.0847134
0.699334
0.309072
0.221811
0.178984
0.152244
0.134019
0.12111
0.111801
0.105045
0.100152
0.0966403
0.0941624
0.0924581
0.0913286
0.09062
0.0902123
0.0900122
0.089947
0.0899611
0.0900119
0.0900675
0.0901048
0.0901076
0.0900656
0.0899737
0.0898309
0.0896397
0.0894055
0.0891352
0.0888367
0.0885186
0.0881886
0.087854
0.0875191
0.0871894
0.0868697
0.0865633
0.0862727
0.0859993
0.0857439
0.085507
0.0852884
0.085088
0.0849058
0.0847415
0.0845945
0.688762
0.3073
0.221114
0.178515
0.151827
0.133604
0.120679
0.111344
0.104554
0.0996197
0.0960609
0.09353
0.0917675
0.0905758
0.0898022
0.0893282
0.0890623
0.0889342
0.0888905
0.0888913
0.0889073
0.0889175
0.0889076
0.0888684
0.0887948
0.0886853
0.0885408
0.0883645
0.0881606
0.0879346
0.0876919
0.0874382
0.0871787
0.0869171
0.0866569
0.0864015
0.0861539
0.0859163
0.0856903
0.0854768
0.0852766
0.0850902
0.0849179
0.08476
0.0846168
0.084488
0.678665
0.305654
0.220499
0.178114
0.151471
0.133247
0.120305
0.110945
0.104125
0.0991569
0.0955603
0.0929882
0.0911819
0.0899444
0.0891239
0.0886031
0.0882917
0.0881209
0.0880387
0.088007
0.087998
0.0879921
0.087976
0.087941
0.0878823
0.0877978
0.0876876
0.0875532
0.0873975
0.0872239
0.0870363
0.0868386
0.0866344
0.0864274
0.0862194
0.0860133
0.0858113
0.0856154
0.085427
0.0852474
0.0850773
0.0849175
0.0847686
0.0846313
0.0845061
0.084393
0.669225
0.304143
0.219957
0.177773
0.15117
0.132942
0.119982
0.110599
0.103753
0.0987568
0.0951298
0.0925256
0.090686
0.0894144
0.08856
0.088006
0.087663
0.087463
0.0873553
0.0873025
0.0872779
0.0872626
0.087244
0.0872139
0.0871673
0.0871019
0.0870172
0.0869137
0.0867934
0.0866584
0.0865115
0.0863554
0.0861929
0.0860266
0.0858585
0.0856903
0.0855239
0.085361
0.0852028
0.0850506
0.0849051
0.0847674
0.0846382
0.0845183
0.0844082
0.0843085
0.660575
0.302771
0.219481
0.177483
0.150915
0.132682
0.119706
0.110302
0.103434
0.0984135
0.0947618
0.0921324
0.0902672
0.0889701
0.0880907
0.0875129
0.0871477
0.0869277
0.0868028
0.0867363
0.086702
0.0866816
0.0866627
0.0866374
0.0866008
0.0865502
0.0864847
0.0864045
0.0863105
0.0862044
0.086088
0.0859634
0.0858325
0.0856973
0.0855598
0.0854211
0.0852827
0.0851459
0.085012
0.0848819
0.0847568
0.0846374
0.0845246
0.0844192
0.0843221
0.0842338
0.652697
0.301529
0.219063
0.177236
0.1507
0.132463
0.119471
0.110049
0.103162
0.0981216
0.09445
0.0918004
0.0899153
0.0885989
0.0877008
0.0871056
0.0867245
0.0864906
0.0863541
0.0862786
0.0862384
0.0862153
0.0861974
0.0861766
0.0861481
0.0861091
0.0860584
0.0859958
0.0859219
0.0858376
0.0857444
0.0856437
0.085537
0.0854259
0.0853119
0.0851964
0.0850801
0.0849642
0.0848498
0.0847379
0.0846294
0.0845251
0.084426
0.0843329
0.0842467
0.084168
0.645482
0.300395
0.218695
0.177026
0.150521
0.13228
0.119275
0.109837
0.102933
0.0978767
0.0941887
0.0915231
0.0896224
0.088291
0.087379
0.0867709
0.0863783
0.0861346
0.0859901
0.0859087
0.0858648
0.0858406
0.0858241
0.0858073
0.0857854
0.0857556
0.0857163
0.0856673
0.0856086
0.085541
0.0854655
0.0853831
0.0852952
0.0852028
0.0851072
0.0850096
0.0849108
0.0848116
0.0847129
0.0846157
0.0845207
0.0844289
0.0843411
0.0842582
0.0841811
0.0841105
0.638863
0.299349
0.218364
0.176847
0.150372
0.132129
0.119113
0.109662
0.102744
0.0976746
0.0939737
0.0912957
0.0893831
0.0880405
0.087118
0.0865005
0.0860997
0.0858489
0.0856989
0.0856136
0.0855675
0.0855429
0.0855278
0.0855144
0.0854978
0.085475
0.0854446
0.0854058
0.0853588
0.0853039
0.0852418
0.0851734
0.0850998
0.0850218
0.0849405
0.0848567
0.0847715
0.0846854
0.0845991
0.0845135
0.0844294
0.0843476
0.084269
0.0841944
0.0841248
0.0840607
0.632866
0.298381
0.21806
0.17669
0.150246
0.132003
0.118979
0.109518
0.102591
0.097512
0.0938024
0.091116
0.0891953
0.0878451
0.0869156
0.0862916
0.085885
0.0856294
0.0854756
0.0853876
0.08534
0.0853152
0.0853014
0.0852905
0.0852779
0.0852604
0.0852365
0.0852053
0.0851668
0.0851213
0.0850692
0.0850112
0.0849482
0.0848809
0.0848101
0.0847368
0.0846616
0.0845852
0.0845082
0.0844314
0.0843555
0.0842812
0.0842095
0.0841413
0.0840774
0.0840185
0.627542
0.297503
0.217783
0.176547
0.150133
0.131893
0.118864
0.109399
0.102468
0.0973863
0.0936741
0.090985
0.0890616
0.0877083
0.0867754
0.086148
0.0857382
0.0854796
0.0853232
0.0852332
0.0851845
0.0851594
0.0851461
0.0851368
0.0851267
0.0851127
0.0850932
0.0850673
0.0850347
0.0849956
0.0849503
0.0848995
0.0848436
0.0847835
0.0847198
0.0846532
0.0845844
0.0845141
0.0844429
0.0843715
0.0843006
0.084231
0.0841636
0.0840994
0.0840392
0.0839837
0.622936
0.296747
0.217536
0.176406
0.150014
0.131777
0.118751
0.109291
0.102368
0.0972948
0.0935908
0.0909088
0.0889906
0.0876408
0.0867099
0.086083
0.0856726
0.0854129
0.085255
0.0851636
0.0851136
0.0850877
0.0850741
0.0850652
0.0850561
0.0850439
0.0850266
0.0850035
0.0849743
0.0849388
0.0848973
0.0848503
0.0847981
0.0847414
0.0846806
0.0846165
0.0845496
0.0844808
0.0844107
0.08434
0.0842697
0.0842006
0.0841339
0.0840704
0.0840112
0.0839569
0.619285
0.296209
0.217333
0.176241
0.149845
0.131613
0.118604
0.10917
0.102277
0.0972344
0.0935581
0.0908997
0.0890003
0.0876647
0.0867435
0.0861228
0.0857158
0.0854573
0.0852993
0.0852068
0.0851553
0.0851278
0.0851128
0.0851028
0.085093
0.0850805
0.0850634
0.0850407
0.0850121
0.0849774
0.0849365
0.0848898
0.0848372
0.0847793
0.0847164
0.0846489
0.0845776
0.0845032
0.0844268
0.0843495
0.0842726
0.0841975
0.0841254
0.0840578
0.0839955
0.0839391
0.617595
0.29618
0.217224
0.175997
0.149542
0.131315
0.118355
0.10899
0.102172
0.0972003
0.0935868
0.0909806
0.0891225
0.0878179
0.0869189
0.086313
0.085915
0.0856612
0.0855047
0.0854118
0.0853585
0.0853286
0.0853109
0.0852982
0.0852858
0.0852708
0.0852516
0.0852269
0.0851962
0.0851592
0.0851155
0.085065
0.0850074
0.0849426
0.0848706
0.0847914
0.0847057
0.0846146
0.0845196
0.084423
0.0843271
0.0842344
0.0841471
0.0840669
0.083995
0.0839316
0.620867
0.297511
0.217381
0.175586
0.148936
0.130725
0.117882
0.108672
0.102013
0.0971863
0.093696
0.0911896
0.0894089
0.0881618
0.0873038
0.0867255
0.0863449
0.0861008
0.0859487
0.0858564
0.0858014
0.0857682
0.0857465
0.0857294
0.0857125
0.0856931
0.0856694
0.0856402
0.0856048
0.0855625
0.0855126
0.0854542
0.0853863
0.0853079
0.0852177
0.0851151
0.085
0.0848736
0.0847387
0.0845999
0.0844626
0.0843319
0.0842121
0.0841058
0.0840139
0.0839361
0.637842
0.302575
0.218273
0.174837
0.14771
0.129551
0.116974
0.10809
0.101743
0.0971879
0.09392
0.091588
0.0899395
0.0887891
0.0879992
0.0874668
0.0871154
0.0868884
0.0867447
0.086655
0.0865989
0.0865622
0.0865356
0.0865128
0.08649
0.0864644
0.0864345
0.0863989
0.0863568
0.0863071
0.0862483
0.0861787
0.086096
0.0859971
0.0858786
0.0857371
0.0855705
0.085379
0.0851672
0.0849446
0.0847248
0.0845199
0.0843383
0.0841837
0.0840562
0.0839533
0.695174
0.317261
0.22072
0.173271
0.145217
0.127286
0.115305
0.107065
0.101296
0.0972155
0.0943206
0.0922717
0.0908321
0.0898317
0.0891461
0.0886837
0.0883772
0.0881772
0.088048
0.0879645
0.0879091
0.0878697
0.0878384
0.0878099
0.0877807
0.0877485
0.087712
0.0876698
0.0876208
0.0875635
0.0874959
0.0874149
0.0873162
0.0871936
0.0870392
0.0868437
0.0865976
0.0862956
0.0859417
0.0855564
0.0851775
0.0848346
0.0845435
0.0843076
0.084123
0.0839816
0.866892
0.352279
0.224355
0.169126
0.14009
0.123102
0.112439
0.105416
0.10064
0.0973296
0.0950122
0.0933872
0.0922525
0.0914667
0.0909287
0.0905652
0.0903225
0.090162
0.0900556
0.0899839
0.0899332
0.0898941
0.0898606
0.0898285
0.0897952
0.0897588
0.0897182
0.0896723
0.0896198
0.0895592
0.0894878
0.0894017
0.0892943
0.0891557
0.088971
0.0887187
0.0883715
0.0879007
0.0872919
0.0865794
0.0858929
0.0853034
0.0848325
0.0844732
0.0842074
0.0840146
1.3692
0.410013
0.21947
0.156753
0.129735
0.115938
0.108029
0.103116
0.0998948
0.0977103
0.0962012
0.0951509
0.0944203
0.0939152
0.0935689
0.0933338
0.0931753
0.0930686
0.0929957
0.0929443
0.0929055
0.0928734
0.0928442
0.092815
0.0927844
0.092751
0.0927141
0.0926729
0.0926266
0.0925737
0.0925121
0.0924377
0.0923438
0.0922183
0.0920401
0.0917731
0.0913556
0.0906906
0.089651
0.088184
0.0868943
0.0858965
0.0851669
0.0846495
0.084289
0.0840405
3.19964
0.385226
0.168692
0.125616
0.111558
0.105538
0.102451
0.100651
0.099508
0.0987434
0.0982174
0.0978516
0.097597
0.0974207
0.0972997
0.0972174
0.0971618
0.0971242
0.0970982
0.0970794
0.0970647
0.0970519
0.0970398
0.0970272
0.0970137
0.0969987
0.096982
0.0969633
0.0969424
0.0969187
0.0968914
0.0968588
0.0968177
0.0967615
0.0966758
0.0965288
0.0962437
0.0956247
0.0941468
0.0903107
0.0879379
0.0864169
0.0854242
0.0847697
0.0843362
0.0840485
2.45666
1.66444
1.46548
1.5433
1.41263
1.16032
0.968211
0.811863
1.07729
0.977716
0.844248
0.716873
0.791933
0.777893
0.693121
0.591831
0.567991
0.578665
0.532839
0.466539
0.410604
0.424713
0.402695
0.363265
0.306379
0.318233
0.308395
0.285776
0.238259
0.246958
0.242806
0.229921
0.193184
0.199235
0.197607
0.190196
0.162728
0.166853
0.166294
0.161943
0.1417
0.144489
0.144351
0.141719
0.126899
0.128771
0.128769
0.127117
0.116314
0.117555
0.11757
0.116482
0.108653
0.109455
0.10944
0.108681
0.10306
0.103552
0.103492
0.102927
0.098952
0.0992252
0.0991179
0.0986686
0.0959256
0.096041
0.0958917
0.0955102
0.0936917
0.0936929
0.0935076
0.0931656
0.0920413
0.091959
0.0917438
0.0914242
0.0908208
0.0906769
0.0904373
0.0901297
0.0899167
0.0897269
0.0894673
0.0891654
0.0892449
0.0890204
0.0887444
0.0884444
0.0887432
0.0884917
0.0882021
0.0879017
0.0883656
0.0880928
0.0877916
0.0874893
0.0880789
0.0877883
0.087477
0.087172
0.0878588
0.0875529
0.0872324
0.0869241
0.0876879
0.0873682
0.0870391
0.0867269
0.0875539
0.0872211
0.0868835
0.0865672
0.0874477
0.0871021
0.0867562
0.0864354
0.0873631
0.0870046
0.0866502
0.0863246
0.0872953
0.0869233
0.0865603
0.0862297
0.0872407
0.0868547
0.0864828
0.086147
0.0871952
0.0867959
0.0864147
0.0860736
0.0871573
0.0867436
0.0863536
0.0860074
0.0871241
0.0866954
0.086297
0.0859459
0.0870912
0.0866495
0.0862433
0.085888
0.0870562
0.0866026
0.0861899
0.0858316
0.0870158
0.0865521
0.0861348
0.0857749
0.0869668
0.0864956
0.0860761
0.0857165
0.0869062
0.0864312
0.0860122
0.0856549
0.0868318
0.0863571
0.0859417
0.0855893
0.0867418
0.086272
0.0858639
0.0855188
0.0866355
0.0861755
0.0857782
0.0854433
0.0865129
0.0860676
0.0856849
0.0853625
0.0863754
0.0859494
0.0855843
0.085277
0.0862251
0.0858223
0.0854777
0.0851873
0.0860647
0.0856882
0.0853664
0.0850945
0.0858978
0.0855497
0.085252
0.0849997
0.0857277
0.0854092
0.0851363
0.084904
0.0855578
0.0852692
0.0850211
0.0848088
0.0853914
0.0851318
0.084908
0.0847153
0.0852309
0.0849991
0.0847984
0.0846243
0.0850784
0.0848725
0.0846934
0.0845369
0.0849353
0.0847532
0.084594
0.0844537
0.0848024
0.0846418
0.0845006
0.0843751
0.0846802
0.0845388
0.0844137
0.0843015
0.0845687
0.0844442
0.0843334
0.0842331
0.0844676
0.0843578
0.0842596
0.0841698
0.0843763
0.0842794
0.0841922
0.0841117
0.0842945
0.0842087
0.0841309
0.0840585
0.0842213
0.0841451
0.0840755
0.0840101
0.0841563
0.0840881
0.0840256
0.0839663
0.0840987
0.0840374
0.0839809
0.0839268
0.084048
0.0839926
0.0839411
0.0838914
0.0840039
0.0839532
0.0839059
0.0838599
0.083966
0.0839191
0.083875
0.0838321
0.0839342
0.0838899
0.0838483
0.0838076
0.0839087
0.0838657
0.0838255
0.0837862
0.0838897
0.0838462
0.0838061
0.0837673
0.0838776
0.0838312
0.0837894
0.08375
0.0838724
0.0838198
0.0837741
0.0837327
0.0838733
0.0838102
0.0837581
0.0837132
0.0838774
0.0837995
0.0837385
0.0836888
0.0838799
0.0837839
0.0837127
0.0836577
0.0838747
0.0837614
0.0836809
0.0836216
0.0838622
0.0837383
0.0836524
0.0835909
0.95463
0.722164
0.51305
0.351614
0.253157
0.1957
0.161777
0.141205
0.12841
0.120327
0.115202
0.111964
0.109941
0.1087
0.107955
0.107519
0.107272
0.107136
0.107064
0.10703
0.107021
0.107034
0.107076
0.107163
0.107323
0.107597
0.108047
0.108764
0.109872
0.111544
0.114017
0.117617
0.122798
0.130211
0.140824
0.156165
0.178885
0.214562
0.281497
0.53816
0.703377
0.593491
0.453223
0.327998
0.242695
0.189596
0.157076
0.136927
0.124217
0.116098
0.110881
0.107532
0.105399
0.104057
0.103226
0.10272
0.102417
0.102239
0.102136
0.10208
0.102056
0.102063
0.102106
0.102202
0.10238
0.102684
0.103179
0.103958
0.10515
0.106932
0.109546
0.113323
0.118726
0.126415
0.13738
0.15318
0.176519
0.213092
0.281548
0.543031
0.606692
0.496484
0.386398
0.2928
0.22506
0.179987
0.150931
0.132282
0.120229
0.112377
0.107241
0.103888
0.101713
0.100316
0.0994279
0.0988707
0.0985246
0.0983115
0.0981821
0.0981073
0.0980723
0.0980735
0.0981177
0.0982221
0.0984168
0.0987481
0.0992838
0.10012
0.101388
0.103269
0.106008
0.109941
0.115536
0.123464
0.134726
0.150903
0.17474
0.212005
0.281588
0.546582
0.49677
0.406907
0.324502
0.256103
0.204637
0.168397
0.143802
0.127342
0.116354
0.109014
0.104115
0.100856
0.0987024
0.0972915
0.0963759
0.0957868
0.0954105
0.0951716
0.0950216
0.0949317
0.0948869
0.0948838
0.0949294
0.0950419
0.0952524
0.0956091
0.096182
0.0970693
0.0984058
0.100375
0.103225
0.107294
0.113056
0.121187
0.132698
0.149187
0.173422
0.211221
0.281637
0.549192
0.396578
0.330416
0.271643
0.222771
0.184666
0.156462
0.136343
0.122294
0.112592
0.105933
0.101387
0.0983034
0.0962276
0.0948421
0.093925
0.0933224
0.0929285
0.0926722
0.0925074
0.092406
0.0923537
0.0923476
0.0923952
0.0925153
0.0927404
0.0931203
0.0937268
0.0946601
0.0960574
0.098104
0.101051
0.105239
0.111144
0.119448
0.131168
0.147912
0.172464
0.210673
0.281704
0.551142
0.317006
0.271175
0.229916
0.194969
0.166845
0.145173
0.129048
0.117345
0.108992
0.103101
0.098985
0.0961362
0.0941824
0.0928546
0.0919593
0.0913596
0.0909596
0.090694
0.0905197
0.0904105
0.0903532
0.0903453
0.0903952
0.0905225
0.0907611
0.0911618
0.0917983
0.0927724
0.0942231
0.0963375
0.099368
0.103658
0.109685
0.118135
0.130029
0.14698
0.171783
0.210306
0.281792
0.552634
0.256486
0.225715
0.197127
0.172212
0.151514
0.134991
0.122241
0.112663
0.105615
0.10051
0.0968619
0.0942854
0.0924854
0.0912401
0.0903855
0.0898026
0.0894066
0.0891388
0.0889601
0.0888465
0.0887862
0.0887778
0.0888304
0.0889647
0.0892154
0.0896347
0.0902975
0.0913072
0.0928043
0.0949772
0.0980795
0.102456
0.108586
0.117157
0.129194
0.146312
0.171312
0.210074
0.281897
0.553815
0.211642
0.191244
0.171555
0.153824
0.13862
0.126087
0.1161
0.108364
0.10251
0.0981632
0.094988
0.0927009
0.0910736
0.089928
0.0891283
0.0885732
0.0881895
0.0879256
0.0877468
0.0876319
0.0875706
0.0875628
0.0876185
0.0877592
0.0880207
0.0884563
0.089142
0.0901824
0.0917191
0.0939417
0.0971047
0.101554
0.10777
0.116441
0.128593
0.145844
0.170998
0.209941
0.282018
0.554785
0.178775
0.165276
0.151721
0.1391
0.12794
0.118465
0.110696
0.104511
0.0997103
0.096063
0.0933424
0.091345
0.0898983
0.0888622
0.0881265
0.0876072
0.0872422
0.0869871
0.0868119
0.0866981
0.0866375
0.0866312
0.0866902
0.0868369
0.087108
0.0875576
0.0882629
0.0893294
0.0908995
0.0931637
0.0963773
0.100887
0.107173
0.115925
0.128169
0.145526
0.170799
0.20988
0.282151
0.555613
0.15473
0.14575
0.136387
0.127385
0.119192
0.112046
0.106033
0.101128
0.0972319
0.0942082
0.0919081
0.0901881
0.0889204
0.087997
0.0873304
0.0868519
0.08651
0.0862674
0.0860985
0.0859879
0.0859294
0.0859254
0.0859878
0.08614
0.0864194
0.0868811
0.0876028
0.088691
0.0902888
0.0925874
0.0958424
0.100401
0.106744
0.11556
0.127878
0.145317
0.170682
0.209869
0.282291
0.556345
0.137086
0.131056
0.124552
0.118111
0.112091
0.106709
0.102074
0.0982086
0.0950735
0.092592
0.090669
0.0892055
0.0881084
0.0872958
0.0866993
0.086264
0.0859479
0.0857201
0.0855595
0.0854538
0.0853984
0.0853972
0.0854631
0.0856203
0.0859068
0.0863785
0.0871139
0.08822
0.0898405
0.0921669
0.0954554
0.100053
0.106441
0.11531
0.127686
0.145189
0.170624
0.209893
0.282437
0.557011
0.124077
0.119978
0.115427
0.110799
0.106369
0.10232
0.098758
0.0957272
0.0932216
0.0912019
0.089609
0.0883759
0.087436
0.0867282
0.0861999
0.0858079
0.0855186
0.0853071
0.0851562
0.0850563
0.0850048
0.0850068
0.0850762
0.0852378
0.0855304
0.0860105
0.086757
0.0878776
0.0895164
0.0918652
0.0951804
0.0998093
0.106234
0.115143
0.127564
0.145117
0.170607
0.209941
0.282586
0.557628
0.114436
0.111611
0.108399
0.105059
0.101792
0.098745
0.0960135
0.0936462
0.0916543
0.0900208
0.0887108
0.0876798
0.086881
0.0862693
0.085805
0.0854548
0.0851922
0.0849973
0.0848568
0.0847634
0.0847162
0.0847216
0.0847944
0.08496
0.0852578
0.0857448
0.0865003
0.0876325
0.0892857
0.0916523
0.0949886
0.0996422
0.106095
0.115035
0.127492
0.145084
0.170619
0.210004
0.282735
0.558208
0.107263
0.105283
0.102994
0.100569
0.0981532
0.0958593
0.0937665
0.0919219
0.0903439
0.0890287
0.0879567
0.0870993
0.086424
0.0858983
0.0854925
0.0851813
0.0849442
0.0847657
0.0846357
0.0845491
0.0845065
0.0845155
0.0845915
0.0847606
0.0850628
0.0855554
0.0863182
0.0874596
0.0891243
0.0915048
0.0948577
0.0995306
0.106005
0.114971
0.127456
0.145079
0.170649
0.210077
0.282884
0.558756
0.101911
0.100496
0.0988463
0.0970736
0.0952797
0.093549
0.0919448
0.0905084
0.0892603
0.0882036
0.0873288
0.0866178
0.0860485
0.085598
0.0852444
0.0849687
0.0847553
0.0845925
0.0844727
0.0843929
0.084355
0.0843675
0.0844466
0.084619
0.0849248
0.085422
0.0861906
0.0873393
0.0890131
0.0914046
0.0947705
0.0994586
0.105951
0.114937
0.127444
0.145093
0.170692
0.210157
0.283031
0.559274
0.0979113
0.0968774
0.0956715
0.0943641
0.0930243
0.0917135
0.0904807
0.0893606
0.0883726
0.0875235
0.0868095
0.08622
0.0857403
0.0853543
0.0850463
0.0848022
0.0846103
0.0844621
0.084352
0.0842788
0.0842456
0.0842616
0.0843436
0.0845189
0.0848279
0.0853289
0.0861022
0.0872568
0.0889377
0.0913378
0.0947141
0.0994144
0.105921
0.114923
0.127448
0.145119
0.170743
0.210241
0.283176
0.559764
0.094921
0.0941451
0.0932484
0.0922729
0.0912639
0.0902649
0.0893129
0.0884358
0.0876511
0.0869666
0.0863822
0.0858921
0.0854868
0.0851554
0.0848866
0.0846701
0.0844975
0.0843625
0.0842616
0.0841947
0.084166
0.0841853
0.0842702
0.0844481
0.0847599
0.0852641
0.0860413
0.0872006
0.0888873
0.0912944
0.0946791
0.0993893
0.105907
0.114923
0.127465
0.145154
0.1708
0.210327
0.283319
0.560223
0.0926862
0.0920854
0.0914043
0.0906654
0.0898967
0.0891281
0.088387
0.0876952
0.0870678
0.0865126
0.0860316
0.0856219
0.0852777
0.0849918
0.0847562
0.0845636
0.084408
0.0842849
0.0841924
0.0841314
0.084107
0.0841296
0.0842171
0.0843974
0.0847118
0.0852188
0.0859992
0.0871625
0.088854
0.0912669
0.0946586
0.0993772
0.105905
0.114933
0.127488
0.145194
0.170861
0.210415
0.283457
0.56065
0.0910165
0.0905348
0.090004
0.0894332
0.0888385
0.0882394
0.0876558
0.0871045
0.0865978
0.0861433
0.0857439
0.0853986
0.0851041
0.0848557
0.084648
0.0844759
0.084335
0.0842226
0.0841377
0.0840822
0.0840619
0.0840876
0.0841777
0.0843604
0.0846771
0.0851865
0.0859698
0.0871365
0.0888321
0.0912501
0.0946478
0.0993737
0.10591
0.114949
0.127517
0.145239
0.170925
0.210504
0.283593
0.561045
0.0897686
0.0893678
0.0889416
0.0884902
0.088021
0.0875461
0.0870794
0.0866337
0.0862193
0.0858426
0.0855071
0.085213
0.0849587
0.0847411
0.0845567
0.0844019
0.0842738
0.0841708
0.0840928
0.0840424
0.0840259
0.0840547
0.0841473
0.0843322
0.084651
0.0851628
0.0859487
0.0871184
0.0888178
0.0912402
0.0946434
0.099376
0.105921
0.114969
0.12755
0.145286
0.17099
0.210593
0.283724
0.561406
0.0888345
0.0884885
0.088135
0.087768
0.0873889
0.0870046
0.0866243
0.0862579
0.0859135
0.0855967
0.0853111
0.0850575
0.0848354
0.084643
0.0844779
0.0843378
0.0842208
0.0841261
0.0840543
0.0840087
0.0839958
0.0840275
0.0841225
0.0843095
0.0846305
0.0851445
0.0859329
0.0871055
0.0888083
0.091235
0.0946433
0.0993822
0.105935
0.114993
0.127585
0.145336
0.171057
0.210683
0.28385
0.56173
0.0881327
0.0878236
0.0875204
0.087213
0.0868985
0.08658
0.0862636
0.0859563
0.0856649
0.0853941
0.0851473
0.0849258
0.0847295
0.0845576
0.0844086
0.0842809
0.0841735
0.0840861
0.08402
0.0839787
0.0839693
0.0840037
0.0841011
0.0842903
0.0846133
0.0851295
0.0859203
0.0870957
0.0888019
0.0912326
0.094646
0.099391
0.105951
0.115018
0.127622
0.145387
0.171126
0.210773
0.283973
0.562017
0.087602
0.0873176
0.087049
0.0867835
0.0865154
0.0862447
0.0859752
0.0857122
0.0854608
0.0852254
0.0850089
0.0848127
0.0846373
0.0844821
0.0843465
0.0842294
0.0841303
0.0840494
0.0839883
0.0839511
0.0839449
0.083982
0.0840817
0.084273
0.0845981
0.0851165
0.0859097
0.0870879
0.0887975
0.0912322
0.0946506
0.0994018
0.10597
0.115046
0.127661
0.14544
0.171196
0.210862
0.28409
0.562266
0.0871968
0.0869287
0.086684
0.0864479
0.0862128
0.0859769
0.0857421
0.0855122
0.0852913
0.0850832
0.0848903
0.0847142
0.0845556
0.0844143
0.0842899
0.0841818
0.0840899
0.0840148
0.0839583
0.0839248
0.0839217
0.0839614
0.0840634
0.0842568
0.084584
0.0851046
0.0859003
0.0870813
0.0887943
0.0912332
0.0946565
0.0994139
0.105989
0.115075
0.127702
0.145495
0.171267
0.210952
0.284203
0.562475
0.0868833
0.086626
0.0863974
0.086182
0.0859707
0.0857601
0.085551
0.085346
0.0851484
0.0849614
0.0847871
0.0846272
0.0844823
0.0843524
0.0842375
0.0841372
0.0840516
0.0839816
0.0839294
0.0838994
0.0838992
0.0839414
0.0840457
0.0842412
0.0845705
0.0850933
0.0858915
0.0870755
0.0887919
0.091235
0.0946635
0.0994272
0.10601
0.115106
0.127744
0.145551
0.171339
0.211041
0.28431
0.562644
0.0866371
0.0863864
0.0861688
0.0859679
0.0857736
0.0855817
0.0853917
0.0852056
0.085026
0.0848555
0.0846961
0.0845492
0.0844156
0.0842954
0.0841885
0.0840949
0.0840149
0.0839496
0.0839013
0.0838745
0.0838771
0.0839217
0.0840282
0.0842259
0.0845573
0.0850824
0.0858832
0.0870702
0.0887902
0.0912377
0.0946714
0.0994415
0.106033
0.115137
0.127787
0.145608
0.171412
0.21113
0.284412
0.562772
0.0864401
0.0861933
0.0859831
0.0857923
0.0856103
0.0854321
0.0852566
0.085085
0.0849194
0.084762
0.0846147
0.0844785
0.0843542
0.0842421
0.0841422
0.0840546
0.0839796
0.0839185
0.0838737
0.08385
0.0838552
0.0839022
0.0840108
0.0842106
0.0845443
0.0850718
0.0858753
0.0870654
0.0887891
0.091241
0.0946802
0.0994568
0.106056
0.11517
0.127832
0.145666
0.171485
0.211219
0.284509
0.562859
0.0862795
0.0860347
0.0858292
0.0856455
0.0854724
0.0853044
0.0851399
0.0849797
0.0848252
0.0846784
0.0845408
0.0844136
0.0842973
0.0841921
0.0840983
0.0840158
0.0839454
0.0838881
0.0838466
0.0838258
0.0838335
0.0838828
0.0839936
0.0841956
0.0845315
0.0850614
0.0858676
0.0870609
0.0887885
0.091245
0.0946897
0.0994731
0.10608
0.115205
0.127878
0.145726
0.17156
0.211307
0.284601
0.562905
0.0861459
0.0859018
0.0856992
0.0855203
0.0853537
0.0851934
0.0850375
0.0848862
0.0847407
0.0846025
0.0844731
0.0843534
0.0842439
0.0841448
0.0840563
0.0839786
0.0839122
0.0838584
0.08382
0.0838019
0.0838121
0.0838636
0.0839766
0.0841806
0.0845188
0.0850512
0.0858603
0.0870569
0.0887884
0.0912496
0.0947
0.0994903
0.106106
0.11524
0.127925
0.145787
0.171635
0.211395
0.284686
0.56291
0.0860327
0.0857883
0.0855872
0.0854116
0.0852497
0.0850954
0.0849462
0.084802
0.0846639
0.084533
0.0844105
0.0842972
0.0841936
0.0840999
0.0840162
0.0839426
0.0838799
0.0838295
0.083794
0.0837784
0.0837909
0.0838446
0.0839597
0.0841659
0.0845063
0.0850413
0.0858533
0.0870533
0.0887889
0.091255
0.0947112
0.0995085
0.106132
0.115277
0.127974
0.145848
0.171711
0.211482
0.284766
0.562876
0.0859351
0.0856896
0.0854891
0.0853156
0.0851572
0.0850074
0.0848636
0.0847254
0.0845934
0.0844686
0.0843521
0.0842444
0.084146
0.0840571
0.0839776
0.0839079
0.0838487
0.0838012
0.0837685
0.0837553
0.0837701
0.0838259
0.0839431
0.0841515
0.0844942
0.0850317
0.0858467
0.0870503
0.08879
0.0912611
0.0947233
0.0995277
0.10616
0.115314
0.128023
0.145911
0.171788
0.211568
0.28484
0.562803
0.0858493
0.0856023
0.0854018
0.0852295
0.0850736
0.0849274
0.084788
0.0846547
0.0845279
0.0844085
0.0842972
0.0841945
0.0841008
0.0840161
0.0839406
0.0838744
0.0838183
0.0837737
0.0837435
0.0837327
0.0837497
0.0838076
0.0839268
0.0841374
0.0844824
0.0850226
0.0858406
0.0870478
0.0887917
0.0912679
0.0947362
0.0995479
0.106189
0.115353
0.128074
0.145975
0.171864
0.211652
0.284908
0.562692
0.0857728
0.0855239
0.0853228
0.0851512
0.0849971
0.0848538
0.0847181
0.084589
0.0844668
0.084352
0.0842453
0.0841471
0.0840576
0.0839769
0.083905
0.0838421
0.0837889
0.083747
0.0837192
0.0837106
0.0837297
0.0837897
0.083911
0.0841237
0.0844711
0.0850139
0.085835
0.0870458
0.0887942
0.0912756
0.0947501
0.099569
0.106219
0.115393
0.128125
0.146039
0.171941
0.211736
0.284971
0.562541
0.0857033
0.0854524
0.0852503
0.085079
0.0849263
0.0847853
0.0846526
0.0845272
0.084409
0.0842985
0.084196
0.0841019
0.0840163
0.0839391
0.0838705
0.0838107
0.0837603
0.083721
0.0836955
0.0836891
0.0837102
0.0837721
0.0838954
0.0841102
0.0844601
0.0850056
0.0858299
0.0870445
0.0887973
0.091284
0.0947647
0.0995911
0.106249
0.115434
0.128178
0.146104
0.172018
0.211818
0.285026
0.56234
0.0856389
0.0853859
0.0851829
0.0850116
0.0848599
0.0847208
0.0845909
0.0844688
0.0843543
0.0842476
0.0841489
0.0840586
0.0839766
0.0839028
0.0838373
0.0837804
0.0837326
0.0836957
0.0836724
0.0836681
0.0836911
0.0837551
0.0838804
0.0840973
0.0844495
0.0849978
0.0858253
0.0870437
0.088801
0.0912931
0.0947802
0.0996141
0.106281
0.115476
0.128231
0.14617
0.172095
0.211899
0.285074
0.562088
0.0855783
0.0853235
0.0851194
0.084948
0.0847972
0.0846599
0.0845325
0.0844134
0.0843022
0.084199
0.084104
0.0840171
0.0839385
0.0838679
0.0838054
0.0837511
0.0837059
0.0836712
0.0836501
0.0836477
0.0836727
0.0837386
0.0838658
0.084085
0.0844395
0.0849906
0.0858214
0.0870436
0.0888055
0.091303
0.0947965
0.0996379
0.106314
0.115518
0.128285
0.146236
0.172172
0.211977
0.285116
0.561797
0.0855203
0.0852641
0.0850592
0.0848877
0.0847376
0.0846019
0.0844768
0.0843605
0.0842525
0.0841526
0.084061
0.0839775
0.083902
0.0838344
0.0837747
0.083723
0.0836801
0.0836477
0.0836286
0.0836282
0.0836551
0.0837228
0.083852
0.0840732
0.0844302
0.084984
0.0858181
0.0870442
0.0888108
0.0913137
0.0948136
0.0996625
0.106347
0.115562
0.128339
0.146302
0.172248
0.212054
0.285151
0.561472
0.0854631
0.0852064
0.0850011
0.0848298
0.0846807
0.0845465
0.0844235
0.0843099
0.0842049
0.0841083
0.0840198
0.0839394
0.083867
0.0838023
0.0837452
0.083696
0.0836555
0.0836251
0.083608
0.0836095
0.0836382
0.0837077
0.0838389
0.0840622
0.0844216
0.0849782
0.0858155
0.0870456
0.0888167
0.0913251
0.0948315
0.0996878
0.106381
0.115605
0.128394
0.146367
0.172323
0.212129
0.28518
0.561116
0.0854055
0.0851494
0.0849444
0.0847736
0.0846256
0.0844932
0.0843725
0.0842615
0.0841594
0.0840658
0.0839804
0.0839031
0.0838335
0.0837715
0.0837171
0.0836703
0.0836319
0.0836035
0.0835884
0.0835916
0.0836221
0.0836935
0.0838265
0.084052
0.0844137
0.0849731
0.0858137
0.0870476
0.0888234
0.0913373
0.09485
0.0997137
0.106415
0.115649
0.128448
0.146433
0.172396
0.2122
0.285202
0.560729
0.0853465
0.085092
0.0848882
0.0847185
0.084572
0.0844415
0.0843231
0.0842149
0.0841157
0.0840251
0.0839427
0.0838683
0.0838016
0.0837422
0.0836902
0.0836457
0.0836094
0.0835831
0.0835697
0.0835748
0.083607
0.0836801
0.083815
0.0840425
0.0844066
0.0849687
0.0858126
0.0870504
0.0888308
0.0913501
0.0948692
0.0997402
0.10645
0.115694
0.128503
0.146497
0.172469
0.212269
0.285218
0.560312
0.0852853
0.0850338
0.0848319
0.0846641
0.0845194
0.0843911
0.0842753
0.0841698
0.0840736
0.083986
0.0839067
0.0838351
0.0837711
0.0837143
0.0836647
0.0836224
0.0835882
0.0835637
0.0835521
0.0835589
0.0835928
0.0836676
0.0838043
0.0840339
0.0844003
0.0849651
0.0858123
0.087054
0.0888389
0.0913636
0.0948889
0.0997671
0.106485
0.115738
0.128557
0.146561
0.172539
0.212334
0.285227
0.559867
0.0852212
0.0849742
0.0847754
0.0846099
0.0844675
0.0843418
0.0842287
0.0841262
0.084033
0.0839485
0.0838721
0.0838034
0.0837421
0.0836879
0.0836405
0.0836004
0.0835681
0.0835455
0.0835356
0.083544
0.0835795
0.083656
0.0837945
0.0840261
0.0843948
0.0849624
0.0858127
0.0870582
0.0888477
0.0913777
0.0949091
0.0997944
0.10652
0.115782
0.12861
0.146623
0.172608
0.212397
0.285229
0.559395
0.085154
0.0849129
0.0847181
0.0845558
0.0844163
0.0842934
0.0841833
0.0840839
0.0839939
0.0839124
0.083839
0.0837732
0.0837145
0.0836627
0.0836177
0.0835796
0.0835492
0.0835284
0.0835202
0.0835302
0.0835672
0.0836454
0.0837856
0.0840191
0.0843901
0.0849603
0.0858139
0.0870632
0.0888571
0.0913923
0.0949299
0.0998221
0.106556
0.115826
0.128663
0.146685
0.172675
0.212457
0.285226
0.558896
0.0850836
0.0848499
0.0846602
0.0845018
0.0843657
0.084246
0.0841391
0.0840429
0.083956
0.0838777
0.0838073
0.0837443
0.0836883
0.0836389
0.0835961
0.08356
0.0835315
0.0835124
0.0835058
0.0835173
0.0835559
0.0836356
0.0837777
0.0840131
0.0843863
0.0849591
0.0858158
0.0870688
0.0888672
0.0914076
0.0949512
0.0998502
0.106592
0.11587
0.128717
0.146748
0.172743
0.212518
0.285221
0.558368
0.0850102
0.0847853
0.0846017
0.0844479
0.0843156
0.0841995
0.084096
0.0840032
0.0839196
0.0838444
0.083777
0.0837168
0.0836633
0.0836163
0.0835757
0.0835416
0.0835149
0.0834975
0.0834925
0.0835055
0.0835456
0.0836269
0.0837706
0.0840079
0.0843833
0.0849587
0.0858185
0.0870753
0.0888781
0.0914237
0.0949732
0.0998791
0.106628
0.115916
0.128772
0.146813
0.172817
0.21259
0.285256
0.557962
0.0849342
0.0847192
0.0845426
0.084394
0.0842661
0.0841539
0.0840541
0.0839647
0.0838845
0.0838125
0.083748
0.0836906
0.0836397
0.083595
0.0835565
0.0835243
0.0834994
0.0834836
0.0834802
0.0834947
0.0835363
0.0836191
0.0837644
0.0840036
0.0843812
0.0849593
0.0858222
0.0870827
0.0888899
0.0914407
0.0949963
0.0999093
0.106667
0.115963
0.128829
0.146879
0.172891
0.212665
0.285298
0.557597
0.0848563
0.0846522
0.0844833
0.0843406
0.0842174
0.0841093
0.0840133
0.0839276
0.0838507
0.0837819
0.0837204
0.0836657
0.0836173
0.0835749
0.0835385
0.0835082
0.083485
0.0834708
0.0834688
0.0834848
0.0835278
0.0836121
0.0837592
0.0840002
0.08438
0.0849607
0.0858267
0.0870909
0.0889026
0.0914586
0.0950202
0.09994
0.106705
0.11601
0.128885
0.146945
0.172965
0.212739
0.285337
0.557227
0.0847771
0.0845847
0.0844241
0.0842876
0.0841695
0.0840658
0.0839738
0.0838918
0.0838183
0.0837527
0.0836942
0.0836422
0.0835962
0.0835561
0.0835216
0.0834931
0.0834716
0.0834589
0.0834584
0.0834757
0.0835202
0.083606
0.0837546
0.0839975
0.0843795
0.0849628
0.0858319
0.0870998
0.0889158
0.0914768
0.0950443
0.0999708
0.106743
0.116057
0.128941
0.147009
0.173035
0.212809
0.28537
0.556839
0.0846976
0.0845173
0.0843654
0.0842355
0.0841227
0.0840236
0.0839357
0.0838573
0.0837874
0.0837249
0.0836693
0.0836199
0.0835764
0.0835383
0.0835058
0.0834791
0.0834592
0.083448
0.0834488
0.0834675
0.0835133
0.0836005
0.0837507
0.0839954
0.0843795
0.0849653
0.0858374
0.0871089
0.0889291
0.0914951
0.0950682
0.100001
0.106781
0.116102
0.128994
0.14707
0.173102
0.212873
0.285393
0.556433
0.0846186
0.0844505
0.0843076
0.0841845
0.0840772
0.0839828
0.083899
0.0838244
0.0837578
0.0836985
0.0836457
0.0835989
0.0835577
0.0835218
0.0834911
0.0834661
0.0834477
0.0834379
0.0834401
0.0834601
0.0835072
0.0835957
0.0837474
0.0839939
0.08438
0.0849682
0.0858432
0.0871181
0.0889424
0.091513
0.0950914
0.10003
0.106817
0.116145
0.129044
0.147127
0.173164
0.21293
0.285407
0.556011
0.0845409
0.084385
0.084251
0.0841348
0.0840331
0.0839434
0.0838638
0.0837929
0.0837298
0.0836735
0.0836235
0.0835792
0.0835402
0.0835063
0.0834775
0.0834541
0.0834372
0.0834287
0.0834321
0.0834533
0.0835017
0.0835915
0.0837447
0.0839927
0.0843808
0.0849713
0.085849
0.0871272
0.0889552
0.0915302
0.0951136
0.100058
0.10685
0.116185
0.129091
0.14718
0.17322
0.21298
0.285411
0.555576
0.0844652
0.0843212
0.0841961
0.0840867
0.0839906
0.0839056
0.0838302
0.083763
0.0837032
0.0836499
0.0836026
0.0835607
0.0835239
0.0834919
0.0834648
0.083443
0.0834275
0.0834202
0.0834249
0.0834473
0.0834967
0.0835878
0.0837423
0.0839919
0.0843818
0.0849744
0.0858547
0.0871359
0.0889675
0.0915465
0.0951345
0.100084
0.106882
0.116222
0.129133
0.147228
0.173269
0.213023
0.285406
0.555132
0.0843923
0.0842596
0.0841431
0.0840405
0.0839499
0.0838696
0.0837982
0.0837346
0.083678
0.0836277
0.083583
0.0835434
0.0835087
0.0834786
0.0834531
0.0834327
0.0834185
0.0834125
0.0834183
0.0834417
0.0834923
0.0835845
0.0837403
0.0839913
0.0843828
0.0849775
0.0858602
0.0871441
0.088979
0.0915617
0.0951538
0.100108
0.10691
0.116255
0.129172
0.14727
0.173313
0.213058
0.285392
0.554681
0.0843226
0.0842007
0.0840924
0.0839964
0.0839111
0.0838354
0.0837679
0.0837079
0.0836544
0.0836068
0.0835646
0.0835273
0.0834946
0.0834662
0.0834423
0.0834233
0.0834104
0.0834055
0.0834123
0.0834368
0.0834884
0.0835816
0.0837385
0.0839909
0.084384
0.0849804
0.0858653
0.0871518
0.0889896
0.0915756
0.0951714
0.100129
0.106936
0.116285
0.129206
0.147307
0.173349
0.213084
0.285368
0.554226
0.0842564
0.0841446
0.0840442
0.0839544
0.0838743
0.083803
0.0837393
0.0836827
0.0836322
0.0835873
0.0835475
0.0835123
0.0834814
0.0834547
0.0834323
0.0834146
0.0834029
0.0833991
0.0834069
0.0834323
0.0834848
0.0835791
0.083737
0.0839906
0.084385
0.0849832
0.0858699
0.0871587
0.0889991
0.0915881
0.0951871
0.100148
0.106959
0.116311
0.129235
0.147338
0.173379
0.213103
0.285336
0.553771
0.0841942
0.0840917
0.0839986
0.0839148
0.0838396
0.0837725
0.0837125
0.0836591
0.0836115
0.0835691
0.0835316
0.0834984
0.0834693
0.0834442
0.0834231
0.0834067
0.083396
0.0833932
0.0834019
0.0834282
0.0834816
0.0835767
0.0837356
0.0839903
0.084386
0.0849856
0.0858741
0.0871648
0.0890075
0.091599
0.0952007
0.100165
0.106978
0.116334
0.129259
0.147362
0.173401
0.213114
0.285295
0.553318
0.084136
0.084042
0.0839558
0.0838775
0.083807
0.0837439
0.0836874
0.083637
0.0835921
0.0835522
0.0835168
0.0834855
0.0834581
0.0834344
0.0834147
0.0833994
0.0833898
0.0833879
0.0833974
0.0834245
0.0834787
0.0835746
0.0837344
0.08399
0.0843868
0.0849876
0.0858776
0.08717
0.0890146
0.0916082
0.0952122
0.100179
0.106994
0.116351
0.129278
0.147381
0.173417
0.213117
0.285247
0.55287
0.0840819
0.0839957
0.0839157
0.0838427
0.0837766
0.0837172
0.083664
0.0836165
0.0835742
0.0835366
0.0835031
0.0834736
0.0834477
0.0834255
0.0834069
0.0833927
0.083384
0.083383
0.0833933
0.0834211
0.083476
0.0835726
0.0837331
0.0839896
0.0843873
0.0849892
0.0858804
0.0871743
0.0890204
0.0916158
0.0952215
0.10019
0.107007
0.116365
0.129292
0.147394
0.173425
0.213112
0.285191
0.552431
0.0840319
0.0839527
0.0838785
0.0838103
0.0837483
0.0836924
0.0836423
0.0835975
0.0835576
0.0835221
0.0834905
0.0834626
0.0834382
0.0834172
0.0833998
0.0833866
0.0833788
0.0833785
0.0833896
0.083418
0.0834735
0.0835708
0.0837319
0.083989
0.0843875
0.0849903
0.0858825
0.0871775
0.0890249
0.0916215
0.0952285
0.100198
0.107016
0.116374
0.129301
0.147401
0.173427
0.213099
0.285129
0.552004
0.0839859
0.083913
0.0838441
0.0837803
0.083722
0.0836694
0.0836222
0.08358
0.0835423
0.0835087
0.0834789
0.0834526
0.0834295
0.0834097
0.0833933
0.083381
0.083374
0.0833744
0.0833861
0.0834152
0.0834712
0.083569
0.0837307
0.0839884
0.0843875
0.084991
0.0858839
0.0871797
0.089028
0.0916254
0.0952332
0.100203
0.107021
0.11638
0.129305
0.147402
0.173421
0.213079
0.28506
0.551591
0.0839438
0.0838765
0.0838123
0.0837526
0.0836979
0.0836483
0.0836037
0.0835638
0.0835282
0.0834964
0.0834682
0.0834433
0.0834215
0.0834027
0.0833873
0.0833759
0.0833696
0.0833707
0.083383
0.0834125
0.083469
0.0835673
0.0837294
0.0839875
0.0843871
0.084991
0.0858845
0.0871809
0.0890296
0.0916275
0.0952356
0.100206
0.107023
0.11638
0.129303
0.147397
0.173409
0.213052
0.284986
0.551194
0.0839055
0.0838432
0.0837833
0.0837272
0.0836757
0.0836289
0.0835868
0.083549
0.0835153
0.0834852
0.0834585
0.0834348
0.0834141
0.0833964
0.0833819
0.0833712
0.0833655
0.0833672
0.08338
0.08341
0.0834669
0.0835655
0.083728
0.0839864
0.0843863
0.0849905
0.0858843
0.0871809
0.0890298
0.0916278
0.0952357
0.100205
0.107022
0.116377
0.129297
0.147386
0.173391
0.213018
0.284907
0.550818
0.0838709
0.0838129
0.0837568
0.0837041
0.0836554
0.0836112
0.0835713
0.0835355
0.0835035
0.0834749
0.0834495
0.0834271
0.0834074
0.0833906
0.0833769
0.0833669
0.0833619
0.0833641
0.0833773
0.0834077
0.0834649
0.0835638
0.0837265
0.0839851
0.0843851
0.0849895
0.0858833
0.0871799
0.0890287
0.0916263
0.0952335
0.100202
0.107017
0.11637
0.129286
0.14737
0.173366
0.212978
0.284824
0.550463
0.0838396
0.0837855
0.0837328
0.0836831
0.083637
0.0835951
0.0835572
0.0835232
0.0834927
0.0834656
0.0834414
0.0834201
0.0834014
0.0833854
0.0833723
0.083363
0.0833585
0.0833612
0.0833748
0.0834055
0.083463
0.0835621
0.0837249
0.0839836
0.0843836
0.0849879
0.0858815
0.0871778
0.0890261
0.091623
0.0952292
0.100196
0.107009
0.116358
0.129271
0.147348
0.173335
0.212932
0.284737
0.550133
0.0838116
0.0837608
0.0837111
0.083664
0.0836203
0.0835805
0.0835444
0.083512
0.083483
0.0834571
0.0834341
0.0834137
0.0833958
0.0833806
0.0833682
0.0833594
0.0833554
0.0833585
0.0833724
0.0834034
0.0834611
0.0835603
0.0837231
0.0839818
0.0843817
0.0849858
0.085879
0.0871747
0.0890222
0.091618
0.0952227
0.100187
0.106997
0.116343
0.12925
0.147321
0.173299
0.21288
0.284648
0.54983
0.0837867
0.0837388
0.0836917
0.0836469
0.0836053
0.0835672
0.0835328
0.0835018
0.0834741
0.0834494
0.0834273
0.0834078
0.0833908
0.0833762
0.0833644
0.0833561
0.0833525
0.083356
0.0833702
0.0834014
0.0834592
0.0835585
0.0837213
0.0839798
0.0843795
0.0849831
0.0858758
0.0871707
0.0890171
0.0916114
0.0952142
0.100176
0.106983
0.116325
0.129226
0.14729
0.173258
0.212824
0.284557
0.549556
0.0837646
0.083719
0.0836741
0.0836313
0.0835915
0.0835551
0.0835222
0.0834926
0.083466
0.0834423
0.0834212
0.0834025
0.0833861
0.0833722
0.0833609
0.0833531
0.0833499
0.0833536
0.0833681
0.0833995
0.0834574
0.0835566
0.0837193
0.0839776
0.0843769
0.0849799
0.0858718
0.0871657
0.0890107
0.0916033
0.0952038
0.100163
0.106966
0.116303
0.129198
0.147254
0.173212
0.212764
0.284465
0.549311
0.0837449
0.0837011
0.083658
0.083617
0.0835788
0.0835439
0.0835123
0.0834839
0.0834584
0.0834357
0.0834154
0.0833974
0.0833817
0.0833684
0.0833576
0.0833502
0.0833474
0.0833514
0.0833661
0.0833976
0.0834555
0.0835547
0.0837173
0.0839752
0.084374
0.0849763
0.0858673
0.0871599
0.0890033
0.0915938
0.0951917
0.100148
0.106946
0.116278
0.129167
0.147214
0.173163
0.2127
0.284373
0.549096
0.0837269
0.0836845
0.0836429
0.0836034
0.0835667
0.0835331
0.0835027
0.0834755
0.083451
0.0834292
0.0834097
0.0833925
0.0833774
0.0833646
0.0833544
0.0833473
0.0833449
0.0833492
0.0833641
0.0833957
0.0834536
0.0835527
0.083715
0.0839726
0.0843707
0.0849723
0.0858621
0.0871533
0.0889949
0.0915831
0.0951781
0.10013
0.106925
0.116251
0.129133
0.147172
0.17311
0.212634
0.284282
0.548911
0.0837097
0.083668
0.0836276
0.0835894
0.0835541
0.0835219
0.0834928
0.0834667
0.0834433
0.0834224
0.0834038
0.0833873
0.0833729
0.0833607
0.0833509
0.0833443
0.0833422
0.0833468
0.0833619
0.0833936
0.0834515
0.0835505
0.0837126
0.0839697
0.0843672
0.0849678
0.0858564
0.087146
0.0889856
0.0915713
0.0951631
0.100112
0.106901
0.116222
0.129096
0.147127
0.173055
0.212566
0.284193
0.548754
0.0836916
0.0836503
0.0836108
0.083574
0.08354
0.0835093
0.0834815
0.0834566
0.0834344
0.0834146
0.0833969
0.0833813
0.0833676
0.083356
0.0833469
0.0833408
0.083339
0.083344
0.0833593
0.0833912
0.0834492
0.0835481
0.0837098
0.0839665
0.0843633
0.084963
0.0858503
0.0871382
0.0889756
0.0915586
0.0951472
0.100092
0.106876
0.116191
0.129059
0.147081
0.172999
0.212499
0.284108
0.548619
0.0836705
0.0836292
0.0835907
0.0835552
0.0835229
0.0834938
0.0834677
0.0834444
0.0834235
0.0834049
0.0833884
0.0833738
0.083361
0.0833503
0.0833418
0.0833363
0.0833351
0.0833404
0.0833561
0.0833882
0.0834463
0.0835451
0.0837067
0.0839629
0.0843591
0.0849577
0.0858437
0.0871299
0.0889651
0.0915454
0.0951307
0.100071
0.106851
0.116159
0.129021
0.147035
0.172944
0.212434
0.284028
0.548497
0.083644
0.0836026
0.0835652
0.0835316
0.0835014
0.0834744
0.0834503
0.0834288
0.0834097
0.0833927
0.0833776
0.0833642
0.0833526
0.0833428
0.0833352
0.0833305
0.0833299
0.0833358
0.083352
0.0833844
0.0834427
0.0835416
0.083703
0.0839589
0.0843544
0.0849522
0.0858369
0.0871214
0.0889545
0.0915321
0.0951141
0.100051
0.106826
0.116129
0.128984
0.146991
0.172893
0.212375
0.283956
0.548369
0.0836107
0.0835696
0.083534
0.0835027
0.083475
0.0834506
0.083429
0.0834098
0.0833928
0.0833776
0.0833642
0.0833524
0.0833421
0.0833335
0.083327
0.0833232
0.0833235
0.0833301
0.0833468
0.0833797
0.0834384
0.0835374
0.0836988
0.0839545
0.0843495
0.0849465
0.0858301
0.087113
0.0889442
0.0915194
0.0950985
0.100031
0.106802
0.116101
0.12895
0.146953
0.17285
0.212328
0.283899
0.548202
0.0835734
0.0835332
0.0834998
0.0834712
0.0834465
0.0834249
0.0834059
0.0833892
0.0833743
0.0833612
0.0833496
0.0833394
0.0833306
0.0833233
0.0833179
0.0833152
0.0833164
0.0833238
0.0833412
0.0833746
0.0834336
0.083533
0.0836945
0.08395
0.0843448
0.0849412
0.0858239
0.0871056
0.0889352
0.0915085
0.0950851
0.100015
0.106782
0.116077
0.128923
0.146921
0.172816
0.212295
0.283865
0.547952
0.0835426
0.0835038
0.0834724
0.0834462
0.0834238
0.0834044
0.0833875
0.0833727
0.0833596
0.0833481
0.0833379
0.0833289
0.0833212
0.083315
0.0833105
0.0833086
0.0833105
0.0833186
0.0833365
0.0833704
0.0834298
0.0835294
0.0836911
0.0839467
0.0843413
0.0849374
0.0858196
0.0871007
0.0889293
0.0915013
0.0950763
0.100004
0.106769
0.116061
0.128902
0.146896
0.172785
0.212256
0.283808
0.547677
)
;

boundaryField
{
    leftWall
    {
        type            epsilonWallFunction;
        value           nonuniform List<scalar> 
86
(
0.16712
0.251957
0.325815
0.377203
0.413992
0.441438
0.462752
0.47991
0.494164
0.506334
0.516991
0.526618
0.535419
0.543584
0.55125
0.558514
0.565449
0.572104
0.578517
0.58471
0.590701
0.596498
0.602106
0.607528
0.612765
0.61782
0.622695
0.627389
0.631903
0.636236
0.640387
0.644354
0.648139
0.651741
0.655159
0.658389
0.661425
0.664261
0.666901
0.669391
0.671874
0.674706
0.678756
0.685816
0.695775
0.707852
0.727132
0.782536
0.836632
0.859214
0.858356
0.852909
0.860243
0.874135
0.878046
0.869777
0.855411
0.838445
0.821164
0.804528
0.788764
0.773854
0.759754
0.746414
0.733767
0.721756
0.710311
0.699334
0.688762
0.678665
0.669225
0.660575
0.652697
0.645482
0.638863
0.632866
0.627542
0.622936
0.619285
0.617595
0.620867
0.637842
0.695174
0.866892
1.3692
3.19964
)
;
    }
    rightWall
    {
        type            epsilonWallFunction;
        value           nonuniform List<scalar> 
86
(
0.124732
0.248007
0.328193
0.389356
0.434606
0.467776
0.491974
0.509554
0.52228
0.531469
0.53816
0.543031
0.546582
0.549192
0.551142
0.552634
0.553815
0.554785
0.555613
0.556345
0.557011
0.557628
0.558208
0.558756
0.559274
0.559764
0.560223
0.56065
0.561045
0.561406
0.56173
0.562017
0.562266
0.562475
0.562644
0.562772
0.562859
0.562905
0.56291
0.562876
0.562803
0.562692
0.562541
0.56234
0.562088
0.561797
0.561472
0.561116
0.560729
0.560312
0.559867
0.559395
0.558896
0.558368
0.557962
0.557597
0.557227
0.556839
0.556433
0.556011
0.555576
0.555132
0.554681
0.554226
0.553771
0.553318
0.55287
0.552431
0.552004
0.551591
0.551194
0.550818
0.550463
0.550133
0.54983
0.549556
0.549311
0.549096
0.548911
0.548754
0.548619
0.548497
0.548369
0.548202
0.547952
0.547677
)
;
    }
    lowerWall
    {
        type            epsilonWallFunction;
        value           nonuniform List<scalar> 
110
(
0.16712
0.327197
0.478288
0.594233
0.680813
0.745804
0.79543
0.83452
0.866786
0.895059
0.921518
0.947892
0.975627
1.00604
1.04046
1.08031
1.12723
1.18305
1.24967
1.3287
1.4206
1.52345
1.63152
1.73388
1.81466
1.85617
1.8448
1.77615
1.66559
1.5583
1.4628
1.38962
1.34569
1.33728
1.32617
1.2555
1.14927
1.04487
0.945578
0.850021
0.754647
0.661888
0.571052
0.472502
0.372678
0.0786454
0.0786454
0.343226
0.506641
0.649476
0.775674
0.894985
1.02048
1.17326
1.39208
1.7345
2.45666
1.66444
1.46548
1.5433
0.0737735
0.246678
0.322441
0.375407
0.416103
0.452601
0.495268
0.572184
0.763256
1.16096
0.0737735
0.0846599
0.459029
0.550875
0.609072
0.642884
0.660116
0.666668
0.666773
0.663308
0.658097
0.652686
0.649084
0.645692
0.64237
0.639154
0.636054
0.633051
0.630122
0.627249
0.624429
0.621664
0.618958
0.616309
0.6137
0.6111
0.608445
0.605635
0.602505
0.598792
0.594079
0.587709
0.578656
0.565342
0.545358
0.515046
0.468816
0.398352
0.365817
0.124732
)
;
    }
    atmosphere
    {
        type            inletOutlet;
        inletValue      uniform 0.1;
        value           nonuniform List<scalar> 
90
(
0.1
0.1
0.1
0.1
0.1
0.1
0.1
0.1
0.1
0.1
0.1
0.1
0.1
0.1
0.1
0.1
0.1
0.1
0.1
0.1
0.1
0.1
0.1
0.1
0.1
0.1
0.1
0.1
0.1
0.1
0.1
0.1
0.1
0.1
0.1
0.1
0.1
0.1
0.1
0.0903107
0.0879379
0.0864169
0.0854242
0.0847697
0.0843362
0.0840485
0.0838622
0.0837383
0.0836524
0.0835909
0.0835426
0.0835038
0.0834724
0.0834462
0.0834238
0.0834044
0.0833875
0.0833727
0.0833596
0.0833481
0.0833379
0.0833289
0.0833212
0.083315
0.0833105
0.0833086
0.0833105
0.0833186
0.0833365
0.0833704
0.0834298
0.0835294
0.0836911
0.0839467
0.0843413
0.0849374
0.0858196
0.0871007
0.0889293
0.0915013
0.0950763
0.100004
0.106769
0.116061
0.128902
0.146896
0.172785
0.212256
0.283808
0.547677
)
;
    }
    defaultFaces
    {
        type            empty;
    }
}


// ************************************************************************* //
