/*--------------------------------*- C++ -*----------------------------------*\
  =========                 |
  \\      /  F ield         | OpenFOAM: The Open Source CFD Toolbox
   \\    /   O peration     | Website:  https://openfoam.org
    \\  /    A nd           | Version:  9
     \\/     M anipulation  |
\*---------------------------------------------------------------------------*/
FoamFile
{
    format      ascii;
    class       volScalarField;
    location    "0.1";
    object      p_rgh;
}
// * * * * * * * * * * * * * * * * * * * * * * * * * * * * * * * * * * * * * //

dimensions      [1 -1 -2 0 0 0 0];

internalField   nonuniform List<scalar> 
7700
(
1559.29
1562.07
1563.02
1561.58
1556.89
1548.65
1536.88
1521.7
1503.24
1481.6
1456.83
1428.97
1397.98
1363.78
1326.24
1285.14
1240.17
1190.94
1136.91
1077.44
1011.77
939.069
858.61
770.029
673.822
572.066
469.003
371.583
289.225
219.991
162.809
116.139
82.6392
62.4896
42.7686
12.8032
5.21149
3.27043
2.67042
2.48771
2.42117
2.38727
2.36612
2.35316
2.34507
2.34545
1557.85
1560
1559.62
1556.7
1550.97
1542.09
1529.95
1514.57
1495.99
1474.26
1449.39
1421.37
1390.18
1355.7
1317.78
1276.19
1230.59
1180.56
1125.55
1064.88
997.788
923.487
841.336
751.149
653.728
551.571
449.401
353.64
269.451
204.117
153.173
109.933
62.9296
20.5929
7.8113
6.14576
3.86502
2.6933
2.46007
2.42714
2.40508
2.38246
2.36399
2.3521
2.34498
2.34538
1556.79
1558.92
1557.52
1553.11
1546.07
1536.23
1523.4
1507.54
1488.61
1466.57
1441.42
1413.1
1381.53
1346.6
1308.13
1265.84
1219.39
1168.32
1112.07
1049.98
981.295
905.336
821.626
730.239
632.342
530.856
430.668
337.654
256.784
192.073
138.315
76.386
20.4465
4.15884
2.67129
2.53135
2.63141
2.66302
2.46832
2.35589
2.35116
2.34284
2.33294
2.3266
2.32462
2.32936
1555.85
1558.38
1556.73
1551.49
1543.5
1532.78
1519.23
1502.77
1483.34
1460.88
1435.33
1406.61
1374.61
1339.19
1300.15
1257.2
1209.99
1158.04
1100.8
1037.64
967.867
890.893
806.371
714.541
616.742
515.921
416.258
322.11
239.436
162.922
74.0198
15.0945
4.53596
3.1593
2.39058
2.14115
2.08002
2.11158
2.22461
2.28081
2.28236
2.28333
2.28225
2.28218
2.28699
2.29902
1555.2
1558.03
1556.48
1550.96
1542.46
1531.17
1517.06
1500.1
1480.22
1457.34
1431.4
1402.28
1369.89
1334.04
1294.53
1251.07
1203.3
1150.75
1092.91
1029.16
958.891
881.578
796.96
705.336
608.05
507.647
406.508
308.726
203.146
76.0316
10.2526
3.75693
2.98748
2.4803
2.24033
2.1117
2.05904
2.07144
2.12665
2.1841
2.21201
2.21992
2.22352
2.22731
2.23713
2.25471
1554.98
1557.96
1556.59
1551.09
1542.41
1530.83
1516.38
1499.07
1478.85
1455.64
1429.38
1399.95
1367.23
1331.05
1291.2
1247.38
1199.26
1146.39
1088.27
1024.34
954.063
876.969
792.861
702.075
605.91
506.025
402.38
284.022
111.354
10.7373
3.75646
2.78062
2.35408
2.2139
2.15235
2.10011
2.06796
2.07066
2.09897
2.13102
2.15004
2.15773
2.16118
2.16512
2.17654
2.1964
1555.37
1558.37
1557.2
1551.87
1543.23
1531.58
1516.99
1499.5
1479.07
1455.66
1429.17
1399.52
1366.58
1330.19
1290.12
1246.12
1197.85
1144.9
1086.81
1023.07
953.199
876.823
793.81
704.571
610.369
511.409
406.296
213.831
28.8561
4.67848
2.89188
2.35699
2.18501
2.13296
2.11101
2.08443
2.06365
2.06015
2.07124
2.08561
2.09412
2.09648
2.09594
2.09608
2.10503
2.12246
1556.49
1559.44
1558.46
1553.4
1544.94
1533.39
1518.83
1501.31
1480.82
1457.31
1430.73
1400.98
1367.94
1331.45
1291.33
1247.31
1199.09
1146.29
1088.49
1025.27
956.202
881.001
799.641
712.684
621.388
523.842
390.702
120.737
7.892
3.6112
2.52701
2.2264
2.13611
2.10616
2.08727
2.06592
2.04736
2.03833
2.03809
2.04035
2.03966
2.03499
2.02756
2.01967
2.02102
2.02685
1558.47
1561.33
1560.54
1555.78
1547.59
1536.26
1521.86
1504.45
1484.03
1460.56
1434
1404.27
1371.25
1334.81
1294.77
1250.9
1202.92
1150.5
1093.26
1030.84
962.916
889.287
810.051
725.992
638.28
542.458
345.373
52.7664
5.81018
2.98689
2.35319
2.17879
2.11799
2.08903
2.06705
2.04451
2.02431
2.01009
2.00137
1.99434
1.98533
1.9727
1.95592
1.935
1.92157
1.89191
1561.39
1564.15
1563.54
1559.09
1551.23
1540.19
1526.06
1508.87
1488.63
1465.32
1438.91
1409.31
1376.45
1340.19
1300.38
1256.83
1209.27
1157.42
1100.96
1039.6
973.1
901.348
824.58
743.773
659.662
565.432
273.646
19.6567
4.44537
2.65862
2.26867
2.15308
2.10141
2.07034
2.04454
2.01947
1.9966
1.97772
1.96227
1.94767
1.93104
1.90999
1.88201
1.84337
1.80504
1.68581
0.933411
0.936479
0.937786
0.937296
0.934347
0.929038
0.921831
0.913227
0.903657
0.893468
0.88293
0.872264
0.861561
0.850964
0.840563
0.830426
0.820596
0.811101
0.801963
0.793195
0.784815
0.776836
0.769278
0.762158
0.755492
0.749295
0.743581
0.73836
0.733644
0.729443
0.725767
0.722626
0.720031
0.71799
0.716506
0.715571
0.715156
0.715092
0.715379
0.716086
0.93211
0.934805
0.935692
0.934775
0.931792
0.926758
0.919976
0.911835
0.9027
0.892886
0.88265
0.872182
0.861684
0.851245
0.840969
0.830928
0.821171
0.811735
0.802641
0.793909
0.785555
0.777597
0.770053
0.762942
0.756283
0.750091
0.74438
0.739164
0.734453
0.730258
0.72659
0.723457
0.720869
0.718827
0.717326
0.716342
0.715829
0.715687
0.715842
0.716299
0.930699
0.93386
0.934645
0.93332
0.930128
0.925156
0.918614
0.910795
0.901995
0.892487
0.88251
0.87226
0.861916
0.8516
0.841418
0.831449
0.821749
0.812356
0.803295
0.794587
0.78625
0.778302
0.770764
0.763656
0.756997
0.750804
0.745093
0.739876
0.735165
0.730972
0.727303
0.724167
0.721566
0.719495
0.71794
0.716866
0.716214
0.715908
0.715957
0.716462
0.92863
0.933296
0.934786
0.933523
0.930163
0.925041
0.918439
0.910641
0.901914
0.8925
0.882616
0.872449
0.862162
0.85189
0.841739
0.831793
0.82211
0.81273
0.803678
0.794975
0.786638
0.778688
0.771144
0.764027
0.757359
0.751157
0.745437
0.740211
0.735492
0.731288
0.727605
0.724447
0.721814
0.719695
0.718071
0.716907
0.716152
0.715779
0.715908
0.716539
0.925616
0.932834
0.935756
0.935047
0.931654
0.926271
0.919378
0.911346
0.902453
0.89293
0.882973
0.872753
0.86242
0.852106
0.841918
0.831941
0.822234
0.812835
0.80377
0.795056
0.786709
0.778746
0.771187
0.764055
0.75737
0.751152
0.745414
0.740172
0.735435
0.73121
0.727503
0.724313
0.721639
0.719469
0.717784
0.716555
0.715752
0.715394
0.715662
0.716433
0.921273
0.932615
0.937752
0.937905
0.934501
0.92871
0.921308
0.91281
0.903541
0.893728
0.88355
0.873155
0.862679
0.852244
0.841956
0.831898
0.822129
0.812687
0.803591
0.794855
0.786489
0.778508
0.77093
0.763777
0.757071
0.750829
0.745068
0.739802
0.73504
0.730789
0.727051
0.723826
0.721112
0.718897
0.717167
0.715904
0.715095
0.714792
0.715198
0.716084
0.915776
0.933683
0.941777
0.942547
0.938874
0.932398
0.924198
0.914982
0.905125
0.894848
0.884306
0.873622
0.862909
0.852279
0.841831
0.831648
0.821786
0.812278
0.803138
0.79437
0.78598
0.777977
0.770377
0.7632
0.756467
0.750199
0.744411
0.739116
0.734325
0.730043
0.726272
0.723014
0.720265
0.718017
0.71626
0.714987
0.7142
0.71397
0.714492
0.715461
0.908904
0.937955
0.949795
0.949715
0.945028
0.93742
0.928041
0.917811
0.907142
0.896228
0.885186
0.874103
0.863067
0.852173
0.841515
0.831169
0.821187
0.811594
0.802397
0.793591
0.785173
0.777146
0.769522
0.762319
0.755559
0.749261
0.743443
0.738117
0.733294
0.72898
0.725179
0.721891
0.719115
0.716845
0.715078
0.713815
0.713068
0.712913
0.713527
0.714547
0.888452
0.94656
0.964876
0.960592
0.95324
0.943806
0.932781
0.921208
0.9095
0.897783
0.886115
0.874535
0.8631
0.851886
0.840974
0.830433
0.820309
0.810618
0.801355
0.792506
0.784057
0.776006
0.768358
0.761131
0.754343
0.748016
0.742165
0.736807
0.731953
0.727609
0.72378
0.720468
0.717673
0.715394
0.713633
0.712394
0.711695
0.711612
0.712293
0.713338
0.847616
0.960075
0.988338
0.976152
0.963681
0.951414
0.938241
0.925013
0.912061
0.899399
0.886998
0.874843
0.862951
0.851372
0.840174
0.829415
0.819134
0.809335
0.800001
0.791106
0.782627
0.774553
0.766884
0.759634
0.75282
0.746464
0.740583
0.735194
0.73031
0.725939
0.722087
0.718757
0.715953
0.713675
0.71193
0.710725
0.710078
0.710059
0.710786
0.711838
1565.35
1568.01
1567.56
1563.42
1555.92
1545.24
1531.44
1514.56
1494.6
1471.56
1445.39
1416.06
1383.47
1347.52
1308.09
1265
1218.04
1166.95
1111.48
1051.4
986.54
916.895
842.823
765.42
684.331
575.898
201.359
9.7281
3.6432
2.47589
2.21742
2.12798
2.08002
2.04687
2.01798
1.99041
1.96482
1.94196
1.92115
1.90038
1.87704
1.84796
1.80835
1.74866
1.65682
1.34481
1570.46
1573.02
1572.71
1568.87
1561.73
1551.44
1538.03
1521.53
1501.93
1479.24
1453.44
1424.47
1392.28
1356.77
1317.86
1275.39
1229.17
1179.01
1124.7
1066.08
1003.04
935.658
864.401
790.393
711.643
566.41
141.286
7.36999
3.11259
2.34335
2.16974
2.09715
2.05199
2.01782
1.98693
1.95739
1.92949
1.90345
1.87852
1.85302
1.82455
1.78975
1.7431
1.67343
1.56695
1.38875
1576.76
1579.22
1579.04
1575.48
1568.7
1558.81
1545.83
1529.75
1510.59
1488.34
1462.98
1434.48
1402.8
1367.86
1329.58
1287.86
1242.53
1193.45
1140.45
1083.41
1022.3
957.248
888.817
818.041
741.009
545.48
92.6948
5.69733
2.7399
2.23905
2.12093
2.05981
2.01781
1.98365
1.95171
1.92087
1.89131
1.86298
1.83514
1.80637
1.77467
1.73722
1.68993
1.62663
1.5427
1.45786
1584.28
1586.64
1586.57
1583.28
1576.85
1567.37
1554.84
1539.23
1520.56
1498.82
1473.99
1446.05
1414.97
1380.7
1343.18
1302.33
1258.02
1210.12
1158.54
1103.19
1044.07
981.354
915.689
847.894
772.099
514.949
56.8091
4.54885
2.47611
2.15261
2.06933
2.01701
1.97841
1.94495
1.91275
1.88132
1.85078
1.82101
1.79133
1.76058
1.72718
1.68905
1.64355
1.58767
1.51848
1.44624
1593.05
1595.33
1595.35
1592.3
1586.21
1577.15
1565.07
1549.97
1531.83
1510.65
1486.42
1459.12
1428.74
1395.23
1358.57
1318.69
1275.5
1228.9
1178.82
1125.21
1068.1
1007.7
944.697
879.549
804.584
469.965
31.0595
3.72366
2.28529
2.07783
2.01535
1.97022
1.93484
1.90246
1.87062
1.83919
1.80834
1.77789
1.74725
1.7155
1.68148
1.64363
1.60007
1.54883
1.48738
1.41866
1603.11
1605.3
1605.41
1602.58
1596.82
1588.16
1576.55
1561.97
1544.4
1523.83
1500.25
1473.66
1444.05
1411.4
1375.69
1336.87
1294.88
1249.65
1201.14
1149.31
1094.21
1036.09
975.597
912.709
838.412
414.089
15.9819
3.15866
2.15132
2.01207
1.96054
1.92082
1.8881
1.85697
1.8259
1.79497
1.76433
1.7338
1.7029
1.67095
1.63708
1.60016
1.55879
1.51165
1.45725
1.39662
1614.47
1616.56
1616.74
1614.12
1608.67
1600.41
1589.28
1575.23
1558.25
1538.33
1515.46
1489.64
1460.86
1429.14
1394.45
1356.76
1316.05
1272.26
1225.36
1175.34
1122.25
1066.35
1008.24
947.232
872.815
351.067
8.84851
2.79222
2.05521
1.95187
1.90579
1.86972
1.83899
1.80913
1.7791
1.74901
1.71898
1.68886
1.65827
1.62672
1.5936
1.55807
1.5191
1.47593
1.4277
1.37451
1627.13
1629.14
1629.38
1626.95
1621.81
1613.94
1603.27
1589.77
1573.4
1554.15
1532.02
1507.02
1479.14
1448.4
1414.79
1378.3
1338.92
1296.61
1251.36
1203.16
1152.08
1098.38
1042.59
983.291
886.214
297.369
6.73729
2.53131
1.9737
1.89313
1.8507
1.81715
1.78799
1.75942
1.73059
1.70157
1.67246
1.64314
1.61331
1.58263
1.55069
1.51681
1.48023
1.44062
1.39757
1.35022
1641.12
1643.04
1643.34
1641.08
1636.22
1628.73
1618.54
1605.59
1589.84
1571.29
1549.93
1525.78
1498.84
1469.12
1436.65
1401.41
1363.4
1322.61
1279.03
1232.66
1183.59
1132.08
1078.57
1020.97
896.445
247.633
5.63894
2.31772
1.89764
1.8339
1.79466
1.76305
1.73534
1.70811
1.68059
1.65283
1.6249
1.59669
1.56797
1.53852
1.50804
1.47598
1.44168
1.40527
1.36641
1.32428
1656.44
1658.27
1658.61
1656.52
1651.93
1644.82
1635.09
1622.68
1607.57
1589.73
1569.16
1545.89
1519.92
1491.27
1459.97
1426.01
1389.4
1350.15
1308.26
1263.74
1216.67
1167.34
1116.09
1060.2
899.474
200.676
4.75721
2.1368
1.82497
1.7739
1.7372
1.70742
1.68117
1.65536
1.62927
1.60294
1.57641
1.54957
1.52224
1.49426
1.46544
1.43529
1.4033
1.36956
1.33404
1.29656
1673.09
1674.83
1675.2
1673.26
1668.94
1662.19
1652.91
1641.06
1626.58
1609.46
1589.71
1567.34
1542.36
1514.81
1484.7
1452.05
1416.87
1379.18
1338.98
1296.3
1251.24
1204.08
1155.06
1100.9
894.713
157.904
4.04649
1.98588
1.75495
1.71256
1.67812
1.65023
1.62558
1.60131
1.5768
1.55207
1.52712
1.50186
1.4761
1.44975
1.42269
1.3946
1.36473
1.33324
1.30107
1.26689
1691.06
1692.71
1693.11
1691.32
1687.25
1680.85
1672.03
1660.72
1646.89
1630.5
1611.57
1590.11
1566.15
1539.71
1510.81
1479.49
1445.76
1409.63
1371.14
1330.3
1287.24
1242.25
1195.44
1143.02
880.84
119.577
3.46621
1.8568
1.68564
1.64921
1.61722
1.59151
1.56867
1.54613
1.52337
1.50038
1.47716
1.45361
1.42956
1.40492
1.37965
1.35354
1.32608
1.29684
1.26686
1.23622
1710.37
1711.93
1712.35
1710.7
1706.87
1700.81
1692.44
1681.68
1668.49
1652.84
1634.74
1614.2
1591.27
1565.95
1538.28
1508.3
1476.03
1441.49
1404.7
1365.71
1324.64
1281.8
1237.19
1186.51
857.09
86.4541
2.97914
1.73992
1.61575
1.58314
1.55435
1.53132
1.51062
1.49004
1.46917
1.44804
1.42666
1.40489
1.38262
1.35976
1.33627
1.31206
1.28682
1.26018
1.23249
1.20458
1731.01
1732.48
1732.92
1731.39
1727.8
1722.08
1714.16
1703.94
1691.39
1676.48
1659.21
1639.61
1617.71
1593.53
1567.1
1538.47
1507.66
1474.71
1439.63
1402.48
1363.4
1322.71
1280.26
1231.34
823.444
58.7415
2.54814
1.62705
1.54205
1.51406
1.48962
1.46992
1.4517
1.43328
1.41443
1.39524
1.37572
1.35578
1.33532
1.31426
1.29258
1.27022
1.24705
1.22282
1.1977
1.17198
1752.98
1754.36
1754.81
1753.4
1750.04
1744.66
1737.17
1727.5
1715.59
1701.41
1684.99
1666.33
1645.46
1622.42
1597.24
1569.96
1540.62
1509.26
1475.89
1440.58
1403.48
1364.9
1324.58
1277.4
779.801
36.2604
2.15886
1.51586
1.46458
1.44289
1.42376
1.40783
1.3923
1.37613
1.35935
1.34211
1.32446
1.30636
1.28771
1.26846
1.2486
1.22812
1.20692
1.18491
1.16212
1.13864
1776.27
1777.56
1778.02
1776.73
1773.59
1768.54
1761.49
1752.35
1741.07
1727.64
1712.05
1694.33
1674.5
1652.6
1628.67
1602.75
1574.88
1545.09
1513.43
1479.94
1444.78
1408.29
1370.01
1324.53
723.639
20.0217
1.84124
1.40989
1.38684
1.37202
1.35813
1.34578
1.33285
1.3189
1.30414
1.2888
1.273
1.25671
1.23987
1.22243
1.20441
1.1858
1.16655
1.14661
1.12599
1.10466
1800.87
1802.08
1802.55
1801.37
1798.45
1793.72
1787.09
1778.48
1767.84
1755.14
1740.39
1723.6
1704.81
1684.06
1661.37
1636.8
1610.39
1582.17
1552.18
1520.48
1487.24
1452.77
1416.45
1372.65
658.063
10.3128
1.6244
1.32145
1.31425
1.30425
1.29411
1.28449
1.27376
1.26181
1.24895
1.23545
1.22145
1.20696
1.1919
1.17626
1.16007
1.14332
1.12599
1.10802
1.08942
1.07014
1826.78
1827.9
1828.37
1827.3
1824.59
1820.18
1813.98
1805.89
1795.87
1783.9
1769.98
1754.13
1736.38
1716.76
1695.32
1672.09
1647.12
1620.44
1592.11
1562.17
1530.8
1498.3
1463.82
1421.76
584.529
5.65819
1.49592
1.25514
1.24955
1.24074
1.23229
1.22431
1.21525
1.20502
1.19392
1.18217
1.16994
1.1572
1.14391
1.13005
1.11566
1.10075
1.08529
1.06922
1.05254
1.03522
1853.97
1855
1855.48
1854.51
1852.01
1847.91
1842.12
1834.56
1825.16
1813.91
1800.82
1785.9
1769.18
1750.69
1730.49
1708.6
1685.06
1659.91
1633.2
1604.99
1575.46
1544.87
1512.18
1454.23
519.451
4.26393
1.40235
1.19966
1.19016
1.18042
1.17228
1.16513
1.15732
1.14859
1.1391
1.12906
1.11854
1.10754
1.09598
1.08387
1.07126
1.05816
1.04452
1.03028
1.01545
1.00003
1882.43
1883.38
1883.85
1882.98
1880.69
1876.9
1871.52
1864.46
1855.69
1845.16
1832.89
1818.89
1803.2
1785.84
1766.87
1746.31
1724.19
1700.56
1675.45
1648.95
1621.24
1592.54
1561.61
1472.64
459.392
3.62772
1.30656
1.14327
1.13209
1.12141
1.11319
1.1066
1.09985
1.09247
1.08453
1.07614
1.06732
1.05803
1.04819
1.03781
1.02694
1.0156
1.00373
0.99128
0.97825
0.964664
1912.14
1913.01
1913.48
1912.7
1910.61
1907.12
1902.15
1895.6
1887.44
1877.63
1866.17
1853.1
1838.42
1822.19
1804.43
1785.19
1764.48
1742.35
1718.84
1694.04
1668.12
1641.29
1612.11
1488.53
400.477
3.07115
1.20879
1.08424
1.07353
1.06242
1.0543
1.04831
1.04258
1.03654
1.03013
1.02338
1.01627
1.00869
1.00056
0.991903
0.982758
0.973139
0.962996
0.952277
0.940996
0.929189
1943.08
1943.87
1944.33
1943.65
1941.75
1938.56
1933.99
1927.95
1920.39
1911.29
1900.65
1888.48
1874.82
1859.69
1843.14
1825.19
1805.89
1785.25
1763.33
1740.21
1716.07
1691.06
1663.6
1497.57
343.383
2.58917
1.1155
1.02356
1.0139
1.00275
0.995057
0.989858
0.985255
0.980601
0.975764
0.970696
0.96531
0.95947
0.953083
0.946151
0.938717
0.930789
0.922329
0.913299
0.903718
0.893629
1975.23
1975.93
1976.38
1975.79
1974.08
1971.19
1967.01
1961.47
1954.52
1946.12
1936.28
1925.02
1912.36
1898.32
1882.96
1866.3
1848.38
1829.22
1808.87
1787.41
1765.01
1741.8
1716.03
1498.93
288.698
2.17518
1.02805
0.961496
0.952696
0.941914
0.935021
0.930877
0.927593
0.924469
0.9213
0.917978
0.914367
0.910309
0.905699
0.900521
0.894804
0.888553
0.881744
0.874362
0.866436
0.858008
2008.55
2009.16
2009.61
2009.1
2007.58
2004.98
2001.19
1996.15
1989.79
1982.09
1973.05
1962.68
1951.01
1938.05
1923.87
1908.48
1891.92
1874.22
1855.42
1835.59
1814.92
1793.45
1769.36
1491.85
237.031
1.82236
0.945687
0.897852
0.88952
0.879549
0.873859
0.871103
0.869398
0.868001
0.866643
0.865164
0.863398
0.861177
0.858386
0.854993
0.851005
0.846428
0.841253
0.835486
0.829173
0.822362
2043.02
2043.54
2043.97
2043.55
2042.22
2039.9
2036.5
2031.94
2026.17
2019.16
2010.92
2001.44
1990.74
1978.86
1965.84
1951.71
1936.5
1920.24
1902.96
1884.74
1865.76
1846.03
1823.59
1475.38
189.03
1.52324
0.866879
0.831987
0.823921
0.815303
0.81131
0.81034
0.810531
0.811107
0.811742
0.812235
0.812405
0.812086
0.81116
0.809578
0.807335
0.804435
0.800885
0.796709
0.791973
0.786743
2078.59
2079.02
2079.44
2079.1
2077.96
2075.93
2072.91
2068.83
2063.64
2057.32
2049.85
2041.25
2031.53
2020.72
2008.85
1995.96
1982.09
1967.24
1951.47
1934.84
1917.53
1899.51
1878.72
1448.34
145.272
1.26798
0.789172
0.762852
0.755245
0.748792
0.747142
0.748441
0.7509
0.753732
0.756574
0.759196
0.761415
0.763074
0.764061
0.76432
0.763837
0.76262
0.760689
0.758088
0.7549
0.751215
2115.22
2115.57
2115.98
2115.72
2114.77
2113.02
2110.38
2106.79
2102.17
2096.52
2089.82
2082.09
2073.34
2063.58
2052.87
2041.21
2028.65
2015.21
2000.92
1985.88
1970.23
1953.91
1934.76
1409.86
106.312
1.04108
0.708478
0.688811
0.682751
0.679681
0.681233
0.685381
0.690518
0.695909
0.70118
0.706095
0.710481
0.714201
0.717153
0.719282
0.720575
0.721047
0.720734
0.719695
0.718026
0.715844
2152.89
2153.14
2153.53
2153.37
2152.61
2151.15
2148.89
2145.76
2141.72
2136.73
2130.79
2123.92
2116.12
2107.42
2097.84
2087.4
2076.15
2064.1
2051.3
2037.82
2023.83
2009.2
1991.72
1358.96
72.7879
0.819693
0.6185
0.608027
0.606031
0.607975
0.613744
0.621367
0.629587
0.637812
0.645706
0.653055
0.659712
0.665564
0.670525
0.674549
0.677631
0.679796
0.681095
0.6816
0.681422
0.680696
2191.54
2191.7
2192.09
2192.02
2191.45
2190.28
2188.4
2185.74
2182.25
2177.92
2172.73
2166.71
2159.85
2152.18
2143.72
2134.5
2124.54
2113.88
2102.56
2090.66
2078.31
2065.37
2049.6
1294.33
45.3744
0.584499
0.513467
0.520238
0.525808
0.534385
0.54526
0.556872
0.568482
0.579736
0.590384
0.600261
0.609257
0.617288
0.624289
0.630225
0.635101
0.638955
0.641854
0.643882
0.645156
0.645835
2231.06
2231.17
2231.59
2231.64
2231.28
2230.4
2228.9
2226.7
2223.76
2220.07
2215.62
2210.41
2204.48
2197.82
2190.48
2182.46
2173.8
2164.53
2154.68
2144.33
2133.62
2122.38
2108.38
1215.23
24.5621
0.352533
0.396805
0.428907
0.444861
0.460645
0.476833
0.492583
0.507683
0.522027
0.535476
0.547919
0.559286
0.56952
0.578572
0.586423
0.593087
0.598618
0.603101
0.606626
0.609302
0.611309
2271.25
2271.29
2271.85
2272.13
2272.03
2271.47
2270.35
2268.61
2266.21
2263.15
2259.42
2255.03
2249.99
2244.34
2238.09
2231.27
2223.89
2216
2207.61
2198.81
2189.73
2180.19
2167.98
1121.27
10.3
0.193749
0.290945
0.34312
0.367875
0.389219
0.409772
0.42925
0.447674
0.465031
0.481242
0.49624
0.509978
0.522413
0.533512
0.543264
0.551699
0.558887
0.564938
0.569947
0.573966
0.577135
2312.1
2312.07
2312.75
2313.33
2313.58
2313.39
2312.69
2311.43
2309.57
2307.12
2304.1
2300.52
2296.37
2291.7
2286.53
2280.88
2274.78
2268.24
2261.31
2254.06
2246.61
2238.78
2228.34
1009.85
2.79661
0.146689
0.221826
0.271966
0.298221
0.321648
0.344886
0.367354
0.388785
0.409014
0.427918
0.44543
0.461512
0.476125
0.489243
0.500866
0.511033
0.519837
0.527425
0.533876
0.539113
0.543513
2352.5
2353.13
2354.14
2355.1
2355.74
2355.97
2355.73
2354.97
2353.67
2351.86
2349.54
2346.75
2343.5
2339.8
2335.69
2331.19
2326.32
2321.12
2315.64
2309.93
2304.11
2298.06
2289.5
876.092
0.783685
0.150843
0.180613
0.212108
0.233725
0.256859
0.28172
0.306745
0.33102
0.354076
0.375661
0.395664
0.414047
0.430785
0.445866
0.4593
0.471142
0.481492
0.490519
0.498248
0.504788
0.510681
2388.87
2392.02
2394.47
2396.66
2398.06
2398.86
2399.11
2398.86
2398.13
2396.96
2395.36
2393.35
2390.95
2388.2
2385.12
2381.75
2378.09
2374.19
2370.1
2365.88
2361.73
2357.57
2351.28
723.656
0.555033
0.133718
0.134847
0.150724
0.168493
0.192014
0.218987
0.24689
0.274244
0.300278
0.324616
0.34711
0.367733
0.386507
0.403458
0.418625
0.43208
0.443916
0.454222
0.46331
0.471448
0.478548
2413.22
2424.46
2430.61
2435.61
2438.78
2440.69
2441.76
2442.18
2442.1
2441.61
2440.73
2439.5
2437.95
2436.11
2434.04
2431.75
2429.27
2426.65
2423.92
2421.17
2418.6
2416.67
2413.15
568.85
0.372328
0.0834189
0.0708229
0.0798345
0.0983596
0.12491
0.155662
0.187423
0.218419
0.24774
0.274962
0.299957
0.322757
0.343458
0.362161
0.378967
0.393985
0.407326
0.419066
0.429404
0.438852
0.447496
2021.02
2290.66
2433
2464.22
2473.3
2478.44
2481.39
2483.08
2483.98
2484.36
2484.35
2483.98
2483.33
2482.43
2481.36
2480.15
2478.81
2477.41
2475.96
2474.57
2473.52
2474.16
2474.25
434.544
0.221497
0.0123307
-0.012116
-0.0034273
0.0214798
0.0547482
0.0915041
0.128415
0.16376
0.196701
0.22692
0.25441
0.279323
0.301857
0.322209
0.340556
0.357058
0.371858
0.385055
0.396783
0.407357
0.417097
420.419
825.602
1322.75
1794.48
2122.61
2313.7
2416.05
2466.92
2490.39
2501.77
2506.92
2507.87
2505.83
2501.22
2494.55
2485.99
2473.79
2459.86
2443.16
2425.65
2409.36
2410.18
2445.3
310.066
-0.0175592
-0.0951733
-0.117809
-0.100136
-0.0621795
-0.0177403
0.0273365
0.0706011
0.110866
0.147637
0.180873
0.210791
0.237712
0.261968
0.283858
0.303637
0.32151
0.337645
0.352165
0.365182
0.376881
0.387473
-1.3373
-0.724759
42.0694
211.755
444.023
699.625
931.955
1120.86
1256.78
1333.81
1369.35
1373.71
1354.93
1317.81
1266.77
1201.66
1133.5
1064.35
999.058
939.409
886.923
872.865
1072.33
150.438
-0.51819
-0.269596
-0.245345
-0.206505
-0.148738
-0.0896512
-0.0346389
0.0155704
0.0608559
0.101347
0.137414
0.169554
0.198287
0.224087
0.247361
0.26843
0.287536
0.304855
0.320521
0.334646
0.347359
0.358827
-1.18133
-1.06152
-1.15069
-1.22197
-1.35933
-1.4203
-1.41921
-1.40274
-1.39654
6.24369
11.3439
11.8048
8.80162
3.0702
-1.30354
-1.29216
-1.28178
-1.27272
-1.26583
-1.26813
-1.28019
-1.28027
-1.22802
23.0732
-0.812985
-0.475851
-0.383864
-0.308165
-0.228354
-0.155218
-0.0909026
-0.0344273
0.0152099
0.0588359
0.0972457
0.131209
0.161429
0.188515
0.212961
0.235136
0.255301
0.273635
0.290274
0.305332
0.318919
0.331183
-1.11817
-1.088
-1.11792
-1.14059
-1.16872
-1.18686
-1.1945
-1.19727
-1.20044
-1.20932
-1.21324
-1.20328
-1.18261
-1.16187
-1.15198
-1.14952
-1.14655
-1.14399
-1.14353
-1.14629
-1.15195
-1.15976
-1.16725
-1.08797
-0.878332
-0.639165
-0.496503
-0.385805
-0.290156
-0.207992
-0.137681
-0.0771134
-0.0246247
0.0210561
0.0610159
0.0962139
0.127485
0.155526
0.180876
0.203926
0.224938
0.244092
0.26152
0.277338
0.291649
0.304591
-1.07433
-1.0626
-1.07497
-1.09245
-1.11463
-1.13432
-1.14797
-1.15579
-1.15825
-1.15434
-1.14869
-1.14126
-1.1322
-1.1236
-1.11667
-1.10943
-1.10155
-1.09396
-1.08711
-1.08079
-1.07308
-1.06371
-1.05262
-1.0108
-0.842879
-0.669386
-0.534803
-0.422926
-0.326657
-0.243786
-0.172505
-0.110988
-0.0577093
-0.0113744
0.0291549
0.0648912
0.0967094
0.125323
0.15127
0.174928
0.196549
0.216305
0.234327
0.25073
0.265612
0.279106
-1.03567
-1.03165
-1.03685
-1.04634
-1.06059
-1.07541
-1.08721
-1.09467
-1.09761
-1.09611
-1.09177
-1.08519
-1.0767
-1.06711
-1.05707
-1.04651
-1.03546
-1.02411
-1.01234
-0.999003
-0.981832
-0.957902
-0.923797
-0.867144
-0.758165
-0.637933
-0.529093
-0.430547
-0.342288
-0.264298
-0.195923
-0.136182
-0.0840155
-0.0383706
0.00177306
0.0373619
0.0692202
0.0980115
0.124228
0.148212
0.170191
0.190328
0.208748
0.22556
0.240857
0.254774
-0.994316
-0.996291
-0.999734
-1.0044
-1.01156
-1.01934
-1.02572
-1.02953
-1.03039
-1.02841
-1.02401
-1.01733
-1.00863
-0.998475
-0.987442
-0.975713
-0.963167
-0.949431
-0.934026
-0.916012
-0.893298
-0.863466
-0.823043
-0.766063
-0.686324
-0.596333
-0.507376
-0.422778
-0.344521
-0.273598
-0.210179
-0.153927
-0.104225
-0.0602983
-0.0213112
0.0135477
0.0449904
0.0735861
0.0997542
0.123786
0.145882
0.166185
0.18481
0.201859
0.217422
0.231631
-0.949313
-0.954565
-0.959227
-0.963035
-0.967104
-0.971057
-0.973953
-0.975135
-0.974322
-0.971345
-0.966144
-0.958739
-0.949396
-0.938572
-0.926649
-0.913703
-0.899467
-0.883391
-0.864804
-0.84294
-0.816563
-0.783839
-0.742638
-0.690211
-0.625358
-0.553139
-0.479285
-0.407029
-0.338591
-0.275271
-0.217642
-0.165757
-0.119309
-0.0777622
-0.0404705
-0.0067853
0.0238662
0.0519408
0.0777755
0.101606
0.123597
0.143869
0.16252
0.179642
0.195323
0.209699
-0.902117
-0.908494
-0.914488
-0.91892
-0.922373
-0.924991
-0.926495
-0.926604
-0.925022
-0.921368
-0.915395
-0.907158
-0.896988
-0.88529
-0.87232
-0.85802
-0.842025
-0.8238
-0.802738
-0.778223
-0.74953
-0.71566
-0.675389
-0.627585
-0.572235
-0.511856
-0.449531
-0.38766
-0.328091
-0.272088
-0.220351
-0.173118
-0.130269
-0.0914466
-0.0561776
-0.0239723
0.00560391
0.0328981
0.0581661
0.0815868
0.103284
0.123348
0.141859
0.1589
0.174562
0.188989
-0.854508
-0.860934
-0.867481
-0.872439
-0.875931
-0.878213
-0.879275
-0.878929
-0.876797
-0.872461
-0.865751
-0.856841
-0.846083
-0.833778
-0.820007
-0.804604
-0.787199
-0.76736
-0.744687
-0.718803
-0.689312
-0.655713
-0.617425
-0.574017
-0.525762
-0.474052
-0.420694
-0.367349
-0.315451
-0.266082
-0.219913
-0.17723
-0.138012
-0.102026
-0.0689383
-0.0383968
-0.0100865
0.0162422
0.0407694
0.0636161
0.0848619
0.104567
0.12279
0.139609
0.155124
0.169496
-0.807613
-0.813737
-0.820282
-0.825379
-0.828933
-0.831156
-0.832009
-0.831231
-0.828437
-0.823372
-0.816072
-0.806792
-0.795801
-0.783227
-0.768983
-0.752824
-0.734463
-0.713662
-0.690257
-0.664101
-0.635015
-0.602762
-0.567066
-0.52779
-0.485218
-0.440215
-0.393937
-0.347559
-0.302163
-0.258618
-0.217492
-0.179049
-0.143305
-0.110112
-0.0792397
-0.0504413
-0.0235
0.00174972
0.0254172
0.0475664
0.0682332
0.0874474
0.105252
0.121725
0.136983
0.151204
-0.762142
-0.76787
-0.774136
-0.779154
-0.782679
-0.784788
-0.785324
-0.783974
-0.780498
-0.774876
-0.767291
-0.757961
-0.746989
-0.734324
-0.719802
-0.703208
-0.684386
-0.663291
-0.639954
-0.614377
-0.586492
-0.556163
-0.523248
-0.48772
-0.449834
-0.410193
-0.369619
-0.328971
-0.289058
-0.250549
-0.213888
-0.179285
-0.146764
-0.116225
-0.0875094
-0.060449
-0.0349067
-0.0107916
0.0119405
0.0332997
0.0532825
0.0718945
0.0891694
0.105191
0.120101
0.13409
-0.718486
-0.723829
-0.729705
-0.734509
-0.73784
-0.739626
-0.73966
-0.737725
-0.733785
-0.727964
-0.720429
-0.711258
-0.700389
-0.687681
-0.673004
-0.656273
-0.637479
-0.616709
-0.594085
-0.569666
-0.54341
-0.515216
-0.484998
-0.45279
-0.41883
-0.383591
-0.347704
-0.311824
-0.27655
-0.242376
-0.209626
-0.178449
-0.148857
-0.120775
-0.094092
-0.068703
-0.044539
-0.0215756
0.000172655
0.0206696
0.0398813
0.0577984
0.0744527
0.0899409
0.104429
0.118124
-0.676754
-0.68171
-0.687188
-0.691654
-0.694616
-0.695937
-0.695471
-0.693177
-0.689135
-0.683448
-0.676148
-0.667164
-0.656357
-0.643615
-0.628924
-0.612355
-0.594022
-0.57406
-0.552589
-0.529646
-0.50518
-0.479107
-0.451385
-0.422095
-0.391478
-0.35994
-0.327987
-0.296132
-0.264816
-0.23438
-0.205041
-0.17689
-0.149916
-0.124059
-0.0992456
-0.0754268
-0.052594
-0.0307815
-0.0100524
0.00952288
0.027892
0.0450411
0.0610072
0.0759013
0.0899143
0.103272
-0.636862
-0.641439
-0.646508
-0.650545
-0.653064
-0.653971
-0.653239
-0.650925
-0.647071
-0.641643
-0.634539
-0.625633
-0.614828
-0.602125
-0.587642
-0.571558
-0.554044
-0.535218
-0.515136
-0.493785
-0.4711
-0.447024
-0.421567
-0.394854
-0.36714
-0.338787
-0.310212
-0.281812
-0.253902
-0.2267
-0.200327
-0.174819
-0.15015
-0.126274
-0.103156
-0.0807983
-0.0592458
-0.0385809
-0.0189015
-0.000297217
0.0171741
0.0335034
0.0487372
0.0630005
0.0765043
0.0894932
-0.598672
-0.602916
-0.607554
-0.611153
-0.613298
-0.613987
-0.613269
-0.611156
-0.607551
-0.602285
-0.595218
-0.58629
-0.575532
-0.56307
-0.549101
-0.533832
-0.51741
-0.499893
-0.481269
-0.461481
-0.440472
-0.418228
-0.394818
-0.370413
-0.345278
-0.319737
-0.294125
-0.268735
-0.243779
-0.219373
-0.195561
-0.172339
-0.149677
-0.12755
-0.105965
-0.084971
-0.0646586
-0.0451426
-0.0265397
-0.00894401
0.00759253
0.0230719
0.0375518
0.0511684
0.0641469
0.0767424
-0.562147
-0.5661
-0.570337
-0.573577
-0.575505
-0.576169
-0.575589
-0.57365
-0.570137
-0.564853
-0.557725
-0.548824
-0.538314
-0.526393
-0.513259
-0.499064
-0.483882
-0.467704
-0.450473
-0.432129
-0.412648
-0.392077
-0.370544
-0.348255
-0.32547
-0.302467
-0.279497
-0.256755
-0.23436
-0.212358
-0.190739
-0.169478
-0.148556
-0.127978
-0.107794
-0.0880917
-0.0689938
-0.0506315
-0.0331246
-0.0165594
-0.000974395
0.0136461
0.0273697
0.0403399
0.0527903
0.0649759
-0.527341
-0.531025
-0.534949
-0.537964
-0.539811
-0.540508
-0.539968
-0.53799
-0.534358
-0.528961
-0.521849
-0.513198
-0.503234
-0.492149
-0.480072
-0.467063
-0.453116
-0.438181
-0.422201
-0.405151
-0.387066
-0.368056
-0.348293
-0.327997
-0.3074
-0.286716
-0.266113
-0.245697
-0.225514
-0.205562
-0.18581
-0.166231
-0.146828
-0.127645
-0.108765
-0.0903071
-0.0724085
-0.0552021
-0.038798
-0.0232666
-0.00862981
0.00514154
0.0181216
0.0304566
0.042384
0.0541523
-0.494235
-0.497681
-0.501384
-0.504265
-0.506054
-0.506682
-0.505981
-0.503769
-0.499943
-0.49453
-0.487674
-0.47958
-0.470436
-0.460361
-0.449394
-0.437515
-0.424673
-0.410819
-0.395937
-0.380064
-0.363301
-0.345801
-0.327756
-0.309369
-0.290822
-0.272256
-0.253761
-0.235371
-0.217083
-0.198871
-0.180709
-0.162589
-0.144542
-0.126643
-0.109005
-0.0917609
-0.0750483
-0.0589904
-0.0436796
-0.0291669
-0.0154568
-0.00250996
0.00975043
0.0214686
0.032882
0.0442335
-0.46268
-0.465926
-0.469432
-0.472156
-0.473788
-0.474195
-0.473221
-0.470784
-0.466921
-0.461758
-0.455456
-0.448161
-0.439967
-0.430902
-0.420934
-0.41001
-0.398086
-0.385158
-0.371272
-0.356529
-0.341073
-0.32508
-0.308725
-0.292168
-0.275526
-0.25887
-0.242226
-0.225582
-0.20891
-0.192183
-0.175395
-0.158568
-0.141762
-0.125078
-0.10864
-0.0925843
-0.0770391
-0.0621092
-0.0478659
-0.0343398
-0.0215211
-0.00936325
0.00220892
0.0133338
0.0242459
0.0351845
-0.432503
-0.435553
-0.438811
-0.441276
-0.442639
-0.442781
-0.441624
-0.439194
-0.4356
-0.430973
-0.425419
-0.418988
-0.411681
-0.403461
-0.394279
-0.384103
-0.37294
-0.360849
-0.347936
-0.334341
-0.320226
-0.305748
-0.291045
-0.276214
-0.26131
-0.246346
-0.231306
-0.216155
-0.200864
-0.185423
-0.169851
-0.154204
-0.138565
-0.123048
-0.10778
-0.0928877
-0.0784823
-0.0646469
-0.0514311
-0.0388476
-0.026875
-0.0154635
-0.00454287
0.00601689
0.0164446
0.0269756
-0.403592
-0.406412
-0.409362
-0.411512
-0.412608
-0.412608
-0.411514
-0.409384
-0.406308
-0.40235
-0.39753
-0.391823
-0.385183
-0.377568
-0.368961
-0.359389
-0.348923
-0.337675
-0.325785
-0.313403
-0.300668
-0.287698
-0.274573
-0.261332
-0.247976
-0.234483
-0.220816
-0.206943
-0.192847
-0.178544
-0.164082
-0.14954
-0.135021
-0.120639
-0.106513
-0.0927547
-0.079453
-0.0666689
-0.0544313
-0.0427381
-0.03156
-0.0208477
-0.0105379
-0.000511183
0.00945244
0.019583
-0.375877
-0.378439
-0.381087
-0.382986
-0.383958
-0.384028
-0.383219
-0.381549
-0.379029
-0.375645
-0.371358
-0.366121
-0.359903
-0.352704
-0.344569
-0.335583
-0.325866
-0.315553
-0.304783
-0.29368
-0.28234
-0.270825
-0.259159
-0.247335
-0.235323
-0.223086
-0.210589
-0.197815
-0.184775
-0.171509
-0.158089
-0.144609
-0.131179
-0.117909
-0.1049
-0.0922423
-0.0800026
-0.06822
-0.0569056
-0.0460456
-0.035607
-0.0255434
-0.0158006
-0.00627198
0.0032504
0.0129868
-0.349285
-0.35161
-0.354038
-0.355827
-0.356848
-0.357134
-0.356666
-0.355396
-0.353266
-0.350222
-0.346221
-0.341247
-0.335321
-0.328503
-0.320889
-0.312602
-0.303771
-0.294521
-0.284957
-0.275157
-0.265163
-0.254987
-0.244613
-0.234007
-0.223132
-0.211953
-0.200456
-0.188649
-0.176568
-0.164278
-0.151865
-0.139428
-0.127072
-0.114894
-0.102976
-0.0913839
-0.0801607
-0.0693259
-0.0588762
-0.0487901
-0.039034
-0.0295673
-0.0203468
-0.0112806
-0.00217659
0.00716919
-0.323743
-0.325893
-0.328192
-0.329978
-0.33112
-0.331605
-0.331356
-0.330284
-0.328314
-0.325406
-0.321556
-0.316802
-0.311216
-0.304903
-0.297979
-0.290562
-0.282761
-0.27466
-0.266317
-0.257758
-0.248983
-0.239969
-0.230682
-0.221086
-0.211153
-0.20087
-0.190248
-0.179321
-0.168149
-0.156811
-0.145396
-0.134
-0.122712
-0.111612
-0.100758
-0.0901924
-0.0799362
-0.069992
-0.0603462
-0.0509737
-0.0418436
-0.0329238
-0.0241835
-0.0155477
-0.00684341
0.00211296
-0.299183
-0.301214
-0.303425
-0.305208
-0.306402
-0.306936
-0.306711
-0.305646
-0.303698
-0.300871
-0.297212
-0.292799
-0.287732
-0.282118
-0.27606
-0.269642
-0.262928
-0.255957
-0.24874
-0.241267
-0.233514
-0.225447
-0.217038
-0.208265
-0.199122
-0.189624
-0.179807
-0.169727
-0.159457
-0.149078
-0.138675
-0.128328
-0.118107
-0.108066
-0.0982435
-0.0886587
-0.0793141
-0.0701995
-0.0612955
-0.0525775
-0.044021
-0.035604
-0.0273094
-0.0190799
-0.0107654
-0.00220241
-0.275517
-0.27744
-0.279537
-0.281227
-0.282324
-0.282743
-0.282409
-0.281282
-0.279372
-0.276726
-0.273417
-0.269535
-0.265168
-0.260395
-0.255279
-0.249862
-0.244162
-0.238179
-0.2319
-0.225298
-0.218347
-0.211026
-0.203323
-0.195242
-0.186803
-0.178046
-0.169025
-0.159806
-0.150465
-0.141074
-0.131704
-0.122413
-0.113247
-0.104239
-0.0954042
-0.0867443
-0.0782489
-0.0699
-0.0616771
-0.05356
-0.0455331
-0.0375861
-0.0297151
-0.0218812
-0.0139583
-0.00580297
-0.252608
-0.254391
-0.256305
-0.257792
-0.258673
-0.258899
-0.258447
-0.257327
-0.255583
-0.253279
-0.250485
-0.247265
-0.243673
-0.239746
-0.235506
-0.230955
-0.226085
-0.220877
-0.215312
-0.20937
-0.20304
-0.196322
-0.18923
-0.18179
-0.174045
-0.166049
-0.157863
-0.149553
-0.141183
-0.132811
-0.124485
-0.116242
-0.108105
-0.100084
-0.092178
-0.0843766
-0.0766625
-0.0690158
-0.061419
-0.0538596
-0.0463323
-0.0388386
-0.031387
-0.0239551
-0.0164399
-0.00871785
-0.2303
-0.231899
-0.233566
-0.234782
-0.235417
-0.235484
-0.235007
-0.234023
-0.232582
-0.230734
-0.228518
-0.225962
-0.223077
-0.219867
-0.216321
-0.212427
-0.208166
-0.203522
-0.198488
-0.193061
-0.187254
-0.181088
-0.174597
-0.167825
-0.160823
-0.153649
-0.14636
-0.13901
-0.131644
-0.124302
-0.117009
-0.109779
-0.102618
-0.0955189
-0.0884695
-0.0814533
-0.0744523
-0.0674503
-0.060436
-0.0534064
-0.0463665
-0.0393288
-0.0323122
-0.025308
-0.0182314
-0.0109765
-0.208517
-0.209908
-0.211301
-0.212243
-0.212684
-0.212683
-0.212287
-0.211533
-0.21045
-0.209054
-0.207349
-0.205329
-0.202978
-0.200279
-0.197215
-0.193771
-0.189938
-0.185717
-0.181116
-0.176156
-0.170865
-0.165282
-0.159449
-0.153415
-0.147232
-0.140948
-0.134605
-0.128241
-0.121882
-0.115545
-0.109238
-0.102958
-0.0966961
-0.0904369
-0.0841636
-0.0778593
-0.0715103
-0.0651075
-0.0586483
-0.0521388
-0.0455934
-0.0390336
-0.0324861
-0.025951
-0.0193562
-0.0126075
-0.187328
-0.188522
-0.189663
-0.190384
-0.190708
-0.190712
-0.19044
-0.189908
-0.189115
-0.188048
-0.186686
-0.185003
-0.182977
-0.180589
-0.177829
-0.174694
-0.171193
-0.167343
-0.163169
-0.158704
-0.153986
-0.149057
-0.143961
-0.13874
-0.133433
-0.128074
-0.122689
-0.117294
-0.1119
-0.106505
-0.101105
-0.0956852
-0.0902304
-0.084723
-0.079147
-0.0734902
-0.0677459
-0.0619134
-0.0559996
-0.0500183
-0.0439916
-0.037947
-0.0319155
-0.0259009
-0.0198378
-0.0136375
-0.166927
-0.167968
-0.16892
-0.169492
-0.169748
-0.169763
-0.169561
-0.169138
-0.168474
-0.167543
-0.166316
-0.16477
-0.16289
-0.160667
-0.158107
-0.155222
-0.152036
-0.148575
-0.144874
-0.140967
-0.136892
-0.132685
-0.12838
-0.124005
-0.119585
-0.115135
-0.110665
-0.106176
-0.101663
-0.0971168
-0.0925219
-0.0878619
-0.0831201
-0.0782816
-0.0733357
-0.0682771
-0.063107
-0.0578334
-0.0524708
-0.0470399
-0.0415674
-0.0360835
-0.0306202
-0.0251801
-0.0196984
-0.0140888
-0.147533
-0.148477
-0.149315
-0.149794
-0.149982
-0.149941
-0.149682
-0.149198
-0.148471
-0.147481
-0.146211
-0.144652
-0.142803
-0.140675
-0.138282
-0.135649
-0.132804
-0.129778
-0.1266
-0.123301
-0.119907
-0.116444
-0.112929
-0.109377
-0.105796
-0.102185
-0.0985426
-0.094858
-0.0911187
-0.0873094
-0.0834137
-0.079416
-0.0753031
-0.0710656
-0.0666997
-0.0622071
-0.0575967
-0.0528835
-0.0480883
-0.0432367
-0.0383571
-0.0334798
-0.0286336
-0.023817
-0.0189609
-0.0139792
-0.129287
-0.130167
-0.130939
-0.131344
-0.131416
-0.131211
-0.130751
-0.130045
-0.129098
-0.127912
-0.126493
-0.124849
-0.122996
-0.120951
-0.11874
-0.116386
-0.113917
-0.111354
-0.10872
-0.106032
-0.103305
-0.100548
-0.0977651
-0.0949563
-0.0921165
-0.0892367
-0.0863048
-0.0833058
-0.080224
-0.0770436
-0.0737502
-0.0703325
-0.0667824
-0.0630968
-0.0592777
-0.0553333
-0.051278
-0.0471325
-0.0429232
-0.0386771
-0.0344249
-0.0301923
-0.0260025
-0.0218469
-0.0176509
-0.0133269
-0.112045
-0.11291
-0.113656
-0.113977
-0.113864
-0.113389
-0.112616
-0.111592
-0.110353
-0.10893
-0.107346
-0.105625
-0.10379
-0.101862
-0.0998648
-0.0978167
-0.0957343
-0.0936305
-0.0915143
-0.0893909
-0.0872612
-0.0851219
-0.0829662
-0.0807838
-0.0785624
-0.0762873
-0.0739426
-0.0715124
-0.0689814
-0.0663366
-0.0635677
-0.0606679
-0.0576343
-0.0544681
-0.0511756
-0.0477687
-0.0442654
-0.0406899
-0.0370734
-0.0334523
-0.0298521
-0.0262911
-0.0227836
-0.0193129
-0.0158001
-0.0121564
-0.0952229
-0.0962992
-0.0971061
-0.0973484
-0.0969845
-0.0961683
-0.0950397
-0.0936936
-0.0921945
-0.0905885
-0.0889095
-0.0871836
-0.0854326
-0.0836745
-0.0819232
-0.0801888
-0.0784772
-0.0767904
-0.0751268
-0.0734812
-0.0718448
-0.0702062
-0.0685519
-0.0668673
-0.0651366
-0.063344
-0.0614736
-0.059511
-0.057444
-0.0552632
-0.0529625
-0.0505386
-0.0479916
-0.0453247
-0.0425452
-0.0396654
-0.0367036
-0.0336872
-0.0306566
-0.0276599
-0.0247245
-0.0218519
-0.0190416
-0.0162683
-0.0134518
-0.0105059
-0.0788427
-0.0801569
-0.0809708
-0.0810595
-0.0803616
-0.0791696
-0.0777243
-0.0761541
-0.0745252
-0.0728766
-0.0712336
-0.0696144
-0.0680323
-0.0664964
-0.0650119
-0.0635802
-0.0621992
-0.0608637
-0.0595655
-0.0582936
-0.057035
-0.0557752
-0.0544993
-0.0531923
-0.051839
-0.0504252
-0.0489374
-0.0473647
-0.0456983
-0.0439325
-0.0420638
-0.0400907
-0.0380136
-0.0358344
-0.0335579
-0.0311921
-0.0287505
-0.026259
-0.0237727
-0.0213809
-0.0191221
-0.0169537
-0.0148511
-0.0127809
-0.0106673
-0.0084323
-0.0644358
-0.0656529
-0.0658626
-0.0651125
-0.0638133
-0.0622768
-0.0606713
-0.0590742
-0.057514
-0.0559995
-0.0545359
-0.0531281
-0.0517801
-0.0504937
-0.0492684
-0.0481013
-0.046987
-0.0459179
-0.0448844
-0.043875
-0.0428773
-0.0418787
-0.0408667
-0.0398291
-0.0387542
-0.0376312
-0.0364508
-0.0352057
-0.0338906
-0.0325023
-0.0310387
-0.0294983
-0.0278794
-0.0261806
-0.0244003
-0.0225367
-0.0205826
-0.0185277
-0.0164375
-0.014595
-0.0130806
-0.0116761
-0.0103089
-0.0089517
-0.00754735
-0.00603395
-0.0481884
-0.0580078
-0.0549849
-0.0502653
-0.047609
-0.0459133
-0.0444474
-0.0430754
-0.0417773
-0.0405355
-0.0393408
-0.0381914
-0.0370881
-0.0360308
-0.0350182
-0.0340472
-0.0331135
-0.0322111
-0.031333
-0.0304716
-0.0296191
-0.0287678
-0.0279102
-0.0270394
-0.0261486
-0.025232
-0.0242849
-0.0233038
-0.0222865
-0.0212316
-0.0201376
-0.0190024
-0.0178219
-0.0165892
-0.0152927
-0.0139087
-0.0123565
-0.0104348
-0.00812358
-0.0066095
-0.00627704
-0.00593085
-0.00543954
-0.00486717
-0.00421617
-0.00345889
-0.00721068
-0.0656371
-0.0465544
-0.0331287
-0.0286147
-0.0265571
-0.0250865
-0.0238999
-0.0228856
-0.0219689
-0.021112
-0.0202972
-0.0195159
-0.0187625
-0.0180332
-0.0173251
-0.0166355
-0.0159619
-0.0153021
-0.0146541
-0.0140163
-0.0133873
-0.0127658
-0.0121507
-0.0115408
-0.0109353
-0.0103335
-0.00973509
-0.00913958
-0.00854603
-0.00795225
-0.0073535
-0.00674017
-0.00609345
-0.00537921
-0.00453208
-0.0033745
-0.0014222
0.00168478
0.00220764
0.00068211
-0.000289879
-0.000759415
-0.000996187
-0.00109418
-0.00107519
0.659313
0.872763
1.00895
1.01831
1.07711
1.0505
1.07029
1.06226
1.28273
1.17239
1.13344
1.10783
1.32182
1.22739
1.17914
1.14473
1.32828
1.25501
1.20534
1.16559
1.32693
1.26537
1.21624
1.17484
1.31677
1.26321
1.21675
1.17603
1.30037
1.25317
1.21014
1.17112
1.28018
1.23796
1.19829
1.16137
1.2573
1.21899
1.18239
1.14775
1.23193
1.1972
1.16336
1.131
1.2047
1.17301
1.14184
1.11173
1.17583
1.14697
1.11833
1.09042
1.14577
1.11948
1.09321
1.06742
1.11477
1.09082
1.06678
1.04306
1.08299
1.06123
1.03931
1.01758
1.05056
1.03087
1.01099
0.9912
1.01763
0.999934
0.981995
0.964084
0.984347
0.968545
0.952476
0.936373
0.950812
0.936817
0.922538
0.908176
0.917092
0.904827
0.892264
0.879576
0.883228
0.872627
0.861715
0.850641
0.849251
0.840261
0.830946
0.821431
0.815203
0.807778
0.800009
0.792002
0.781137
0.775231
0.768959
0.762413
0.747118
0.74268
0.737857
0.732724
0.713209
0.710191
0.706766
0.703
0.679476
0.677828
0.675751
0.673305
0.645982
0.645658
0.644882
0.643709
0.612777
0.613744
0.614229
0.614283
0.579864
0.582117
0.583847
0.585091
0.547346
0.550835
0.553793
0.556197
0.515691
0.520199
0.524247
0.527723
0.484986
0.490527
0.4954
0.499795
0.455017
0.461417
0.46719
0.47245
0.425516
0.432877
0.439563
0.445657
0.396791
0.405043
0.412568
0.419437
0.368963
0.377993
0.386261
0.393833
0.342048
0.351763
0.36069
0.368898
0.316087
0.326397
0.335905
0.344682
0.291127
0.301943
0.311956
0.321238
0.267213
0.278447
0.288889
0.29861
0.244383
0.255948
0.266744
0.276839
0.222663
0.234475
0.245554
0.25596
0.202068
0.21405
0.225344
0.236
0.182606
0.194685
0.20613
0.216975
0.16427
0.176384
0.18792
0.198897
0.147047
0.159139
0.170712
0.181766
0.130918
0.142937
0.154498
0.165577
0.115857
0.12776
0.139261
0.150317
0.101833
0.113581
0.12498
0.135971
0.0888102
0.10037
0.111632
0.122516
0.0767511
0.0880964
0.0991871
0.109931
0.0656182
0.0767259
0.0876186
0.0981904
0.0553772
0.0662281
0.0768988
0.0872717
0.045997
0.0565752
0.0670028
0.0771517
0.0374505
0.0477419
0.0579065
0.0678073
0.029715
0.0397053
0.0495863
0.0592141
0.0227697
0.0324425
0.0420173
0.0513457
0.0165933
0.0259292
0.0351723
0.0441728
0.0111635
0.0201383
0.0290211
0.0376632
0.00645421
0.0150394
0.0235304
0.0317828
0.00243448
0.0105988
0.0186654
0.0264969
-0.000929698
0.00678097
0.0143911
0.0217723
-0.0036716
0.00355275
0.010676
0.0175795
-0.00582132
0.000885314
0.00749361
0.013895
-0.0074045
-0.00124455
0.00482346
0.0107004
-0.00844124
-0.00285434
0.00265031
0.00798228
-0.00894693
-0.00395774
0.000961572
0.00572832
-0.00893669
-0.00456906
-0.000257117
0.00392362
-0.00843217
-0.00470971
-0.00102788
0.00254502
-0.00746908
-0.00441523
-0.0013867
0.00155605
-0.00610201
-0.00373894
-0.00138565
0.000906163
-0.00442597
-0.00277244
-0.00111301
0.0005098
-0.0026074
-0.0016906
-0.00074829
0.000186557
-0.00095986
-0.000769569
-0.000536902
-0.000279415
0.938701
0.992401
1.01184
0.993876
0.975736
0.959786
0.944081
0.928988
0.914647
0.900935
0.887727
0.874941
0.862551
0.850577
0.839071
0.828081
0.817633
0.80772
0.798313
0.789372
0.780865
0.77277
0.765083
0.757814
0.750978
0.744595
0.738687
0.73327
0.728359
0.723964
0.720094
0.716754
0.713947
0.71168
0.709959
0.708792
0.708197
0.708233
0.708989
0.710036
1.023
1.02801
1.02928
1.00915
0.987424
0.96798
0.949744
0.932773
0.917009
0.902211
0.888166
0.874725
0.861817
0.849435
0.837613
0.826387
0.81577
0.805742
0.796262
0.787279
0.778747
0.770637
0.762938
0.755654
0.7488
0.742396
0.736464
0.731024
0.72609
0.721678
0.717795
0.71445
0.711649
0.709399
0.707706
0.70658
0.706034
0.706115
0.706887
0.707921
1.07534
1.05843
1.04476
1.02151
0.997194
0.975006
0.954609
0.93595
0.918856
0.903022
0.888166
0.874085
0.860668
0.847886
0.835755
0.824299
0.813519
0.803384
0.793837
0.784817
0.776268
0.768149
0.760444
0.753152
0.746287
0.739868
0.733919
0.72846
0.723511
0.719086
0.715198
0.711855
0.709066
0.706838
0.705178
0.704093
0.703591
0.703708
0.704488
0.705503
1.10823
1.08039
1.05719
1.03079
1.00447
0.98028
0.958203
0.938156
0.919924
0.903173
0.887582
0.872911
0.859022
0.845867
0.833449
0.821782
0.810853
0.800622
0.791019
0.781972
0.773413
0.765295
0.757592
0.750301
0.743433
0.737007
0.731048
0.725578
0.72062
0.716191
0.712304
0.708971
0.706199
0.703998
0.702373
0.701329
0.700866
0.701012
0.701792
0.702788
1.12685
1.09396
1.06546
1.03674
1.00901
0.983474
0.960202
0.939118
0.919994
0.902494
0.886282
0.871102
0.8568
0.843319
0.830651
0.818801
0.807747
0.797437
0.787793
0.778731
0.770174
0.762066
0.754376
0.747095
0.740233
0.733809
0.727849
0.722378
0.71742
0.712994
0.709116
0.705798
0.703051
0.70088
0.699291
0.698285
0.697858
0.698027
0.698803
0.699777
1.13563
1.1006
1.06938
1.0393
1.01076
0.984443
0.960433
0.938662
0.918909
0.900851
0.884158
0.868571
0.853936
0.84019
0.827321
0.815326
0.804177
0.793812
0.784145
0.775083
0.766541
0.758456
0.75079
0.743531
0.736686
0.730274
0.724324
0.718861
0.713912
0.709498
0.705637
0.702341
0.699621
0.697484
0.695933
0.694964
0.694568
0.694754
0.695523
0.696475
1.13731
1.10164
1.06929
1.03864
1.00982
0.98319
0.958836
0.936698
0.916571
0.89815
0.881125
0.865249
0.850372
0.836435
0.823425
0.811332
0.800123
0.789731
0.780064
0.77102
0.762509
0.75446
0.74683
0.739605
0.732788
0.726401
0.720471
0.715027
0.710097
0.705704
0.701867
0.698601
0.695914
0.693813
0.692298
0.691364
0.690995
0.691195
0.691954
0.692885
1.13353
1.09817
1.06566
1.03505
1.00636
0.979796
0.955428
0.933201
0.912929
0.894334
0.877128
0.861085
0.846068
0.832022
0.818935
0.806796
0.795569
0.785182
0.775539
0.766534
0.75807
0.750072
0.742493
0.735314
0.728539
0.722188
0.716291
0.710878
0.705978
0.701615
0.697811
0.694578
0.691929
0.689866
0.688388
0.687487
0.687142
0.687352
0.6881
0.68901
1.12534
1.09092
1.05893
1.02881
1.00058
0.97438
0.950266
0.928188
0.907975
0.889378
0.872137
0.856049
0.840993
0.826924
0.81383
0.801701
0.7905
0.780154
0.770563
0.761619
0.753221
0.745289
0.737775
0.730656
0.723936
0.717636
0.711784
0.706414
0.701554
0.697232
0.693467
0.690276
0.687667
0.685644
0.684203
0.683332
0.683009
0.683226
0.683963
0.684851
1.11355
1.08046
1.04944
1.02015
0.992661
0.967074
0.943437
0.921705
0.901727
0.883282
0.866141
0.850126
0.835134
0.821126
0.808097
0.796036
0.784908
0.774639
0.76513
0.75627
0.747956
0.740108
0.732674
0.72563
0.71898
0.712744
0.706951
0.701635
0.696827
0.692555
0.688839
0.685694
0.683129
0.681147
0.679743
0.678902
0.678598
0.67882
0.679544
0.680412
1.09878
1.06729
1.03753
1.00933
0.982802
0.958023
0.935041
0.913819
0.894225
0.876069
0.859151
0.843319
0.828486
0.814622
0.801727
0.789793
0.778785
0.768632
0.759234
0.750482
0.742273
0.734527
0.727189
0.720236
0.71367
0.707512
0.701792
0.696544
0.691799
0.687585
0.683925
0.680832
0.678315
0.676376
0.675009
0.674195
0.673908
0.674135
0.674845
0.675693
1.08155
1.0518
1.0235
0.996596
0.97119
0.947373
0.925188
0.904608
0.885524
0.867773
0.851188
0.835639
0.821054
0.807413
0.79472
0.78297
0.772128
0.762128
0.752872
0.744253
0.736171
0.728543
0.721318
0.714472
0.708006
0.701941
0.696307
0.691139
0.686468
0.682323
0.678726
0.67569
0.673225
0.671331
0.67
0.669213
0.668943
0.669171
0.669867
0.670696
1.06227
1.03435
1.00765
0.982162
0.958003
0.935263
0.913985
0.894155
0.875685
0.858442
0.842285
0.827107
0.812852
0.799507
0.787079
0.775566
0.764937
0.755126
0.746043
0.737582
0.729647
0.722157
0.715062
0.708338
0.701987
0.69603
0.690497
0.685421
0.680836
0.676769
0.673242
0.670269
0.667859
0.666011
0.664717
0.663957
0.663701
0.663931
0.664613
0.665423
1.0413
1.01525
0.990227
0.966237
0.943409
0.921828
0.901542
0.882546
0.864776
0.848126
0.83248
0.817751
0.803899
0.790915
0.778811
0.767586
0.757212
0.747628
0.738747
0.730469
0.722701
0.715368
0.70842
0.701834
0.695614
0.68978
0.684361
0.67939
0.674901
0.670921
0.667472
0.664568
0.662216
0.660417
0.65916
0.658427
0.658185
0.658415
0.659083
0.659873
1.01893
0.994769
0.971451
0.949007
0.927562
0.907196
0.887962
0.869867
0.852868
0.836881
0.821816
0.807606
0.794219
0.781656
0.769929
0.759038
0.74896
0.739636
0.730985
0.722915
0.715336
0.708177
0.701392
0.694962
0.688888
0.683191
0.677899
0.673047
0.668665
0.664781
0.661416
0.658586
0.656296
0.654548
0.65333
0.652623
0.652395
0.652626
0.653279
0.654049
0.995413
0.97312
0.951517
0.930637
0.910599
0.891484
0.873345
0.856202
0.840028
0.824764
0.81034
0.796706
0.783841
0.77175
0.760447
0.749933
0.740187
0.731155
0.722762
0.714921
0.707551
0.700585
0.693981
0.687722
0.681809
0.676263
0.671113
0.66639
0.662126
0.658347
0.655074
0.652323
0.6501
0.648405
0.647228
0.646548
0.646333
0.646563
0.647202
0.647952
0.970944
0.950492
0.930589
0.911269
0.892647
0.8748
0.857785
0.841631
0.826327
0.811833
0.798099
0.785091
0.772795
0.761221
0.750383
0.740284
0.730903
0.722192
0.714082
0.706493
0.699351
0.692596
0.68619
0.680116
0.67438
0.668999
0.664003
0.659422
0.655285
0.65162
0.648447
0.64578
0.643627
0.641988
0.640853
0.640201
0.64
0.640229
0.640852
0.641582
0.945688
0.927036
0.908804
0.891028
0.873816
0.857243
0.841369
0.826231
0.81183
0.798144
0.785142
0.7728
0.761114
0.750095
0.739758
0.730106
0.72112
0.712756
0.704951
0.697635
0.69074
0.684213
0.67802
0.672149
0.666603
0.661401
0.656572
0.652143
0.648144
0.644602
0.641535
0.638958
0.63688
0.6353
0.634208
0.633584
0.633397
0.633625
0.634233
0.634942
0.919777
0.902876
0.886279
0.870021
0.854205
0.838904
0.824179
0.810073
0.796601
0.783755
0.771516
0.759875
0.748831
0.738399
0.728593
0.719416
0.71085
0.702856
0.695378
0.688354
0.681725
0.675443
0.669479
0.663824
0.658482
0.653473
0.648821
0.644556
0.640705
0.637293
0.634339
0.631858
0.629858
0.62834
0.627294
0.6267
0.626527
0.626754
0.627345
0.628033
0.893317
0.878114
0.863111
0.848341
0.833901
0.819863
0.806289
0.793227
0.780703
0.768719
0.757271
0.746356
0.735982
0.726163
0.716913
0.708233
0.700109
0.692505
0.685374
0.67866
0.672312
0.666291
0.660572
0.655147
0.650023
0.645218
0.640756
0.636664
0.63297
0.629695
0.626861
0.624482
0.622565
0.621112
0.620114
0.61955
0.619391
0.619617
0.620191
0.620857
0.866393
0.852836
0.839384
0.82607
0.812984
0.800196
0.787771
0.775759
0.764195
0.753091
0.742454
0.732288
0.722604
0.713417
0.704741
0.696577
0.688912
0.681717
0.674949
0.668562
0.662513
0.656768
0.651307
0.646126
0.641232
0.636642
0.63238
0.628472
0.624942
0.621813
0.619105
0.616832
0.615003
0.613618
0.612669
0.612137
0.611993
0.612218
0.612775
0.613418
0.839078
0.827116
0.815173
0.803281
0.791525
0.779973
0.768691
0.757732
0.747136
0.736924
0.727112
0.717709
0.70873
0.700191
0.692103
0.68447
0.677279
0.670507
0.664118
0.658073
0.652337
0.646882
0.641694
0.636769
0.632116
0.627753
0.6237
0.619983
0.616625
0.613649
0.611073
0.608912
0.607174
0.605861
0.604964
0.604464
0.604336
0.604559
0.605098
0.605719
0.811434
0.801019
0.790545
0.780043
0.769592
0.759261
0.749114
0.739206
0.729582
0.720271
0.711292
0.702662
0.694398
0.686516
0.679027
0.671934
0.66523
0.658893
0.652896
0.647207
0.641797
0.636646
0.631742
0.627085
0.622685
0.618557
0.614722
0.611204
0.608026
0.605208
0.60277
0.600726
0.599083
0.597843
0.597
0.596535
0.596423
0.596644
0.597166
0.597763
0.783523
0.774609
0.765565
0.756422
0.747253
0.738126
0.729103
0.720241
0.711589
0.70318
0.695039
0.687187
0.679642
0.672422
0.665538
0.658994
0.652785
0.646895
0.641301
0.63598
0.630909
0.626073
0.621465
0.617086
0.612946
0.609062
0.605453
0.602142
0.599149
0.596496
0.594201
0.592277
0.590733
0.58957
0.588783
0.588354
0.588258
0.588478
0.58898
0.589553
0.755404
0.747948
0.740298
0.732482
0.724572
0.71663
0.708718
0.700895
0.69321
0.685701
0.678397
0.671322
0.664498
0.657941
0.651665
0.645675
0.639968
0.634532
0.629352
0.62441
0.619688
0.615178
0.610875
0.606783
0.602912
0.599279
0.595902
0.592803
0.590002
0.587518
0.58537
0.583571
0.582129
0.581046
0.580316
0.579924
0.579845
0.580063
0.580547
0.581096
0.727139
0.721101
0.714808
0.70829
0.701613
0.694837
0.688021
0.681224
0.674496
0.66788
0.661407
0.655106
0.648999
0.643105
0.637437
0.632003
0.626802
0.621828
0.61707
0.612514
0.608151
0.603975
0.599985
0.596188
0.592593
0.589217
0.586078
0.583196
0.580592
0.578283
0.576286
0.574615
0.573278
0.572277
0.571606
0.571251
0.57119
0.571407
0.571872
0.572395
0.698795
0.694132
0.689161
0.683911
0.67844
0.672806
0.667067
0.66128
0.655497
0.649762
0.644112
0.638576
0.63318
0.627943
0.622882
0.618005
0.613314
0.608806
0.604475
0.600313
0.596316
0.592482
0.588812
0.585315
0.582001
0.578888
0.575991
0.573332
0.570927
0.568796
0.566954
0.565414
0.564184
0.563267
0.562657
0.56234
0.562297
0.562513
0.562958
0.563455
0.670438
0.66711
0.663424
0.659408
0.655115
0.650598
0.645913
0.641116
0.63626
0.631391
0.626549
0.621768
0.617074
0.61249
0.608032
0.603709
0.599529
0.59549
0.59159
0.587828
0.584203
0.580715
0.57737
0.574178
0.57115
0.568303
0.565653
0.563219
0.561018
0.559068
0.557383
0.555977
0.554856
0.554024
0.553475
0.553199
0.553174
0.553388
0.553813
0.554284
0.642134
0.640101
0.637662
0.634845
0.631697
0.628268
0.62461
0.620779
0.616828
0.612807
0.608759
0.604719
0.600717
0.596777
0.592915
0.589146
0.585474
0.581906
0.578441
0.575081
0.571831
0.568693
0.565677
0.562792
0.560053
0.557475
0.555074
0.552868
0.550873
0.549106
0.547581
0.54631
0.5453
0.544554
0.544069
0.543832
0.543826
0.544038
0.544443
0.544887
0.613953
0.61317
0.611939
0.610284
0.608246
0.605871
0.603209
0.600316
0.597247
0.594052
0.590779
0.587465
0.584142
0.580836
0.577565
0.574343
0.571179
0.56808
0.56505
0.562095
0.55922
0.556434
0.553748
0.551173
0.548724
0.546417
0.544266
0.54229
0.540503
0.538921
0.537557
0.536423
0.535525
0.534867
0.534445
0.534248
0.53426
0.53447
0.534854
0.535272
0.585962
0.586383
0.586316
0.585781
0.584815
0.583458
0.581759
0.579773
0.577557
0.575165
0.572646
0.570042
0.567384
0.564702
0.562013
0.559333
0.556672
0.554039
0.551443
0.54889
0.546392
0.543958
0.541602
0.539337
0.537178
0.535142
0.533243
0.531496
0.529918
0.528522
0.52732
0.526323
0.525538
0.524969
0.524611
0.524454
0.524484
0.524691
0.525054
0.525444
0.558225
0.559801
0.560848
0.561388
0.561449
0.561069
0.560296
0.559185
0.557795
0.556181
0.554396
0.552482
0.550475
0.548403
0.546286
0.54414
0.541977
0.539807
0.53764
0.535488
0.533364
0.53128
0.529253
0.527297
0.525429
0.523663
0.522014
0.520498
0.519128
0.517917
0.516878
0.516019
0.515348
0.514867
0.514573
0.514457
0.514506
0.514709
0.51505
0.515412
0.530833
0.533491
0.535585
0.537138
0.538173
0.538725
0.53884
0.538573
0.537982
0.537125
0.536053
0.534813
0.53344
0.531963
0.530404
0.528782
0.527108
0.525395
0.523655
0.5219
0.520148
0.518413
0.516713
0.515066
0.513486
0.51199
0.510592
0.509305
0.508142
0.507116
0.506239
0.505518
0.50496
0.504567
0.504337
0.504262
0.504329
0.504529
0.504849
0.505182
0.503871
0.507511
0.510564
0.513054
0.515001
0.516436
0.517402
0.51795
0.518135
0.518014
0.517637
0.517052
0.516297
0.515401
0.514387
0.513273
0.512075
0.510807
0.509487
0.508128
0.506749
0.505365
0.503996
0.502657
0.501366
0.500138
0.498988
0.497928
0.49697
0.496127
0.495409
0.494824
0.494379
0.494074
0.493908
0.493873
0.493959
0.494157
0.494456
0.494762
0.477401
0.481926
0.485846
0.489193
0.491985
0.494252
0.496029
0.497362
0.498299
0.498893
0.499192
0.499243
0.499085
0.498748
0.49826
0.49764
0.496907
0.496078
0.495171
0.494202
0.493191
0.492155
0.491113
0.490083
0.48908
0.488119
0.487215
0.48638
0.485626
0.484964
0.484403
0.483953
0.483617
0.483398
0.483294
0.483299
0.483404
0.483601
0.483881
0.48416
0.451425
0.456765
0.461486
0.465628
0.469211
0.472261
0.474807
0.476887
0.478544
0.479824
0.480773
0.481436
0.481853
0.482056
0.482075
0.481933
0.481651
0.481248
0.480744
0.480158
0.479509
0.478815
0.478097
0.47737
0.47665
0.475953
0.475292
0.474679
0.474125
0.47364
0.473235
0.472916
0.472688
0.472553
0.472511
0.472555
0.472677
0.472873
0.473133
0.473387
0.425968
0.432073
0.437544
0.442432
0.446759
0.450544
0.453814
0.456599
0.458936
0.460866
0.462433
0.46368
0.464648
0.46537
0.465878
0.466197
0.46635
0.466361
0.466248
0.466033
0.465736
0.465377
0.464973
0.464542
0.4641
0.463661
0.463237
0.462841
0.462483
0.462172
0.461919
0.461728
0.461606
0.461554
0.461571
0.461653
0.461793
0.461987
0.462227
0.462454
0.40107
0.407889
0.414066
0.419658
0.424682
0.429158
0.433105
0.436549
0.439523
0.442064
0.444215
0.446016
0.447508
0.448726
0.449702
0.450464
0.451038
0.451446
0.451711
0.451855
0.451899
0.451862
0.451764
0.45162
0.451448
0.451259
0.451067
0.450882
0.450714
0.450574
0.450468
0.450403
0.450383
0.450411
0.450487
0.450606
0.450762
0.450954
0.451174
0.451374
0.37678
0.384259
0.391094
0.397342
0.403021
0.408141
0.41272
0.416779
0.420347
0.423459
0.426157
0.428479
0.430467
0.432156
0.433579
0.434765
0.43574
0.436529
0.437157
0.437646
0.438018
0.438293
0.438489
0.438624
0.438711
0.438765
0.438797
0.438816
0.438834
0.438858
0.438894
0.438951
0.439031
0.439136
0.439268
0.439422
0.439595
0.439784
0.439984
0.440158
0.353151
0.361235
0.368675
0.37553
0.381811
0.387528
0.392692
0.397322
0.401442
0.405087
0.408295
0.411106
0.41356
0.415693
0.417538
0.419125
0.420483
0.421636
0.42261
0.423429
0.424116
0.424689
0.425168
0.42557
0.425908
0.426195
0.426442
0.426659
0.426855
0.427037
0.427211
0.427384
0.42756
0.42774
0.427926
0.428114
0.428302
0.428488
0.428667
0.428816
0.330232
0.338864
0.346855
0.354263
0.361095
0.367357
0.373057
0.378209
0.382839
0.386977
0.39066
0.393927
0.396817
0.399366
0.401608
0.403574
0.405292
0.40679
0.408093
0.409227
0.410212
0.411071
0.41182
0.412477
0.413054
0.413565
0.414018
0.414424
0.41479
0.415124
0.41543
0.415715
0.415983
0.416235
0.416472
0.416692
0.416894
0.417075
0.417236
0.417359
0.308069
0.317191
0.325677
0.333583
0.340912
0.347665
0.353848
0.359476
0.36457
0.36916
0.37328
0.376969
0.380264
0.383202
0.385815
0.388136
0.390193
0.392015
0.393629
0.39506
0.396329
0.397457
0.398463
0.399361
0.400166
0.400889
0.401539
0.402125
0.402654
0.403131
0.403564
0.403955
0.40431
0.40463
0.404915
0.405166
0.40538
0.405558
0.405699
0.405798
0.286703
0.296255
0.305179
0.313526
0.321295
0.328485
0.335101
0.341155
0.346667
0.351665
0.356184
0.360259
0.363928
0.367225
0.370183
0.372834
0.375208
0.377334
0.37924
0.380949
0.382484
0.383867
0.385114
0.386241
0.387261
0.388184
0.38902
0.389776
0.390458
0.391073
0.391624
0.392117
0.392554
0.392937
0.393269
0.393547
0.393773
0.393946
0.394068
0.394144
0.266167
0.276089
0.28539
0.294121
0.302274
0.309847
0.316843
0.323274
0.329158
0.334523
0.339401
0.343826
0.347834
0.351459
0.354734
0.35769
0.360358
0.362766
0.364943
0.366912
0.368697
0.370317
0.37179
0.373131
0.374352
0.375464
0.376475
0.377391
0.378217
0.37896
0.379623
0.380211
0.380725
0.381168
0.381542
0.381846
0.382082
0.38225
0.382353
0.382411
0.246488
0.256718
0.266338
0.275393
0.283873
0.291775
0.2991
0.305859
0.312071
0.31776
0.322957
0.327695
0.332008
0.335929
0.339491
0.342725
0.345661
0.348329
0.350756
0.352966
0.354982
0.356824
0.358507
0.360048
0.361457
0.362744
0.363917
0.364982
0.365944
0.366806
0.367574
0.368249
0.368835
0.369333
0.369746
0.370074
0.370319
0.370482
0.370567
0.370605
0.227685
0.238162
0.24804
0.257361
0.266114
0.27429
0.281893
0.288933
0.295427
0.301398
0.306875
0.311889
0.316472
0.320657
0.324475
0.327959
0.331138
0.334042
0.336697
0.339128
0.341356
0.343401
0.345279
0.347004
0.348587
0.350037
0.351361
0.352563
0.353649
0.354622
0.355485
0.356242
0.356894
0.357444
0.357892
0.358242
0.358494
0.358652
0.358721
0.358738
0.20977
0.220432
0.23051
0.240041
0.24901
0.257409
0.265242
0.272516
0.279248
0.285459
0.291175
0.296427
0.301245
0.305661
0.309707
0.313412
0.316808
0.319923
0.322783
0.325414
0.327835
0.330066
0.332121
0.334015
0.335757
0.337355
0.338816
0.340145
0.341344
0.342418
0.343369
0.3442
0.344912
0.345509
0.34599
0.346359
0.346618
0.346771
0.346823
0.34682
0.192744
0.203535
0.213755
0.22344
0.232573
0.241146
0.24916
0.256623
0.263549
0.269958
0.275875
0.281328
0.286346
0.29096
0.295201
0.299099
0.302685
0.305987
0.309031
0.31184
0.314434
0.316832
0.319047
0.321093
0.322978
0.324711
0.326296
0.327738
0.32904
0.330205
0.331236
0.332134
0.332901
0.333539
0.33405
0.334436
0.334701
0.334848
0.334884
0.334862
0.176607
0.18747
0.197778
0.207564
0.216811
0.225509
0.233658
0.241265
0.248342
0.254909
0.260987
0.266604
0.271787
0.276566
0.280973
0.285036
0.288786
0.29225
0.295454
0.29842
0.301168
0.303713
0.306071
0.308252
0.310264
0.312116
0.313811
0.315354
0.316748
0.317994
0.319096
0.320053
0.320869
0.321545
0.322082
0.322483
0.322752
0.322893
0.322914
0.322874
0.161348
0.172231
0.182576
0.192415
0.201728
0.210504
0.218743
0.226451
0.233638
0.240321
0.246522
0.252266
0.257579
0.262492
0.267034
0.271235
0.275123
0.278726
0.282067
0.285168
0.288048
0.290723
0.293204
0.295502
0.297627
0.299582
0.301374
0.303005
0.304478
0.305796
0.306959
0.30797
0.308828
0.309536
0.310095
0.310509
0.310782
0.310917
0.310924
0.310865
0.146956
0.15781
0.168144
0.177989
0.187322
0.196133
0.204419
0.212185
0.219441
0.226202
0.232488
0.238322
0.243733
0.248748
0.253396
0.257707
0.261707
0.265424
0.26888
0.272095
0.275087
0.277871
0.280457
0.282856
0.285075
0.287119
0.288993
0.2907
0.292242
0.29362
0.294837
0.295892
0.296787
0.297522
0.2981
0.298524
0.298798
0.298927
0.29892
0.298846
0.133413
0.144193
0.154474
0.16428
0.173591
0.182394
0.190685
0.198469
0.205754
0.212554
0.218888
0.224779
0.230254
0.235341
0.240067
0.244461
0.248549
0.252356
0.255903
0.259211
0.262295
0.265168
0.267841
0.270323
0.27262
0.274738
0.27668
0.278449
0.280048
0.281477
0.282737
0.283829
0.284754
0.285511
0.286104
0.286535
0.28681
0.286932
0.286913
0.286824
0.1207
0.131368
0.141553
0.151281
0.160528
0.169283
0.177539
0.185301
0.192577
0.199378
0.205725
0.21164
0.217148
0.222276
0.227053
0.231504
0.235654
0.239528
0.243146
0.246524
0.249679
0.252623
0.255364
0.257911
0.26027
0.262446
0.264442
0.266261
0.267905
0.269374
0.270669
0.27179
0.272737
0.273511
0.274115
0.274551
0.274825
0.274941
0.27491
0.274807
0.108799
0.119316
0.129369
0.138979
0.148125
0.156791
0.164974
0.172676
0.179905
0.186673
0.192999
0.198905
0.204416
0.209558
0.214358
0.218841
0.223031
0.226948
0.230614
0.234042
0.237248
0.240242
0.243033
0.245628
0.248033
0.250252
0.252288
0.254143
0.25582
0.257318
0.258639
0.25978
0.260744
0.26153
0.26214
0.262579
0.262851
0.26296
0.262919
0.262803
0.0976892
0.108022
0.117905
0.127361
0.136367
0.144909
0.152981
0.160586
0.167732
0.174433
0.180706
0.186573
0.192058
0.197188
0.201986
0.206477
0.210682
0.214621
0.218313
0.221771
0.225007
0.228033
0.230855
0.23348
0.235914
0.238161
0.240223
0.242102
0.2438
0.245317
0.246653
0.247808
0.248781
0.249574
0.250187
0.250625
0.250894
0.250996
0.250945
0.250819
0.0873485
0.0974638
0.107144
0.116411
0.125241
0.13362
0.141545
0.149019
0.15605
0.162651
0.168841
0.174641
0.180074
0.185165
0.189937
0.194412
0.19861
0.20255
0.206246
0.209713
0.212961
0.215999
0.218834
0.221473
0.22392
0.226179
0.228252
0.230142
0.23185
0.233375
0.234718
0.235878
0.236854
0.237648
0.23826
0.238696
0.23896
0.239056
0.238996
0.23886
0.0777549
0.087621
0.097065
0.106106
0.114725
0.122908
0.130653
0.137963
0.144847
0.151319
0.157398
0.163104
0.16846
0.173489
0.178212
0.182649
0.186818
0.190736
0.194417
0.197873
0.201112
0.204144
0.206974
0.209609
0.212053
0.214309
0.21638
0.218268
0.219974
0.221497
0.222838
0.223995
0.224968
0.225758
0.226366
0.226796
0.227055
0.227143
0.227075
0.226931
0.0688837
0.0784686
0.0876427
0.0964258
0.1048
0.112754
0.120286
0.127401
0.13411
0.140427
0.146369
0.151957
0.157213
0.162156
0.166808
0.171185
0.175305
0.179181
0.182826
0.18625
0.189461
0.192468
0.195276
0.19789
0.200314
0.202553
0.204608
0.206482
0.208174
0.209686
0.211015
0.212162
0.213126
0.213907
0.214507
0.21493
0.215181
0.215263
0.215187
0.215037
0.0607073
0.069979
0.0788505
0.0873427
0.0954404
0.103134
0.110425
0.117319
0.123827
0.129963
0.135746
0.141194
0.146327
0.151164
0.155723
0.160019
0.164068
0.167881
0.17147
0.174843
0.178008
0.180971
0.183739
0.186315
0.188705
0.190912
0.192938
0.194785
0.196453
0.197943
0.199253
0.200382
0.201331
0.202099
0.202687
0.2031
0.203343
0.203417
0.203336
0.20318
0.0531955
0.0621219
0.0706592
0.0788297
0.0866215
0.0940276
0.101051
0.107698
0.113982
0.119917
0.125519
0.130806
0.135796
0.140505
0.144951
0.149146
0.153104
0.156834
0.160346
0.163649
0.166748
0.16965
0.17236
0.174884
0.177224
0.179385
0.181369
0.183178
0.184812
0.18627
0.187552
0.188657
0.189585
0.190335
0.190908
0.191309
0.191542
0.191609
0.191523
0.191363
0.0463157
0.0548654
0.0630384
0.0708589
0.0783181
0.0854117
0.0921441
0.0985242
0.104564
0.110276
0.115678
0.120784
0.125611
0.130174
0.134486
0.13856
0.142406
0.146033
0.149449
0.152662
0.155678
0.158501
0.161138
0.163592
0.165868
0.16797
0.1699
0.171659
0.173248
0.174666
0.175913
0.176987
0.177888
0.178615
0.179171
0.179557
0.17978
0.179839
0.179749
0.179587
0.040034
0.0481772
0.0559583
0.0634031
0.0705062
0.0772655
0.083687
0.0897801
0.0955564
0.101029
0.106211
0.111118
0.115763
0.12016
0.124319
0.128251
0.131965
0.13547
0.138772
0.141877
0.14479
0.147518
0.150065
0.152436
0.154634
0.156665
0.158528
0.160227
0.161762
0.163131
0.164334
0.165371
0.16624
0.16694
0.167474
0.167845
0.168056
0.168108
0.168014
0.167852
0.0343171
0.0420265
0.0493907
0.0564373
0.0631636
0.0695697
0.0756623
0.0814511
0.0869471
0.0921619
0.0971077
0.101797
0.106241
0.110452
0.114438
0.118209
0.121773
0.125136
0.128304
0.131283
0.134077
0.136694
0.139136
0.141409
0.143517
0.145463
0.14725
0.148878
0.150349
0.151661
0.152814
0.153807
0.154639
0.155309
0.155819
0.156171
0.156369
0.156415
0.156319
0.156158
0.0291344
0.0363853
0.0433108
0.0499393
0.0562708
0.0623067
0.0680543
0.0735226
0.0787218
0.0836619
0.0883534
0.0928066
0.0970313
0.101037
0.104831
0.108422
0.111816
0.115018
0.118034
0.12087
0.123529
0.126019
0.128342
0.130504
0.132509
0.134359
0.136058
0.137607
0.139005
0.140252
0.141348
0.142292
0.143083
0.143719
0.144202
0.144534
0.144719
0.144758
0.144661
0.144502
0.0244591
0.0312299
0.0376974
0.0438905
0.049811
0.0554612
0.0608482
0.0659803
0.0708662
0.0755145
0.0799338
0.0841326
0.0881188
0.0919002
0.0954835
0.0988747
0.102079
0.105103
0.10795
0.110625
0.113135
0.115482
0.117673
0.119712
0.121601
0.123346
0.124947
0.126406
0.127724
0.1289
0.129933
0.130822
0.131567
0.132166
0.13262
0.132931
0.133102
0.133134
0.133038
0.132882
0.0202702
0.0265416
0.0325337
0.0382753
0.0437695
0.0490188
0.0540296
0.0588093
0.063365
0.0677038
0.0718325
0.0757579
0.0794866
0.0830245
0.0863774
0.0895501
0.0925477
0.0953746
0.0980358
0.100536
0.10288
0.105072
0.107118
0.109021
0.110785
0.112413
0.113908
0.11527
0.1165
0.117597
0.118562
0.119392
0.120087
0.120646
0.121068
0.121357
0.121514
0.12154
0.121445
0.121294
0.0165515
0.0223054
0.0278057
0.0330802
0.0381326
0.0429652
0.0475835
0.0519936
0.0562012
0.0602118
0.0640309
0.0676636
0.0711152
0.0743904
0.0774939
0.0804298
0.0832025
0.0858163
0.0882759
0.0905857
0.0927507
0.0947753
0.096664
0.0984208
0.100049
0.101552
0.102931
0.104188
0.105324
0.106337
0.107228
0.107995
0.108637
0.109153
0.109543
0.109808
0.109951
0.109971
0.109878
0.109732
0.0132901
0.0185091
0.0235009
0.0282919
0.0328859
0.0372847
0.0414927
0.0455148
0.0493551
0.0530181
0.0565077
0.059828
0.0629829
0.0659763
0.0688117
0.071493
0.074024
0.0764089
0.0786521
0.0807581
0.0827314
0.0845764
0.0862973
0.0878978
0.0893812
0.0907502
0.0920068
0.0931523
0.0941872
0.0951114
0.095924
0.0966239
0.0972098
0.0976807
0.0980361
0.0982773
0.0984055
0.0984203
0.09833
0.0981917
0.0104738
0.0151394
0.019605
0.0238947
0.0280121
0.0319583
0.0357367
0.0393508
0.0428038
0.0460987
0.0492387
0.0522265
0.0550653
0.0577579
0.0603073
0.062717
0.0649905
0.0671318
0.0691451
0.0710347
0.0728048
0.0744596
0.0760028
0.0774381
0.0787682
0.079996
0.0811231
0.0821509
0.0830799
0.08391
0.0846403
0.0852699
0.0857972
0.0862212
0.0865411
0.0867575
0.0868711
0.086881
0.0867945
0.0866641
0.00808637
0.0121789
0.0160988
0.0198676
0.0234885
0.0269618
0.0302898
0.033475
0.0365197
0.039426
0.0421959
0.0448315
0.047335
0.0497088
0.0519553
0.0540777
0.0560791
0.0579634
0.0597344
0.0613963
0.0629528
0.0644078
0.0657646
0.0670265
0.0681961
0.0692758
0.0702675
0.0711721
0.0719904
0.0727222
0.0733667
0.0739231
0.0743897
0.0747654
0.0750489
0.0752404
0.0753397
0.0753453
0.0752633
0.0751417
0.00610337
0.00960154
0.0129548
0.0161817
0.0192848
0.0222637
0.02512
0.0278552
0.0304706
0.0329677
0.0353478
0.0376122
0.0397626
0.0418007
0.0437287
0.0455494
0.0472656
0.048881
0.0503989
0.051823
0.0531568
0.0544035
0.0555662
0.0566476
0.0576501
0.058576
0.0594268
0.0602036
0.0609069
0.0615366
0.0620924
0.062573
0.0629773
0.0633036
0.0635505
0.0637172
0.0638029
0.0638049
0.0637281
0.0636158
0.00448779
0.00736964
0.0101347
0.0127984
0.0153624
0.0178258
0.0201893
0.0224537
0.0246199
0.0266885
0.0286603
0.0305361
0.0323169
0.0340043
0.0356001
0.0371064
0.0385262
0.0398622
0.0411176
0.0422953
0.0433984
0.0444296
0.0453914
0.0462862
0.0471162
0.0478831
0.0485884
0.049233
0.0498176
0.0503422
0.0508064
0.0512094
0.0515498
0.0518262
0.0520365
0.0521793
0.0522523
0.0522516
0.0521804
0.0520778
0.00319058
0.00543559
0.00759224
0.00967273
0.0116776
0.0136057
0.0154571
0.017232
0.0189308
0.0205536
0.0221006
0.0235724
0.0249696
0.0262933
0.0275449
0.0287264
0.0298399
0.0308878
0.0318725
0.0327966
0.0336622
0.0344717
0.0352269
0.03593
0.0365826
0.0371861
0.0377419
0.0382508
0.0387134
0.0391299
0.0395002
0.0398237
0.0400993
0.0403253
0.0404995
0.0406194
0.0406811
0.0406787
0.040613
0.0405199
0.00212743
0.00371694
0.00524747
0.00672724
0.00815574
0.00953158
0.0108544
0.012124
0.0133401
0.0145027
0.0156115
0.0166667
0.0176688
0.0186183
0.0195164
0.0203645
0.021164
0.0219167
0.0226244
0.0232888
0.0239116
0.0244944
0.0250386
0.0255458
0.0260172
0.026454
0.0268572
0.0272278
0.0275663
0.0278733
0.0281488
0.0283927
0.0286043
0.0287821
0.0289235
0.029025
0.0290809
0.0290814
0.0290217
0.0289368
0.00112421
0.00204
0.00292582
0.0037881
0.00462482
0.00543415
0.00621519
0.00696721
0.00768951
0.00838155
0.00904292
0.0096734
0.010273
0.0108421
0.0113811
0.0118908
0.0123721
0.0128259
0.0132534
0.0136554
0.014033
0.0143871
0.0147188
0.015029
0.0153186
0.0155886
0.0158399
0.0160733
0.0162896
0.0164898
0.0166744
0.0168438
0.0169977
0.0171351
0.0172536
0.0173492
0.0174149
0.0174363
0.0173968
0.0173266
-8.62764e-07
0.000263716
0.000523715
0.000785582
0.00104709
0.00130584
0.00156029
0.00180918
0.00205146
0.00228626
0.00251289
0.00273088
0.00293988
0.00313973
0.00333042
0.00351204
0.00368478
0.00384886
0.00400458
0.00415226
0.00429222
0.00442484
0.00455047
0.00466951
0.00478232
0.00488921
0.00499048
0.00508631
0.00517684
0.00526209
0.00534201
0.00541643
0.00548508
0.00554749
0.00560304
0.00565098
0.00568942
0.00571111
0.00570191
0.00566996
)
;

boundaryField
{
    leftWall
    {
        type            fixedFluxPressure;
        gradient        uniform 0;
        value           nonuniform List<scalar> 
86
(
1559.29
1557.85
1556.79
1555.85
1555.2
1554.98
1555.37
1556.49
1558.47
1561.39
1565.35
1570.46
1576.76
1584.28
1593.05
1603.11
1614.47
1627.13
1641.12
1656.44
1673.09
1691.06
1710.37
1731.01
1752.98
1776.27
1800.87
1826.78
1853.97
1882.43
1912.14
1943.08
1975.23
2008.55
2043.02
2078.59
2115.22
2152.89
2191.54
2231.06
2271.25
2312.1
2352.5
2388.87
2413.22
2021.02
420.419
-1.3373
-1.18133
-1.11817
-1.07433
-1.03567
-0.994316
-0.949313
-0.902117
-0.854508
-0.807613
-0.762142
-0.718486
-0.676754
-0.636862
-0.598672
-0.562147
-0.527341
-0.494235
-0.46268
-0.432503
-0.403592
-0.375877
-0.349285
-0.323743
-0.299183
-0.275517
-0.252608
-0.2303
-0.208517
-0.187328
-0.166927
-0.147533
-0.129287
-0.112045
-0.0952229
-0.0788427
-0.0644358
-0.0481884
-0.00721068
)
;
    }
    rightWall
    {
        type            fixedFluxPressure;
        gradient        uniform 0;
        value           nonuniform List<scalar> 
86
(
0.716086
0.716299
0.716462
0.716539
0.716433
0.716084
0.715461
0.714547
0.713338
0.711838
0.710036
0.707921
0.705503
0.702788
0.699777
0.696475
0.692885
0.68901
0.684851
0.680412
0.675693
0.670696
0.665423
0.659873
0.654049
0.647952
0.641582
0.634942
0.628033
0.620857
0.613418
0.605719
0.597763
0.589553
0.581096
0.572395
0.563455
0.554284
0.544887
0.535272
0.525444
0.515412
0.505182
0.494762
0.48416
0.473387
0.462454
0.451374
0.440158
0.428816
0.417359
0.405798
0.394144
0.382411
0.370605
0.358738
0.34682
0.334862
0.322874
0.310865
0.298846
0.286824
0.274807
0.262803
0.250819
0.23886
0.226931
0.215037
0.20318
0.191363
0.179587
0.167852
0.156158
0.144502
0.132882
0.121294
0.109732
0.0981917
0.0866641
0.0751417
0.0636158
0.0520778
0.0405199
0.0289368
0.0173266
0.00566996
)
;
    }
    lowerWall
    {
        type            fixedFluxPressure;
        gradient        uniform 0;
        value           nonuniform List<scalar> 
110
(
1559.29
1562.07
1563.02
1561.58
1556.89
1548.65
1536.88
1521.7
1503.24
1481.6
1456.83
1428.97
1397.98
1363.78
1326.24
1285.14
1240.17
1190.94
1136.91
1077.44
1011.77
939.069
858.61
770.029
673.822
572.066
469.003
371.583
289.225
219.991
162.809
116.139
82.6392
62.4896
42.7686
12.8032
5.21149
3.27043
2.67042
2.48771
2.42117
2.38727
2.36612
2.35316
2.34507
2.34545
2.34545
2.34538
2.32936
2.29902
2.25471
2.1964
2.12246
2.02685
1.89191
1.68581
0.659313
0.872763
1.00895
1.01831
0.933411
0.93211
0.930699
0.92863
0.925616
0.921273
0.915776
0.908904
0.888452
0.847616
0.933411
0.936479
0.937786
0.937296
0.934347
0.929038
0.921831
0.913227
0.903657
0.893468
0.88293
0.872264
0.861561
0.850964
0.840563
0.830426
0.820596
0.811101
0.801963
0.793195
0.784815
0.776836
0.769278
0.762158
0.755492
0.749295
0.743581
0.73836
0.733644
0.729443
0.725767
0.722626
0.720031
0.71799
0.716506
0.715571
0.715156
0.715092
0.715379
0.716086
)
;
    }
    atmosphere
    {
        type            totalPressure;
        rho             rho;
        psi             none;
        gamma           1;
        p0              uniform 0;
        value           nonuniform List<scalar> 
90
(
-0.00725889
-0.0200165
-0.0171389
-0.0151752
-0.0137415
-0.0125943
-0.0116391
-0.010821
-0.0101022
-0.00945543
-0.00886067
-0.00830327
-0.00777255
-0.007261
-0.00676365
-0.00627761
-0.00580159
-0.00533552
-0.00488018
-0.00443693
-0.00400745
-0.00359358
-0.00319713
-0.00281987
-0.00246337
-0.002129
-0.00181793
-0.00153102
-0.00126892
-0.00103199
-0.000820364
-0.00063395
-0.000472482
-0.000335588
-0.000222882
-0.000134075
-6.89605e-05
-2.71191e-05
-6.58696e-06
0
0
0
0
0
0
0
0
0
0
0
0
0
0
0
0
0
0
0
0
0
0
0
0
0
0
0
0
0
0
0
0
0
0
0
0
0
0
0
0
0
0
0
0
0
0
0
0
0
0
0
)
;
    }
    defaultFaces
    {
        type            empty;
    }
}


// ************************************************************************* //
