/*--------------------------------*- C++ -*----------------------------------*\
  =========                 |
  \\      /  F ield         | OpenFOAM: The Open Source CFD Toolbox
   \\    /   O peration     | Website:  https://openfoam.org
    \\  /    A nd           | Version:  9
     \\/     M anipulation  |
\*---------------------------------------------------------------------------*/
FoamFile
{
    format      ascii;
    class       volScalarField;
    location    "150";
    object      p_rgh;
}
// * * * * * * * * * * * * * * * * * * * * * * * * * * * * * * * * * * * * * //

dimensions      [1 -1 -2 0 0 0 0];

internalField   nonuniform List<scalar> 
4000
(
195.08
195.08
195.079
195.079
195.079
195.079
195.079
195.079
195.079
195.08
195.08
195.08
195.08
195.08
195.081
195.081
195.081
195.082
195.082
195.082
195.079
195.079
195.079
195.078
195.078
195.078
195.078
195.078
195.078
195.079
195.079
195.079
195.079
195.08
195.08
195.08
195.081
195.081
195.081
195.082
195.079
195.078
195.078
195.078
195.077
195.077
195.077
195.077
195.077
195.078
195.079
195.079
195.079
195.079
195.079
195.08
195.08
195.08
195.081
195.081
195.078
195.077
195.077
195.077
195.076
195.076
195.076
195.076
195.077
195.077
195.078
195.078
195.078
195.078
195.078
195.079
195.079
195.08
195.08
195.08
195.077
195.077
195.076
195.076
195.075
195.075
195.075
195.076
195.076
195.076
195.076
195.077
195.077
195.077
195.077
195.078
195.078
195.079
195.079
195.08
195.076
195.075
195.075
195.075
195.074
195.074
195.074
195.075
195.075
195.075
195.074
195.075
195.076
195.076
195.076
195.076
195.077
195.077
195.078
195.079
195.075
195.074
195.074
195.073
195.073
195.073
195.073
195.074
195.073
195.073
195.072
195.073
195.075
195.075
195.075
195.075
195.076
195.076
195.077
195.077
195.074
195.073
195.073
195.072
195.072
195.072
195.072
195.073
195.072
195.071
195.069
195.07
195.073
195.074
195.074
195.074
195.074
195.075
195.075
195.076
195.073
195.072
195.071
195.071
195.071
195.071
195.072
195.073
195.071
195.068
195.065
195.067
195.072
195.074
195.073
195.073
195.073
195.073
195.074
195.074
195.075
195.073
195.073
195.072
195.073
195.074
195.074
195.073
195.069
195.064
195.061
195.063
195.07
195.076
195.075
195.074
195.074
195.074
195.074
195.076
195.08
195.079
195.079
195.079
195.079
195.078
195.078
195.079
195.079
195.079
195.08
195.08
195.08
195.08
195.08
195.081
195.081
195.081
195.082
195.082
195.079
195.079
195.079
195.078
195.078
195.078
195.077
195.078
195.078
195.078
195.079
195.079
195.079
195.079
195.079
195.08
195.08
195.081
195.081
195.081
195.078
195.078
195.078
195.077
195.077
195.077
195.077
195.077
195.077
195.078
195.078
195.078
195.078
195.078
195.079
195.079
195.079
195.08
195.08
195.081
195.077
195.077
195.077
195.076
195.076
195.076
195.076
195.076
195.076
195.076
195.077
195.077
195.078
195.078
195.078
195.078
195.079
195.079
195.079
195.08
195.077
195.076
195.076
195.075
195.075
195.075
195.075
195.075
195.075
195.075
195.075
195.076
195.076
195.077
195.077
195.077
195.078
195.078
195.079
195.079
195.075
195.075
195.075
195.074
195.074
195.074
195.074
195.074
195.074
195.073
195.072
195.073
195.075
195.076
195.076
195.076
195.077
195.077
195.077
195.078
195.074
195.074
195.073
195.073
195.073
195.073
195.073
195.072
195.071
195.07
195.069
195.069
195.073
195.074
195.075
195.075
195.075
195.076
195.076
195.077
195.073
195.073
195.072
195.072
195.072
195.072
195.072
195.071
195.068
195.066
195.063
195.064
195.07
195.074
195.074
195.074
195.074
195.075
195.075
195.075
195.072
195.072
195.071
195.071
195.071
195.072
195.072
195.068
195.064
195.059
195.057
195.058
195.066
195.073
195.073
195.073
195.073
195.073
195.073
195.074
195.073
195.073
195.073
195.073
195.074
195.074
195.072
195.064
195.056
195.051
195.049
195.05
195.058
195.072
195.076
195.075
195.074
195.074
195.074
195.075
195.079
195.079
195.079
195.079
195.078
195.078
195.078
195.078
195.079
195.079
195.08
195.08
195.08
195.08
195.08
195.08
195.081
195.081
195.081
195.082
195.079
195.079
195.078
195.078
195.078
195.077
195.077
195.077
195.077
195.078
195.078
195.079
195.079
195.079
195.079
195.08
195.08
195.08
195.081
195.081
195.078
195.078
195.077
195.077
195.077
195.076
195.076
195.076
195.076
195.077
195.077
195.078
195.078
195.078
195.078
195.079
195.079
195.08
195.08
195.08
195.077
195.077
195.076
195.076
195.076
195.076
195.075
195.075
195.075
195.075
195.076
195.076
195.077
195.077
195.078
195.078
195.078
195.079
195.079
195.08
195.076
195.076
195.075
195.075
195.075
195.075
195.074
195.074
195.074
195.074
195.074
195.074
195.076
195.076
195.077
195.077
195.077
195.078
195.078
195.079
195.075
195.075
195.074
195.074
195.074
195.074
195.073
195.073
195.072
195.071
195.071
195.071
195.074
195.075
195.076
195.076
195.076
195.077
195.077
195.077
195.074
195.073
195.073
195.073
195.073
195.073
195.072
195.071
195.069
195.068
195.066
195.067
195.071
195.074
195.074
195.075
195.075
195.075
195.076
195.076
195.073
195.072
195.072
195.072
195.072
195.072
195.07
195.067
195.064
195.062
195.06
195.061
195.066
195.072
195.074
195.074
195.074
195.074
195.074
195.075
195.071
195.071
195.071
195.071
195.072
195.072
195.067
195.061
195.056
195.053
195.052
195.052
195.057
195.069
195.074
195.074
195.073
195.073
195.073
195.073
195.073
195.073
195.073
195.074
195.075
195.072
195.061
195.051
195.046
195.043
195.043
195.043
195.047
195.06
195.074
195.076
195.075
195.074
195.074
195.074
195.079
195.079
195.079
195.079
195.078
195.078
195.078
195.078
195.078
195.079
195.079
195.08
195.08
195.08
195.08
195.08
195.08
195.081
195.081
195.081
195.078
195.078
195.078
195.078
195.078
195.077
195.077
195.077
195.077
195.077
195.078
195.078
195.079
195.079
195.079
195.079
195.08
195.08
195.08
195.081
195.078
195.077
195.077
195.077
195.077
195.076
195.076
195.076
195.076
195.076
195.076
195.077
195.078
195.078
195.078
195.078
195.079
195.079
195.08
195.08
195.077
195.076
195.076
195.076
195.075
195.075
195.075
195.075
195.074
195.074
195.075
195.075
195.076
195.077
195.077
195.078
195.078
195.078
195.079
195.079
195.076
195.075
195.075
195.075
195.075
195.074
195.074
195.073
195.073
195.073
195.073
195.073
195.075
195.076
195.076
195.077
195.077
195.077
195.078
195.078
195.075
195.074
195.074
195.074
195.074
195.073
195.073
195.072
195.071
195.07
195.07
195.07
195.072
195.074
195.075
195.076
195.076
195.076
195.077
195.077
195.073
195.073
195.073
195.073
195.073
195.072
195.071
195.069
195.067
195.066
195.065
195.065
195.068
195.072
195.074
195.075
195.075
195.075
195.075
195.076
195.072
195.072
195.072
195.072
195.072
195.07
195.067
195.063
195.061
195.06
195.059
195.058
195.061
195.067
195.073
195.074
195.074
195.074
195.074
195.074
195.071
195.071
195.071
195.072
195.072
195.067
195.059
195.053
195.051
195.05
195.049
195.049
195.051
195.059
195.07
195.074
195.074
195.073
195.073
195.073
195.072
195.073
195.074
195.075
195.073
195.06
195.049
195.044
195.041
195.041
195.041
195.041
195.042
195.048
195.063
195.075
195.076
195.075
195.074
195.074
195.079
195.079
195.078
195.078
195.078
195.078
195.078
195.078
195.078
195.078
195.079
195.079
195.079
195.08
195.08
195.08
195.08
195.08
195.081
195.081
195.078
195.078
195.078
195.078
195.077
195.077
195.077
195.077
195.077
195.077
195.077
195.078
195.078
195.079
195.079
195.079
195.079
195.08
195.08
195.081
195.077
195.077
195.077
195.077
195.076
195.076
195.076
195.075
195.075
195.075
195.076
195.076
195.077
195.078
195.078
195.078
195.079
195.079
195.079
195.08
195.076
195.076
195.076
195.075
195.075
195.075
195.074
195.074
195.074
195.074
195.074
195.075
195.076
195.076
195.077
195.077
195.078
195.078
195.078
195.079
195.075
195.075
195.075
195.075
195.074
195.074
195.073
195.072
195.072
195.071
195.072
195.072
195.074
195.075
195.076
195.076
195.077
195.077
195.077
195.078
195.074
195.074
195.074
195.074
195.073
195.073
195.071
195.07
195.069
195.069
195.068
195.069
195.071
195.073
195.074
195.075
195.076
195.076
195.076
195.077
195.073
195.073
195.073
195.073
195.072
195.071
195.068
195.067
195.065
195.064
195.064
195.064
195.066
195.069
195.072
195.074
195.075
195.075
195.075
195.075
195.072
195.072
195.072
195.072
195.071
195.066
195.062
195.06
195.059
195.058
195.058
195.057
195.058
195.062
195.069
195.073
195.074
195.074
195.074
195.074
195.071
195.071
195.072
195.072
195.068
195.058
195.052
195.05
195.049
195.049
195.049
195.048
195.048
195.051
195.061
195.071
195.074
195.073
195.073
195.073
195.073
195.074
195.075
195.073
195.06
195.048
195.043
195.042
195.041
195.04
195.041
195.04
195.04
195.041
195.049
195.066
195.075
195.075
195.075
195.074
195.079
195.078
195.078
195.078
195.078
195.078
195.078
195.078
195.078
195.078
195.078
195.079
195.079
195.08
195.08
195.08
195.08
195.08
195.081
195.081
195.078
195.078
195.077
195.077
195.077
195.077
195.077
195.077
195.076
195.076
195.077
195.077
195.078
195.078
195.079
195.079
195.079
195.079
195.08
195.08
195.077
195.077
195.076
195.076
195.076
195.076
195.076
195.075
195.075
195.075
195.075
195.076
195.077
195.077
195.078
195.078
195.078
195.079
195.079
195.08
195.076
195.076
195.076
195.075
195.075
195.075
195.074
195.074
195.073
195.073
195.073
195.074
195.075
195.076
195.077
195.077
195.077
195.078
195.078
195.079
195.075
195.075
195.075
195.074
195.074
195.073
195.072
195.071
195.071
195.07
195.071
195.072
195.073
195.074
195.075
195.076
195.076
195.077
195.077
195.078
195.074
195.074
195.074
195.073
195.073
195.071
195.07
195.069
195.068
195.067
195.067
195.068
195.07
195.071
195.073
195.075
195.075
195.076
195.076
195.076
195.073
195.073
195.073
195.072
195.071
195.068
195.067
195.065
195.063
195.063
195.063
195.063
195.065
195.067
195.07
195.073
195.074
195.075
195.075
195.075
195.072
195.072
195.072
195.07
195.066
195.062
195.06
195.059
195.057
195.056
195.057
195.057
195.056
195.059
195.064
195.07
195.073
195.074
195.074
195.074
195.071
195.072
195.072
195.067
195.058
195.052
195.05
195.05
195.049
195.048
195.049
195.048
195.047
195.047
195.052
195.063
195.072
195.074
195.073
195.072
195.074
195.074
195.072
195.06
195.048
195.043
195.042
195.043
195.043
195.041
195.042
195.041
195.039
195.039
195.041
195.051
195.067
195.075
195.075
195.074
195.079
195.078
195.078
195.078
195.078
195.078
195.078
195.078
195.078
195.078
195.078
195.079
195.079
195.08
195.08
195.08
195.08
195.08
195.081
195.081
195.078
195.077
195.077
195.077
195.077
195.077
195.078
195.077
195.077
195.076
195.077
195.077
195.078
195.078
195.079
195.079
195.079
195.079
195.08
195.08
195.077
195.077
195.076
195.076
195.076
195.076
195.076
195.076
195.075
195.075
195.075
195.076
195.077
195.077
195.078
195.078
195.078
195.079
195.079
195.08
195.076
195.076
195.075
195.075
195.074
195.074
195.074
195.073
195.072
195.072
195.073
195.074
195.075
195.076
195.076
195.077
195.077
195.078
195.078
195.079
195.075
195.075
195.074
195.074
195.073
195.072
195.072
195.07
195.069
195.068
195.07
195.071
195.072
195.074
195.075
195.075
195.076
195.077
195.077
195.078
195.074
195.074
195.073
195.073
195.071
195.07
195.069
195.067
195.065
195.064
195.066
195.067
195.069
195.071
195.072
195.074
195.075
195.075
195.076
195.076
195.073
195.073
195.072
195.071
195.068
195.067
195.065
195.063
195.06
195.059
195.061
195.062
195.064
195.065
195.068
195.071
195.073
195.074
195.075
195.075
195.072
195.072
195.07
195.067
195.062
195.06
195.059
195.057
195.054
195.053
195.055
195.056
195.056
195.057
195.06
195.065
195.07
195.073
195.074
195.074
195.072
195.072
195.067
195.059
195.052
195.05
195.05
195.05
195.047
195.046
195.048
195.048
195.047
195.046
195.048
195.055
195.065
195.072
195.073
195.073
195.074
195.072
195.061
195.049
195.043
195.042
195.044
195.045
195.045
195.043
195.043
195.042
195.039
195.038
195.038
195.042
195.055
195.069
195.075
195.075
195.079
195.079
195.078
195.078
195.078
195.078
195.078
195.079
195.078
195.077
195.078
195.078
195.079
195.079
195.08
195.08
195.08
195.081
195.081
195.081
195.078
195.078
195.077
195.077
195.077
195.077
195.077
195.078
195.077
195.076
195.076
195.077
195.078
195.078
195.078
195.079
195.079
195.08
195.08
195.08
195.077
195.077
195.076
195.076
195.075
195.075
195.076
195.075
195.073
195.072
195.074
195.075
195.076
195.077
195.077
195.078
195.078
195.079
195.079
195.08
195.076
195.076
195.075
195.075
195.074
195.074
195.073
195.072
195.068
195.067
195.071
195.073
195.074
195.075
195.076
195.077
195.077
195.078
195.078
195.079
195.076
195.075
195.074
195.073
195.072
195.071
195.07
195.068
195.062
195.061
195.067
195.07
195.072
195.073
195.074
195.075
195.076
195.077
195.077
195.078
195.075
195.074
195.073
195.072
195.07
195.069
195.067
195.063
195.056
195.055
195.062
195.066
195.068
195.07
195.071
195.073
195.074
195.075
195.076
195.076
195.074
195.072
195.071
195.069
195.067
195.065
195.063
195.058
195.051
195.049
195.056
195.061
195.063
195.064
195.066
195.069
195.071
195.073
195.074
195.075
195.073
195.071
195.067
195.063
195.06
195.059
195.057
195.053
195.046
195.044
195.051
195.054
195.056
195.056
195.058
195.061
195.067
195.071
195.073
195.074
195.073
195.068
195.061
195.053
195.05
195.05
195.05
195.048
195.043
195.041
195.045
195.047
195.047
195.046
195.046
195.05
195.058
195.067
195.073
195.074
195.073
195.064
195.051
195.044
195.042
195.043
195.045
195.048
195.048
195.044
195.044
195.042
195.04
195.038
195.037
195.039
195.045
195.059
195.071
195.075
195.079
195.079
195.079
195.078
195.078
195.078
195.078
195.078
195.078
195.076
195.076
195.078
195.078
195.079
195.08
195.08
195.081
195.081
195.081
195.081
195.078
195.078
195.077
195.077
195.077
195.076
195.077
195.077
195.073
195.067
195.072
195.076
195.077
195.078
195.078
195.079
195.079
195.08
195.08
195.081
195.077
195.077
195.076
195.076
195.075
195.075
195.075
195.073
195.064
195.057
195.068
195.074
195.076
195.077
195.077
195.078
195.078
195.079
195.079
195.08
195.077
195.076
195.075
195.074
195.074
195.073
195.072
195.068
195.056
195.048
195.063
195.071
195.074
195.075
195.076
195.076
195.077
195.078
195.078
195.079
195.076
195.075
195.074
195.073
195.072
195.071
195.069
195.062
195.048
195.041
195.059
195.068
195.071
195.073
195.074
195.075
195.076
195.076
195.077
195.078
195.075
195.074
195.072
195.071
195.069
195.068
195.065
195.056
195.041
195.035
195.054
195.064
195.068
195.069
195.071
195.072
195.073
195.075
195.076
195.077
195.073
195.071
195.069
195.067
195.065
195.063
195.06
195.051
195.036
195.03
195.049
195.059
195.063
195.064
195.066
195.067
195.07
195.072
195.074
195.076
195.072
195.068
195.064
195.061
195.059
195.057
195.054
195.046
195.033
195.028
195.044
195.052
195.056
195.056
195.057
195.059
195.063
195.068
195.072
195.075
195.071
195.064
195.056
195.051
195.049
195.049
195.047
195.043
195.035
195.03
195.041
195.045
195.047
195.047
195.046
195.048
195.053
195.061
195.07
195.074
195.069
195.056
195.046
195.041
195.041
195.043
195.045
195.048
195.046
195.041
195.043
195.041
195.04
195.038
195.038
195.037
195.04
195.05
195.064
195.074
195.08
195.079
195.079
195.079
195.078
195.078
195.078
195.077
195.076
195.051
195.059
195.076
195.078
195.079
195.08
195.081
195.081
195.081
195.081
195.082
195.079
195.078
195.078
195.077
195.077
195.076
195.076
195.076
195.067
195.038
195.059
195.074
195.077
195.078
195.079
195.079
195.08
195.08
195.08
195.081
195.078
195.078
195.077
195.076
195.075
195.075
195.075
195.072
195.057
195.027
195.057
195.072
195.075
195.077
195.077
195.078
195.079
195.079
195.08
195.08
195.077
195.076
195.075
195.074
195.074
195.073
195.072
195.067
195.048
195.022
195.055
195.07
195.073
195.075
195.076
195.076
195.077
195.078
195.079
195.079
195.076
195.075
195.074
195.073
195.071
195.07
195.068
195.061
195.041
195.02
195.052
195.067
195.071
195.072
195.073
195.074
195.075
195.076
195.077
195.078
195.075
195.073
195.071
195.07
195.069
195.067
195.064
195.055
195.035
195.019
195.049
195.063
195.067
195.069
195.07
195.071
195.072
195.074
195.076
195.077
195.073
195.07
195.068
195.066
195.064
195.063
195.059
195.049
195.03
195.018
195.045
195.058
195.062
195.064
195.065
195.066
195.068
195.071
195.073
195.076
195.071
195.066
195.062
195.06
195.058
195.056
195.053
195.044
195.028
195.018
195.041
195.052
195.056
195.057
195.057
195.059
195.061
195.065
195.07
195.075
195.068
195.059
195.053
195.05
195.049
195.048
195.046
195.041
195.03
195.022
195.038
195.045
195.048
195.048
195.047
195.047
195.051
195.057
195.065
195.073
195.064
195.051
195.043
195.041
195.04
195.041
195.043
195.044
195.041
195.034
195.04
195.04
195.039
195.039
195.038
195.038
195.039
195.045
195.057
195.071
195.08
195.08
195.08
195.079
195.079
195.078
195.078
195.078
195.076
195.059
195.063
195.076
195.079
195.08
195.081
195.081
195.082
195.082
195.082
195.082
195.079
195.079
195.078
195.078
195.077
195.077
195.077
195.076
195.072
195.059
195.068
195.076
195.077
195.078
195.079
195.079
195.08
195.08
195.081
195.081
195.079
195.078
195.077
195.076
195.076
195.075
195.075
195.074
195.068
195.057
195.067
195.074
195.076
195.077
195.078
195.078
195.079
195.079
195.08
195.08
195.078
195.077
195.076
195.075
195.074
195.073
195.073
195.071
195.063
195.055
195.066
195.072
195.074
195.075
195.076
195.076
195.077
195.078
195.079
195.08
195.076
195.075
195.074
195.073
195.072
195.071
195.07
195.067
195.059
195.052
195.063
195.069
195.072
195.073
195.073
195.074
195.075
195.076
195.077
195.079
195.074
195.072
195.071
195.07
195.068
195.067
195.066
195.062
195.054
195.049
195.059
195.065
195.068
195.069
195.07
195.071
195.072
195.073
195.075
195.077
195.072
195.069
195.066
195.065
195.064
195.063
195.061
195.056
195.049
195.045
195.054
195.061
195.063
195.064
195.065
195.066
195.067
195.069
195.072
195.075
195.069
195.063
195.06
195.059
195.058
195.057
195.055
195.051
195.044
195.041
195.049
195.055
195.057
195.058
195.057
195.058
195.06
195.063
195.067
195.073
195.065
195.057
195.052
195.049
195.049
195.049
195.048
195.045
195.041
195.038
195.044
195.048
195.049
195.049
195.048
195.048
195.05
195.054
195.061
195.07
195.061
195.049
195.043
195.041
195.041
195.042
195.043
195.044
195.043
195.04
195.042
195.041
195.041
195.04
195.039
195.039
195.039
195.043
195.053
195.066
195.08
195.08
195.08
195.08
195.079
195.079
195.079
195.078
195.078
195.076
195.076
195.078
195.079
195.08
195.081
195.081
195.082
195.082
195.082
195.082
195.079
195.079
195.079
195.078
195.078
195.077
195.077
195.077
195.076
195.074
195.076
195.077
195.078
195.079
195.079
195.08
195.08
195.08
195.081
195.081
195.079
195.078
195.078
195.077
195.076
195.076
195.076
195.075
195.074
195.072
195.074
195.076
195.077
195.078
195.078
195.079
195.079
195.079
195.08
195.08
195.078
195.077
195.076
195.075
195.075
195.074
195.074
195.073
195.071
195.07
195.072
195.074
195.075
195.076
195.076
195.077
195.078
195.078
195.079
195.08
195.077
195.076
195.074
195.073
195.072
195.072
195.071
195.07
195.068
195.067
195.069
195.071
195.073
195.073
195.074
195.075
195.076
195.077
195.078
195.079
195.075
195.073
195.071
195.07
195.069
195.068
195.067
195.066
195.064
195.063
195.065
195.068
195.069
195.07
195.071
195.072
195.073
195.075
195.076
195.078
195.073
195.069
195.067
195.065
195.064
195.063
195.062
195.061
195.059
195.058
195.061
195.063
195.064
195.065
195.065
195.067
195.069
195.071
195.074
195.076
195.07
195.064
195.061
195.058
195.057
195.057
195.056
195.054
195.052
195.052
195.055
195.057
195.057
195.057
195.057
195.059
195.062
195.066
195.07
195.075
195.067
195.058
195.052
195.049
195.048
195.048
195.048
195.047
195.045
195.045
195.048
195.049
195.049
195.048
195.047
195.047
195.05
195.056
195.065
195.073
195.063
195.05
195.043
195.041
195.04
195.041
195.042
195.042
195.041
195.04
195.041
195.041
195.041
195.04
195.039
195.038
195.04
195.045
195.056
195.07
195.08
195.08
195.08
195.08
195.079
195.079
195.079
195.079
195.078
195.078
195.079
195.079
195.08
195.081
195.081
195.081
195.082
195.082
195.082
195.082
195.079
195.079
195.079
195.079
195.078
195.078
195.078
195.078
195.077
195.077
195.077
195.078
195.079
195.079
195.08
195.08
195.08
195.08
195.081
195.081
195.079
195.078
195.078
195.078
195.077
195.077
195.077
195.076
195.076
195.075
195.076
195.077
195.078
195.078
195.079
195.079
195.079
195.08
195.08
195.08
195.078
195.078
195.077
195.076
195.076
195.075
195.075
195.074
195.074
195.073
195.074
195.075
195.076
195.076
195.077
195.078
195.078
195.079
195.079
195.08
195.077
195.076
195.076
195.075
195.074
195.073
195.072
195.072
195.071
195.071
195.072
195.073
195.073
195.074
195.075
195.076
195.077
195.077
195.078
195.079
195.076
195.075
195.074
195.072
195.071
195.07
195.069
195.068
195.068
195.067
195.068
195.069
195.07
195.071
195.072
195.073
195.075
195.076
195.077
195.077
195.075
195.073
195.071
195.068
195.066
195.065
195.064
195.063
195.063
195.062
195.063
195.064
195.064
195.065
195.067
195.069
195.072
195.074
195.076
195.076
195.073
195.07
195.066
195.061
195.058
195.056
195.056
195.056
195.056
195.056
195.057
195.057
195.057
195.057
195.058
195.062
195.066
195.071
195.074
195.075
195.072
195.066
195.057
195.051
195.048
195.047
195.047
195.047
195.047
195.048
195.049
195.049
195.048
195.047
195.046
195.049
195.056
195.066
195.073
195.075
195.07
195.058
195.047
195.042
195.04
195.039
195.039
195.04
195.04
195.039
195.041
195.041
195.04
195.039
195.038
195.039
195.043
195.054
195.069
195.076
195.08
195.08
195.08
195.08
195.08
195.08
195.08
195.079
195.079
195.079
195.08
195.08
195.081
195.081
195.081
195.081
195.081
195.081
195.082
195.082
195.08
195.079
195.079
195.079
195.079
195.078
195.078
195.078
195.078
195.078
195.078
195.079
195.079
195.08
195.08
195.08
195.08
195.08
195.081
195.081
195.079
195.078
195.078
195.078
195.078
195.077
195.077
195.077
195.077
195.077
195.077
195.078
195.078
195.079
195.079
195.079
195.079
195.08
195.08
195.081
195.078
195.078
195.077
195.077
195.076
195.076
195.076
195.075
195.075
195.075
195.075
195.076
195.076
195.077
195.078
195.078
195.078
195.079
195.079
195.08
195.077
195.077
195.076
195.076
195.075
195.074
195.074
195.073
195.073
195.072
195.073
195.073
195.074
195.075
195.076
195.077
195.077
195.078
195.078
195.079
195.076
195.076
195.075
195.074
195.073
195.071
195.071
195.07
195.069
195.069
195.069
195.07
195.071
195.072
195.074
195.075
195.076
195.077
195.077
195.077
195.075
195.074
195.074
195.072
195.069
195.067
195.065
195.064
195.064
195.064
195.064
195.065
195.065
195.067
195.069
195.072
195.074
195.076
195.076
195.076
195.074
195.074
195.072
195.067
195.062
195.059
195.057
195.056
195.056
195.057
195.058
195.057
195.057
195.058
195.061
195.067
195.072
195.075
195.075
195.075
195.074
195.073
195.069
195.059
195.051
195.047
195.046
195.046
195.047
195.048
195.049
195.048
195.047
195.046
195.048
195.056
195.067
195.074
195.075
195.074
195.076
195.072
195.06
195.048
195.041
195.039
195.038
195.038
195.038
195.039
195.04
195.04
195.039
195.038
195.039
195.043
195.055
195.071
195.077
195.076
195.081
195.08
195.08
195.08
195.08
195.08
195.08
195.08
195.08
195.08
195.081
195.081
195.081
195.081
195.081
195.081
195.081
195.082
195.082
195.082
195.08
195.079
195.079
195.079
195.079
195.079
195.079
195.078
195.078
195.079
195.079
195.079
195.08
195.08
195.08
195.08
195.08
195.081
195.081
195.082
195.079
195.079
195.078
195.078
195.078
195.078
195.078
195.077
195.077
195.077
195.078
195.078
195.079
195.079
195.079
195.079
195.08
195.08
195.08
195.081
195.078
195.078
195.078
195.077
195.077
195.077
195.076
195.076
195.076
195.076
195.076
195.076
195.077
195.078
195.078
195.078
195.079
195.079
195.079
195.08
195.077
195.077
195.077
195.076
195.076
195.075
195.075
195.074
195.074
195.073
195.073
195.074
195.075
195.076
195.077
195.077
195.078
195.078
195.078
195.079
195.076
195.076
195.076
195.075
195.074
195.073
195.072
195.071
195.071
195.07
195.07
195.071
195.072
195.074
195.075
195.076
195.077
195.077
195.077
195.078
195.075
195.075
195.074
195.074
195.072
195.07
195.068
195.066
195.066
195.065
195.065
195.065
195.067
195.069
195.072
195.075
195.076
195.076
195.076
195.076
195.074
195.074
195.074
195.073
195.069
195.064
195.06
195.058
195.057
195.057
195.057
195.057
195.058
195.061
195.067
195.072
195.075
195.075
195.075
195.075
195.073
195.073
195.074
195.07
195.061
195.052
195.048
195.046
195.046
195.047
195.048
195.047
195.046
195.048
195.056
195.068
195.075
195.075
195.074
195.074
195.075
195.076
195.074
195.063
195.049
195.041
195.038
195.037
195.038
195.038
195.039
195.039
195.038
195.039
195.043
195.056
195.073
195.077
195.076
195.075
195.081
195.081
195.08
195.08
195.08
195.08
195.08
195.08
195.08
195.081
195.081
195.081
195.081
195.081
195.081
195.081
195.081
195.082
195.082
195.083
195.08
195.08
195.08
195.079
195.079
195.079
195.079
195.079
195.079
195.079
195.079
195.08
195.08
195.08
195.08
195.08
195.081
195.081
195.081
195.082
195.08
195.079
195.079
195.078
195.078
195.078
195.078
195.078
195.078
195.078
195.078
195.079
195.079
195.079
195.079
195.08
195.08
195.08
195.081
195.081
195.079
195.078
195.078
195.078
195.077
195.077
195.077
195.077
195.076
195.076
195.076
195.077
195.078
195.078
195.078
195.079
195.079
195.079
195.08
195.08
195.078
195.077
195.077
195.077
195.076
195.076
195.075
195.075
195.075
195.074
195.074
195.075
195.076
195.077
195.077
195.078
195.078
195.078
195.079
195.079
195.076
195.076
195.076
195.076
195.075
195.075
195.074
195.073
195.072
195.071
195.071
195.072
195.073
195.075
195.076
195.077
195.077
195.077
195.078
195.078
195.075
195.075
195.075
195.075
195.074
195.073
195.071
195.069
195.067
195.066
195.066
195.067
195.069
195.072
195.075
195.076
195.076
195.076
195.077
195.077
195.074
195.074
195.074
195.074
195.073
195.07
195.065
195.061
195.059
195.059
195.058
195.059
195.062
195.067
195.072
195.075
195.075
195.075
195.075
195.075
195.073
195.073
195.074
195.074
195.071
195.063
195.055
195.05
195.048
195.047
195.048
195.047
195.049
195.056
195.068
195.075
195.075
195.075
195.074
195.074
195.074
195.075
195.076
195.075
195.066
195.051
195.042
195.039
195.037
195.038
195.039
195.038
195.039
195.043
195.056
195.073
195.077
195.077
195.076
195.075
195.081
195.081
195.081
195.08
195.08
195.08
195.08
195.08
195.081
195.081
195.082
195.082
195.082
195.081
195.081
195.081
195.082
195.082
195.082
195.083
195.081
195.08
195.08
195.08
195.079
195.079
195.079
195.079
195.079
195.08
195.08
195.08
195.08
195.08
195.08
195.081
195.081
195.081
195.082
195.082
195.08
195.079
195.079
195.079
195.079
195.078
195.078
195.078
195.078
195.079
195.079
195.079
195.079
195.079
195.08
195.08
195.08
195.081
195.081
195.082
195.079
195.079
195.078
195.078
195.078
195.077
195.077
195.077
195.077
195.077
195.077
195.078
195.078
195.078
195.079
195.079
195.079
195.08
195.08
195.081
195.078
195.078
195.077
195.077
195.077
195.076
195.076
195.076
195.076
195.075
195.075
195.076
195.077
195.077
195.078
195.078
195.078
195.079
195.079
195.08
195.077
195.077
195.076
195.076
195.076
195.075
195.075
195.074
195.073
195.072
195.072
195.073
195.075
195.076
195.077
195.077
195.077
195.078
195.078
195.079
195.076
195.075
195.075
195.075
195.075
195.074
195.073
195.071
195.07
195.068
195.067
195.069
195.072
195.074
195.076
195.076
195.076
195.077
195.077
195.077
195.074
195.074
195.074
195.074
195.074
195.073
195.07
195.067
195.063
195.061
195.06
195.062
195.066
195.072
195.075
195.075
195.075
195.076
195.076
195.076
195.073
195.073
195.073
195.074
195.074
195.072
195.065
195.058
195.053
195.051
195.05
195.05
195.056
195.067
195.075
195.075
195.075
195.074
195.074
195.074
195.074
195.074
195.075
195.076
195.075
195.067
195.055
195.045
195.04
195.039
195.039
195.04
195.043
195.055
195.073
195.077
195.077
195.076
195.075
195.075
195.082
195.081
195.081
195.081
195.08
195.08
195.08
195.081
195.081
195.081
195.082
195.082
195.082
195.081
195.082
195.082
195.082
195.082
195.083
195.083
195.081
195.081
195.08
195.08
195.08
195.079
195.079
195.08
195.08
195.08
195.08
195.08
195.08
195.08
195.081
195.081
195.081
195.082
195.082
195.083
195.08
195.08
195.08
195.079
195.079
195.079
195.079
195.079
195.079
195.079
195.079
195.079
195.08
195.08
195.08
195.08
195.081
195.081
195.081
195.082
195.08
195.079
195.079
195.078
195.078
195.078
195.078
195.078
195.078
195.078
195.078
195.078
195.079
195.079
195.079
195.079
195.08
195.08
195.081
195.081
195.079
195.078
195.078
195.077
195.077
195.077
195.077
195.077
195.076
195.076
195.076
195.077
195.077
195.078
195.078
195.078
195.079
195.079
195.08
195.08
195.077
195.077
195.077
195.076
195.076
195.076
195.075
195.075
195.075
195.074
195.073
195.075
195.076
195.077
195.077
195.077
195.078
195.078
195.079
195.079
195.076
195.076
195.075
195.075
195.075
195.075
195.074
195.073
195.072
195.071
195.069
195.071
195.074
195.076
195.076
195.076
195.077
195.077
195.078
195.078
195.075
195.075
195.074
195.074
195.074
195.074
195.073
195.071
195.068
195.065
195.063
195.066
195.071
195.075
195.075
195.075
195.076
195.076
195.076
195.076
195.073
195.073
195.073
195.073
195.073
195.074
195.072
195.067
195.061
195.057
195.054
195.056
195.066
195.074
195.075
195.075
195.074
195.075
195.075
195.075
195.074
195.074
195.074
195.075
195.075
195.075
195.069
195.059
195.05
195.045
195.043
195.045
195.054
195.071
195.077
195.077
195.076
195.076
195.076
195.075
195.082
195.082
195.081
195.081
195.081
195.081
195.081
195.081
195.081
195.081
195.082
195.082
195.082
195.082
195.082
195.082
195.082
195.083
195.083
195.083
195.081
195.081
195.081
195.08
195.08
195.08
195.08
195.08
195.08
195.08
195.081
195.081
195.081
195.081
195.081
195.081
195.082
195.082
195.083
195.083
195.081
195.08
195.08
195.08
195.079
195.079
195.079
195.079
195.079
195.08
195.08
195.08
195.08
195.08
195.08
195.081
195.081
195.081
195.082
195.082
195.08
195.079
195.079
195.079
195.078
195.078
195.078
195.078
195.078
195.079
195.079
195.079
195.079
195.079
195.079
195.08
195.08
195.081
195.081
195.082
195.079
195.079
195.078
195.078
195.077
195.077
195.077
195.077
195.077
195.077
195.077
195.078
195.078
195.078
195.078
195.079
195.079
195.08
195.08
195.081
195.078
195.077
195.077
195.077
195.076
195.076
195.076
195.076
195.076
195.076
195.075
195.076
195.077
195.077
195.077
195.078
195.078
195.079
195.079
195.08
195.077
195.076
195.076
195.075
195.075
195.075
195.075
195.074
195.074
195.073
195.072
195.074
195.076
195.076
195.076
195.077
195.077
195.078
195.078
195.079
195.075
195.075
195.074
195.074
195.074
195.074
195.074
195.073
195.072
195.07
195.067
195.07
195.074
195.075
195.075
195.075
195.076
195.076
195.077
195.077
195.074
195.073
195.073
195.073
195.073
195.073
195.073
195.073
195.07
195.065
195.061
195.065
195.073
195.075
195.074
195.074
195.074
195.075
195.075
195.075
195.074
195.074
195.074
195.074
195.075
195.075
195.075
195.071
195.064
195.057
195.053
195.056
195.069
195.077
195.076
195.076
195.075
195.076
195.076
195.076
195.082
195.082
195.082
195.081
195.081
195.081
195.081
195.081
195.081
195.082
195.082
195.082
195.082
195.082
195.082
195.083
195.083
195.083
195.083
195.084
195.082
195.081
195.081
195.081
195.081
195.08
195.08
195.08
195.081
195.081
195.081
195.081
195.081
195.081
195.082
195.082
195.082
195.083
195.083
195.083
195.081
195.081
195.08
195.08
195.08
195.08
195.08
195.08
195.08
195.08
195.08
195.08
195.08
195.081
195.081
195.081
195.082
195.082
195.082
195.083
195.08
195.08
195.08
195.079
195.079
195.079
195.079
195.079
195.079
195.079
195.08
195.08
195.08
195.08
195.08
195.08
195.081
195.081
195.082
195.082
195.08
195.079
195.079
195.078
195.078
195.078
195.078
195.078
195.078
195.078
195.079
195.079
195.079
195.079
195.079
195.079
195.08
195.08
195.081
195.081
195.079
195.078
195.077
195.077
195.077
195.076
195.076
195.076
195.077
195.077
195.077
195.078
195.077
195.077
195.078
195.078
195.079
195.079
195.08
195.08
195.077
195.077
195.076
195.076
195.075
195.075
195.075
195.075
195.076
195.076
195.075
195.076
195.076
195.076
195.076
195.077
195.077
195.078
195.079
195.079
195.076
195.075
195.075
195.074
195.074
195.074
195.074
195.074
195.075
195.075
195.073
195.075
195.075
195.075
195.075
195.075
195.076
195.076
195.077
195.078
195.074
195.074
195.073
195.073
195.073
195.072
195.073
195.074
195.074
195.073
195.07
195.073
195.075
195.074
195.074
195.074
195.074
195.075
195.075
195.076
195.076
195.075
195.074
195.074
195.074
195.074
195.075
195.075
195.074
195.071
195.066
195.07
195.076
195.076
195.075
195.075
195.075
195.075
195.076
195.078
)
;

boundaryField
{
    floor
    {
        type            fixedFluxPressure;
        gradient        uniform 0;
        value           nonuniform List<scalar> 
400
(
195.08
195.08
195.079
195.079
195.079
195.079
195.079
195.079
195.079
195.08
195.08
195.08
195.08
195.08
195.081
195.081
195.081
195.082
195.082
195.082
195.08
195.079
195.079
195.079
195.079
195.078
195.078
195.079
195.079
195.079
195.08
195.08
195.08
195.08
195.08
195.081
195.081
195.081
195.082
195.082
195.079
195.079
195.079
195.079
195.078
195.078
195.078
195.078
195.079
195.079
195.08
195.08
195.08
195.08
195.08
195.08
195.081
195.081
195.081
195.082
195.079
195.079
195.079
195.079
195.078
195.078
195.078
195.078
195.078
195.079
195.079
195.08
195.08
195.08
195.08
195.08
195.08
195.081
195.081
195.081
195.079
195.079
195.078
195.078
195.078
195.078
195.078
195.078
195.078
195.078
195.079
195.079
195.079
195.08
195.08
195.08
195.08
195.08
195.081
195.081
195.079
195.078
195.078
195.078
195.078
195.078
195.078
195.078
195.078
195.078
195.078
195.079
195.079
195.08
195.08
195.08
195.08
195.08
195.081
195.081
195.079
195.078
195.078
195.078
195.078
195.078
195.078
195.078
195.078
195.078
195.078
195.079
195.079
195.08
195.08
195.08
195.08
195.08
195.081
195.081
195.079
195.079
195.078
195.078
195.078
195.078
195.078
195.079
195.078
195.077
195.078
195.078
195.079
195.079
195.08
195.08
195.08
195.081
195.081
195.081
195.079
195.079
195.079
195.078
195.078
195.078
195.078
195.078
195.078
195.076
195.076
195.078
195.078
195.079
195.08
195.08
195.081
195.081
195.081
195.081
195.08
195.079
195.079
195.079
195.078
195.078
195.078
195.077
195.076
195.051
195.059
195.076
195.078
195.079
195.08
195.081
195.081
195.081
195.081
195.082
195.08
195.08
195.08
195.079
195.079
195.078
195.078
195.078
195.076
195.059
195.063
195.076
195.079
195.08
195.081
195.081
195.082
195.082
195.082
195.082
195.08
195.08
195.08
195.08
195.079
195.079
195.079
195.078
195.078
195.076
195.076
195.078
195.079
195.08
195.081
195.081
195.082
195.082
195.082
195.082
195.08
195.08
195.08
195.08
195.079
195.079
195.079
195.079
195.078
195.078
195.079
195.079
195.08
195.081
195.081
195.081
195.082
195.082
195.082
195.082
195.08
195.08
195.08
195.08
195.08
195.08
195.08
195.079
195.079
195.079
195.08
195.08
195.081
195.081
195.081
195.081
195.081
195.081
195.082
195.082
195.081
195.08
195.08
195.08
195.08
195.08
195.08
195.08
195.08
195.08
195.081
195.081
195.081
195.081
195.081
195.081
195.081
195.082
195.082
195.082
195.081
195.081
195.08
195.08
195.08
195.08
195.08
195.08
195.08
195.081
195.081
195.081
195.081
195.081
195.081
195.081
195.081
195.082
195.082
195.083
195.081
195.081
195.081
195.08
195.08
195.08
195.08
195.08
195.081
195.081
195.082
195.082
195.082
195.081
195.081
195.081
195.082
195.082
195.082
195.083
195.082
195.081
195.081
195.081
195.08
195.08
195.08
195.081
195.081
195.081
195.082
195.082
195.082
195.081
195.082
195.082
195.082
195.082
195.083
195.083
195.082
195.082
195.081
195.081
195.081
195.081
195.081
195.081
195.081
195.081
195.082
195.082
195.082
195.082
195.082
195.082
195.082
195.083
195.083
195.083
195.082
195.082
195.082
195.081
195.081
195.081
195.081
195.081
195.081
195.082
195.082
195.082
195.082
195.082
195.082
195.083
195.083
195.083
195.083
195.084
)
;
    }
    ceiling
    {
        type            fixedFluxPressure;
        gradient        nonuniform List<scalar> 
400
(
0.320896
0.328464
0.332224
0.333732
0.333476
0.331621
0.330792
0.339147
0.360058
0.384181
0.399959
0.390239
0.352983
0.325038
0.323318
0.324681
0.323833
0.321449
0.317252
0.308727
0.328464
0.330962
0.332465
0.332671
0.331377
0.330875
0.344136
0.378375
0.410369
0.430913
0.44041
0.435501
0.400645
0.341206
0.321513
0.322327
0.322409
0.320981
0.318391
0.31424
0.332224
0.332465
0.332321
0.331095
0.330071
0.344604
0.389244
0.429213
0.448206
0.457597
0.460698
0.459578
0.443799
0.391686
0.330508
0.320175
0.320661
0.320389
0.319148
0.317374
0.333732
0.332671
0.331095
0.329704
0.342819
0.396454
0.439926
0.457511
0.463065
0.467603
0.46795
0.468625
0.465152
0.442319
0.379235
0.32568
0.318955
0.319312
0.319339
0.319021
0.333476
0.331377
0.330071
0.342819
0.398571
0.444616
0.462013
0.467126
0.469811
0.474958
0.472972
0.47214
0.472531
0.466794
0.436443
0.367171
0.324213
0.318145
0.318754
0.319568
0.331621
0.330875
0.344604
0.396454
0.444616
0.463364
0.469073
0.473799
0.480923
0.488334
0.482344
0.477631
0.47583
0.47498
0.465472
0.426118
0.357437
0.322798
0.31786
0.318985
0.330792
0.344136
0.389244
0.439926
0.462013
0.469073
0.475181
0.485923
0.500321
0.510741
0.49774
0.487118
0.480624
0.478038
0.475292
0.45991
0.40963
0.348185
0.320973
0.317815
0.339147
0.378375
0.429213
0.457511
0.467126
0.473799
0.485923
0.504951
0.52922
0.54392
0.518977
0.499934
0.487347
0.480568
0.477827
0.472337
0.447573
0.390868
0.337974
0.318549
0.360058
0.410369
0.448206
0.463065
0.469811
0.480923
0.500321
0.52922
0.566089
0.587225
0.543791
0.513673
0.49413
0.482705
0.477478
0.474919
0.463684
0.425993
0.368032
0.326399
0.384181
0.430913
0.457597
0.467603
0.474958
0.488334
0.510741
0.54392
0.587225
0.616988
0.559215
0.521595
0.497661
0.483384
0.476315
0.473677
0.468395
0.445446
0.397889
0.344721
0.399959
0.44041
0.460698
0.46795
0.472972
0.482344
0.49774
0.518977
0.543791
0.559215
0.528107
0.504633
0.488204
0.477922
0.473009
0.471728
0.469116
0.453985
0.41814
0.366717
0.390239
0.435501
0.459578
0.468625
0.47214
0.477631
0.487118
0.499934
0.513673
0.521595
0.504633
0.490792
0.480735
0.474716
0.472583
0.472417
0.467833
0.447882
0.404173
0.348136
0.352983
0.400645
0.443799
0.465152
0.472531
0.47583
0.480624
0.487347
0.49413
0.497661
0.488204
0.480735
0.475867
0.473906
0.47399
0.47123
0.454164
0.40808
0.346062
0.31513
0.325038
0.341206
0.391686
0.442319
0.466794
0.47498
0.478038
0.480568
0.482705
0.483384
0.477922
0.474716
0.473906
0.474612
0.472534
0.455946
0.405573
0.33739
0.311702
0.31067
0.323318
0.321513
0.330508
0.379235
0.436444
0.465472
0.475292
0.477827
0.477478
0.476315
0.473009
0.472583
0.47399
0.472534
0.456482
0.404072
0.331819
0.309191
0.30958
0.311931
0.324681
0.322327
0.320175
0.32568
0.367171
0.426118
0.45991
0.472337
0.474919
0.473677
0.471728
0.472417
0.47123
0.455946
0.404072
0.330091
0.307884
0.308369
0.310173
0.311904
0.323833
0.322409
0.320661
0.318955
0.324213
0.357437
0.40963
0.447573
0.463684
0.468395
0.469116
0.467833
0.454164
0.405573
0.331819
0.307884
0.307882
0.308939
0.30973
0.310443
0.321449
0.320981
0.320389
0.319312
0.318145
0.322798
0.348185
0.390868
0.425993
0.445446
0.453985
0.447882
0.40808
0.33739
0.309191
0.308369
0.308939
0.308866
0.308346
0.307867
0.317252
0.318391
0.319148
0.319339
0.318754
0.31786
0.320973
0.337974
0.368032
0.397889
0.41814
0.404173
0.346062
0.311702
0.30958
0.310173
0.30973
0.308346
0.306246
0.303607
0.308727
0.31424
0.317374
0.319021
0.319568
0.318985
0.317815
0.318549
0.326399
0.344721
0.366717
0.348136
0.31513
0.31067
0.311931
0.311904
0.310443
0.307867
0.303607
0.294806
)
;
        value           nonuniform List<scalar> 
400
(
195.155
195.155
195.156
195.156
195.156
195.156
195.157
195.158
195.159
195.16
195.161
195.16
195.159
195.157
195.156
195.155
195.155
195.154
195.154
195.153
195.155
195.156
195.156
195.156
195.156
195.157
195.158
195.158
195.159
195.159
195.159
195.159
195.158
195.157
195.156
195.155
195.155
195.154
195.154
195.154
195.156
195.156
195.156
195.156
195.157
195.158
195.159
195.158
195.158
195.158
195.158
195.158
195.158
195.158
195.157
195.156
195.155
195.154
195.154
195.154
195.156
195.156
195.156
195.157
195.158
195.159
195.159
195.158
195.157
195.157
195.158
195.158
195.158
195.158
195.158
195.156
195.155
195.155
195.154
195.154
195.156
195.156
195.157
195.158
195.159
195.159
195.158
195.158
195.159
195.159
195.159
195.158
195.158
195.158
195.158
195.157
195.156
195.155
195.154
195.154
195.156
195.157
195.158
195.159
195.159
195.159
195.159
195.161
195.163
195.163
195.162
195.16
195.158
195.158
195.158
195.158
195.157
195.155
195.154
195.154
195.157
195.158
195.159
195.159
195.158
195.159
195.162
195.167
195.17
195.171
195.168
195.163
195.16
195.158
195.157
195.157
195.157
195.156
195.155
195.154
195.158
195.158
195.158
195.158
195.158
195.161
195.167
195.174
195.18
195.18
195.174
195.167
195.162
195.158
195.157
195.157
195.157
195.156
195.156
195.155
195.159
195.159
195.158
195.157
195.159
195.163
195.17
195.18
195.187
195.188
195.179
195.17
195.163
195.159
195.157
195.156
195.156
195.157
195.156
195.156
195.16
195.159
195.158
195.157
195.159
195.163
195.171
195.18
195.188
195.189
195.179
195.17
195.164
195.16
195.157
195.156
195.156
195.157
195.157
195.157
195.161
195.159
195.158
195.158
195.159
195.162
195.168
195.174
195.179
195.179
195.174
195.168
195.163
195.16
195.158
195.157
195.157
195.157
195.157
195.157
195.16
195.159
195.158
195.158
195.158
195.16
195.163
195.167
195.17
195.17
195.168
195.164
195.161
195.159
195.157
195.157
195.157
195.157
195.157
195.157
195.159
195.158
195.158
195.158
195.158
195.158
195.16
195.162
195.163
195.164
195.163
195.161
195.159
195.157
195.157
195.157
195.157
195.156
195.156
195.155
195.157
195.157
195.158
195.158
195.158
195.158
195.158
195.158
195.159
195.16
195.16
195.159
195.157
195.157
195.157
195.157
195.157
195.155
195.155
195.154
195.156
195.156
195.157
195.158
195.158
195.158
195.157
195.157
195.157
195.157
195.158
195.157
195.157
195.157
195.157
195.157
195.155
195.154
195.154
195.153
195.155
195.155
195.156
195.156
195.157
195.158
195.157
195.157
195.156
195.156
195.157
195.157
195.157
195.157
195.157
195.156
195.154
195.154
195.153
195.153
195.155
195.155
195.155
195.155
195.156
195.157
195.157
195.157
195.156
195.156
195.157
195.157
195.157
195.157
195.155
195.154
195.154
195.153
195.153
195.153
195.154
195.154
195.154
195.155
195.155
195.155
195.156
195.156
195.157
195.157
195.157
195.157
195.156
195.155
195.154
195.154
195.153
195.153
195.153
195.152
195.154
195.154
195.154
195.154
195.154
195.154
195.155
195.156
195.156
195.157
195.157
195.157
195.156
195.155
195.154
195.153
195.153
195.153
195.152
195.152
195.153
195.154
195.154
195.154
195.154
195.154
195.154
195.155
195.156
195.157
195.157
195.157
195.155
195.154
195.153
195.153
195.153
195.152
195.152
195.152
)
;
    }
    fixedWalls
    {
        type            fixedFluxPressure;
        gradient        uniform 0;
        value           nonuniform List<scalar> 
800
(
195.08
195.079
195.079
195.078
195.077
195.076
195.075
195.074
195.073
195.075
195.08
195.079
195.078
195.077
195.077
195.075
195.074
195.073
195.072
195.073
195.079
195.079
195.078
195.077
195.076
195.075
195.074
195.073
195.071
195.073
195.079
195.078
195.078
195.077
195.076
195.075
195.073
195.072
195.071
195.072
195.079
195.078
195.077
195.076
195.075
195.074
195.073
195.072
195.071
195.073
195.079
195.078
195.077
195.076
195.075
195.074
195.073
195.072
195.071
195.074
195.079
195.078
195.077
195.076
195.075
195.074
195.073
195.072
195.072
195.074
195.079
195.078
195.077
195.076
195.076
195.075
195.074
195.073
195.073
195.073
195.079
195.078
195.077
195.077
195.076
195.075
195.073
195.072
195.071
195.069
195.08
195.079
195.078
195.077
195.076
195.075
195.073
195.071
195.068
195.064
195.08
195.079
195.079
195.078
195.076
195.074
195.072
195.069
195.065
195.061
195.08
195.079
195.079
195.078
195.077
195.075
195.073
195.07
195.067
195.063
195.08
195.079
195.079
195.078
195.077
195.076
195.075
195.073
195.072
195.07
195.08
195.08
195.079
195.078
195.077
195.076
195.075
195.074
195.074
195.076
195.081
195.08
195.079
195.078
195.077
195.076
195.075
195.074
195.073
195.075
195.081
195.08
195.08
195.079
195.078
195.076
195.075
195.074
195.073
195.074
195.081
195.081
195.08
195.079
195.078
195.077
195.076
195.074
195.073
195.074
195.082
195.081
195.08
195.08
195.079
195.077
195.076
195.075
195.073
195.074
195.082
195.081
195.081
195.08
195.079
195.078
195.077
195.075
195.074
195.074
195.082
195.082
195.081
195.08
195.08
195.079
195.077
195.076
195.074
195.076
195.082
195.082
195.081
195.08
195.08
195.079
195.077
195.076
195.074
195.076
195.082
195.081
195.081
195.08
195.079
195.078
195.077
195.075
195.074
195.075
195.082
195.081
195.08
195.08
195.079
195.077
195.076
195.075
195.073
195.074
195.081
195.081
195.08
195.079
195.078
195.077
195.076
195.074
195.073
195.074
195.081
195.081
195.08
195.079
195.078
195.077
195.075
195.074
195.073
195.074
195.081
195.08
195.08
195.079
195.078
195.076
195.075
195.074
195.072
195.074
195.081
195.08
195.08
195.079
195.078
195.076
195.075
195.074
195.073
195.075
195.081
195.08
195.08
195.079
195.078
195.076
195.075
195.074
195.074
195.075
195.081
195.081
195.08
195.079
195.078
195.077
195.076
195.075
195.074
195.074
195.082
195.081
195.08
195.079
195.078
195.077
195.076
195.075
195.073
195.071
195.082
195.081
195.08
195.08
195.079
195.077
195.075
195.073
195.07
195.066
195.082
195.081
195.08
195.08
195.079
195.078
195.076
195.075
195.073
195.07
195.082
195.081
195.08
195.08
195.079
195.077
195.076
195.075
195.075
195.076
195.082
195.081
195.081
195.08
195.079
195.077
195.076
195.075
195.074
195.076
195.082
195.082
195.081
195.08
195.079
195.078
195.076
195.075
195.074
195.075
195.083
195.082
195.081
195.08
195.079
195.078
195.077
195.075
195.074
195.075
195.083
195.082
195.082
195.081
195.08
195.079
195.077
195.076
195.074
195.075
195.083
195.083
195.082
195.081
195.08
195.079
195.078
195.076
195.075
195.075
195.083
195.083
195.082
195.082
195.081
195.08
195.079
195.077
195.075
195.076
195.084
195.083
195.083
195.082
195.081
195.08
195.079
195.078
195.076
195.078
195.08
195.079
195.079
195.078
195.077
195.076
195.075
195.074
195.073
195.075
195.08
195.079
195.078
195.077
195.077
195.075
195.074
195.073
195.072
195.073
195.079
195.079
195.078
195.077
195.076
195.075
195.074
195.073
195.071
195.073
195.079
195.078
195.078
195.077
195.076
195.075
195.073
195.072
195.071
195.072
195.079
195.078
195.077
195.076
195.075
195.074
195.073
195.072
195.071
195.073
195.079
195.078
195.077
195.076
195.075
195.074
195.073
195.072
195.071
195.074
195.079
195.078
195.077
195.076
195.075
195.074
195.073
195.072
195.072
195.074
195.079
195.078
195.077
195.076
195.076
195.075
195.074
195.073
195.073
195.073
195.079
195.078
195.077
195.077
195.076
195.075
195.073
195.072
195.071
195.069
195.08
195.079
195.078
195.077
195.076
195.075
195.073
195.071
195.068
195.064
195.08
195.079
195.079
195.078
195.076
195.074
195.072
195.069
195.065
195.061
195.08
195.079
195.079
195.078
195.077
195.075
195.073
195.07
195.067
195.063
195.08
195.079
195.079
195.078
195.077
195.076
195.075
195.073
195.072
195.07
195.08
195.08
195.079
195.078
195.077
195.076
195.075
195.074
195.074
195.076
195.081
195.08
195.079
195.078
195.077
195.076
195.075
195.074
195.073
195.075
195.081
195.08
195.08
195.079
195.078
195.076
195.075
195.074
195.073
195.074
195.081
195.081
195.08
195.079
195.078
195.077
195.076
195.074
195.073
195.074
195.082
195.081
195.08
195.08
195.079
195.077
195.076
195.075
195.073
195.074
195.082
195.081
195.081
195.08
195.079
195.078
195.077
195.075
195.074
195.074
195.082
195.082
195.081
195.08
195.08
195.079
195.077
195.076
195.074
195.076
195.082
195.082
195.081
195.08
195.08
195.079
195.077
195.076
195.074
195.076
195.082
195.081
195.081
195.08
195.079
195.078
195.077
195.075
195.074
195.075
195.082
195.081
195.08
195.08
195.079
195.077
195.076
195.075
195.073
195.074
195.081
195.081
195.08
195.079
195.078
195.077
195.076
195.074
195.073
195.074
195.081
195.081
195.08
195.079
195.078
195.077
195.075
195.074
195.073
195.074
195.081
195.08
195.08
195.079
195.078
195.076
195.075
195.074
195.072
195.074
195.081
195.08
195.08
195.079
195.078
195.076
195.075
195.074
195.073
195.075
195.081
195.08
195.08
195.079
195.078
195.076
195.075
195.074
195.074
195.075
195.081
195.081
195.08
195.079
195.078
195.077
195.076
195.075
195.074
195.074
195.082
195.081
195.08
195.079
195.078
195.077
195.076
195.075
195.073
195.071
195.082
195.081
195.08
195.08
195.079
195.077
195.075
195.073
195.07
195.066
195.082
195.081
195.08
195.08
195.079
195.078
195.076
195.075
195.073
195.07
195.082
195.081
195.08
195.08
195.079
195.077
195.076
195.075
195.075
195.076
195.082
195.081
195.081
195.08
195.079
195.077
195.076
195.075
195.074
195.076
195.082
195.082
195.081
195.08
195.079
195.078
195.076
195.075
195.074
195.075
195.083
195.082
195.081
195.08
195.079
195.078
195.077
195.075
195.074
195.075
195.083
195.082
195.082
195.081
195.08
195.079
195.077
195.076
195.074
195.075
195.083
195.083
195.082
195.081
195.08
195.079
195.078
195.076
195.075
195.075
195.083
195.083
195.082
195.082
195.081
195.08
195.079
195.077
195.075
195.076
195.084
195.083
195.083
195.082
195.081
195.08
195.079
195.078
195.076
195.078
)
;
    }
}


// ************************************************************************* //
