/*--------------------------------*- C++ -*----------------------------------*\
  =========                 |
  \\      /  F ield         | OpenFOAM: The Open Source CFD Toolbox
   \\    /   O peration     | Website:  https://openfoam.org
    \\  /    A nd           | Version:  9
     \\/     M anipulation  |
\*---------------------------------------------------------------------------*/
FoamFile
{
    format      ascii;
    class       volScalarField;
    location    "0.15";
    object      epsilon;
}
// * * * * * * * * * * * * * * * * * * * * * * * * * * * * * * * * * * * * * //

dimensions      [0 2 -3 0 0 0 0];

internalField   nonuniform List<scalar> 
7700
(
0.0751317
0.202006
0.33362
0.442669
0.53347
0.610453
0.676867
0.735321
0.788037
0.836935
0.8837
0.929847
0.976781
1.02585
1.0784
1.13578
1.19934
1.27042
1.35021
1.43964
1.53907
1.64798
1.76462
1.88559
2.00568
2.1179
2.21404
2.28572
2.32573
2.32951
2.29565
2.22386
2.11424
1.98435
1.84764
1.71037
1.58325
1.47781
1.40261
1.36052
1.34803
1.35584
1.33833
1.24026
1.11258
0.77437
0.135781
0.167376
0.20562
0.236239
0.26048
0.280091
0.296424
0.310504
0.323128
0.334925
0.346411
0.358026
0.370167
0.38321
0.397528
0.413499
0.431513
0.451951
0.475162
0.501402
0.530754
0.563029
0.597648
0.633546
0.669126
0.702324
0.730815
0.752391
0.765467
0.769533
0.765286
0.754458
0.739926
0.729663
0.722131
0.709948
0.691228
0.667849
0.644245
0.626484
0.619877
0.62701
0.647531
0.702978
1.10435
1.38593
0.190045
0.189537
0.204342
0.215726
0.224111
0.230497
0.235646
0.240142
0.244425
0.248832
0.253625
0.259022
0.265218
0.272401
0.280761
0.290495
0.301807
0.314888
0.329892
0.346894
0.36583
0.386434
0.408166
0.430164
0.451251
0.470013
0.48499
0.494982
0.499424
0.498724
0.494373
0.488705
0.484315
0.484037
0.488924
0.495586
0.500833
0.50429
0.509652
0.524331
0.558409
0.626282
0.752709
0.905782
1.29491
1.91426
0.230404
0.210524
0.212562
0.213703
0.213871
0.213636
0.213391
0.213432
0.213985
0.215215
0.217249
0.220193
0.224145
0.229206
0.235481
0.243083
0.252125
0.2627
0.274858
0.288564
0.303654
0.319784
0.336384
0.352643
0.367537
0.379926
0.388747
0.393282
0.39347
0.390161
0.385147
0.380823
0.379498
0.382907
0.391932
0.405744
0.423897
0.448016
0.483382
0.54032
0.63706
0.815686
1.19087
1.67659
1.99296
2.27851
0.261831
0.226017
0.219769
0.214484
0.209475
0.205068
0.201453
0.198755
0.197055
0.196406
0.196843
0.198396
0.2011
0.204996
0.210136
0.216574
0.224361
0.233521
0.24403
0.25578
0.268539
0.281918
0.295342
0.308055
0.319165
0.327755
0.33306
0.334706
0.332954
0.328891
0.324407
0.32184
0.323349
0.330554
0.344803
0.367115
0.399691
0.447236
0.518923
0.631254
0.815029
1.13269
1.6552
2.26939
2.58963
2.36868
0.287314
0.236636
0.224521
0.21505
0.206646
0.199444
0.193539
0.188964
0.185716
0.183773
0.183108
0.183697
0.185528
0.188598
0.192916
0.198492
0.205327
0.213397
0.222623
0.232848
0.243805
0.255091
0.266158
0.276331
0.284862
0.291044
0.294364
0.294705
0.292536
0.289046
0.286113
0.285986
0.290823
0.302636
0.323907
0.35788
0.409701
0.487988
0.607502
0.797774
1.09917
1.5097
1.89634
2.32664
2.72284
2.20105
0.308645
0.243721
0.227129
0.21484
0.204182
0.195082
0.187578
0.181663
0.177287
0.174384
0.172883
0.172724
0.173858
0.176248
0.179869
0.184695
0.190691
0.197794
0.20589
0.214795
0.22423
0.233809
0.243037
0.251342
0.258126
0.262876
0.265292
0.265442
0.263909
0.261891
0.26118
0.263933
0.272456
0.289607
0.319717
0.368931
0.445482
0.561557
0.742494
1.01897
1.36962
1.66433
1.83397
2.12963
2.49721
1.99637
0.326982
0.248426
0.228217
0.213937
0.201749
0.191348
0.182719
0.175832
0.170613
0.166971
0.164806
0.164031
0.16457
0.166361
0.16935
0.173486
0.178703
0.184914
0.191985
0.199724
0.207861
0.216047
0.223861
0.230842
0.236545
0.240628
0.242962
0.243741
0.24359
0.243643
0.245562
0.251393
0.263703
0.286547
0.326704
0.392563
0.494241
0.649107
0.868811
1.12655
1.35448
1.50414
1.62016
1.88675
2.21119
1.80854
0.343111
0.251589
0.228341
0.212566
0.199299
0.187989
0.178562
0.170964
0.165109
0.160887
0.158182
0.156887
0.156907
0.158158
0.160568
0.164062
0.168559
0.173954
0.180108
0.186834
0.193891
0.200981
0.207768
0.213905
0.219089
0.22313
0.226031
0.228067
0.229851
0.232421
0.237259
0.246227
0.262093
0.290139
0.338416
0.416752
0.535766
0.694181
0.867332
1.02535
1.15455
1.26652
1.41102
1.6946
2.05303
1.68183
0.357581
0.253767
0.227891
0.210925
0.196859
0.184898
0.174897
0.166777
0.16044
0.155761
0.152614
0.150878
0.150443
0.15121
0.153092
0.156002
0.159845
0.164514
0.169873
0.175754
0.181953
0.188237
0.194356
0.200079
0.205231
0.209754
0.213755
0.217557
0.22174
0.227234
0.235277
0.247394
0.26632
0.298031
0.35233
0.437356
0.546816
0.663555
0.771667
0.865333
0.954108
1.06565
1.2533
1.59253
2.14606
1.79116
0.0620558
0.0854143
0.0864653
0.408174
0.467896
0.507089
0.529891
0.541098
0.544487
0.542813
0.537998
0.531317
0.523966
0.518453
0.513512
0.508674
0.503948
0.499375
0.494964
0.490701
0.486569
0.482549
0.47862
0.474752
0.470897
0.46697
0.462845
0.458334
0.45317
0.446978
0.439245
0.429279
0.416155
0.398656
0.375345
0.0858609
0.0862315
0.36808
0.0843495
0.0834989
0.140567
0.143449
0.188748
0.221402
0.237662
0.246182
0.250088
0.251406
0.25136
0.250627
0.249568
0.248391
0.24734
0.246935
0.246692
0.246369
0.245939
0.245417
0.244824
0.244176
0.243486
0.242762
0.242012
0.24124
0.240447
0.239624
0.238754
0.237803
0.236713
0.235395
0.233711
0.231453
0.228311
0.223812
0.217018
0.200226
0.184035
0.165086
0.12833
0.137807
0.184976
0.176573
0.196859
0.207955
0.210654
0.208722
0.204952
0.200993
0.197603
0.19501
0.193178
0.191983
0.191321
0.191167
0.191277
0.191448
0.19159
0.191666
0.191667
0.191594
0.191455
0.191263
0.191027
0.190761
0.190473
0.190174
0.18987
0.189565
0.189253
0.188919
0.188529
0.188015
0.187256
0.186038
0.18394
0.179766
0.173378
0.164407
0.154657
0.19257
0.229684
0.207173
0.219407
0.220241
0.213038
0.202755
0.192566
0.183946
0.177316
0.172566
0.169378
0.167391
0.166295
0.165858
0.165824
0.165978
0.166191
0.166393
0.166546
0.16664
0.166673
0.166653
0.166591
0.166501
0.166399
0.166302
0.166229
0.166201
0.166242
0.166372
0.166612
0.166966
0.167419
0.167908
0.168286
0.168232
0.167565
0.166801
0.170798
0.2421
0.270919
0.244211
0.254679
0.246302
0.228406
0.208899
0.191694
0.178044
0.167913
0.160771
0.155973
0.152921
0.151119
0.150207
0.149858
0.149825
0.149945
0.150117
0.150282
0.150413
0.150501
0.150547
0.15056
0.150555
0.150549
0.150565
0.150631
0.15078
0.151052
0.151494
0.152158
0.153099
0.154367
0.156005
0.158035
0.160473
0.163524
0.168385
0.181993
0.28284
0.316308
0.293982
0.304523
0.285178
0.254007
0.223149
0.19753
0.178031
0.163937
0.154129
0.147533
0.143261
0.140625
0.139136
0.138386
0.138083
0.13803
0.138098
0.138208
0.138317
0.138406
0.13847
0.138516
0.138556
0.138611
0.138705
0.138874
0.139158
0.139611
0.140295
0.141288
0.142678
0.144564
0.147062
0.150313
0.154537
0.160253
0.169239
0.190212
0.315748
0.351024
0.362025
0.370018
0.336765
0.28905
0.244121
0.208295
0.181923
0.163328
0.150576
0.142031
0.136447
0.132912
0.130791
0.129594
0.128979
0.128711
0.128635
0.128652
0.128707
0.128769
0.128827
0.128883
0.128949
0.129045
0.1292
0.129452
0.129849
0.130454
0.131342
0.132607
0.134362
0.136744
0.139921
0.144122
0.149709
0.157445
0.169586
0.196375
0.342205
0.376253
0.460652
0.452174
0.400076
0.332317
0.270548
0.22273
0.18851
0.164944
0.149039
0.138455
0.131516
0.127062
0.124293
0.122633
0.121688
0.121185
0.120944
0.12085
0.120832
0.12085
0.120887
0.12094
0.121021
0.121148
0.121353
0.121677
0.122173
0.122911
0.123975
0.125473
0.127535
0.130326
0.134056
0.139017
0.145679
0.154992
0.169604
0.201034
0.363431
0.616227
0.617768
0.555877
0.473579
0.381354
0.30041
0.239325
0.196656
0.167885
0.148769
0.136154
0.127884
0.122534
0.119132
0.117019
0.115744
0.115002
0.114591
0.114377
0.114276
0.114242
0.114249
0.114292
0.11438
0.114532
0.11478
0.115168
0.115752
0.116608
0.117828
0.119528
0.121854
0.124989
0.129176
0.134757
0.142283
0.152849
0.169421
0.204569
0.380434
1.44212
0.855691
0.681755
0.553224
0.431849
0.330611
0.256088
0.205082
0.171294
0.149141
0.134634
0.125138
0.118958
0.11497
0.112431
0.110845
0.109874
0.109294
0.108959
0.108774
0.108683
0.108657
0.108686
0.108777
0.108949
0.109235
0.109679
0.110343
0.111305
0.112663
0.114541
0.117095
0.120524
0.125095
0.131188
0.139416
0.15099
0.169129
0.207257
0.394037
0.370792
0.255317
0.227115
0.209142
0.194448
0.182001
0.171578
0.163071
0.156364
0.151324
0.147814
0.145703
0.14487
0.145208
0.146617
0.149003
0.15227
0.15631
0.161003
0.166209
0.171771
0.177523
0.183307
0.189002
0.194552
0.200013
0.205581
0.211611
0.218653
0.227523
0.239136
0.254535
0.276187
0.311217
0.368977
0.44537
0.526379
0.600493
0.663132
0.719598
0.788409
0.904192
1.12674
1.54936
2.33071
1.68803
0.383172
0.256483
0.226154
0.207286
0.19207
0.179247
0.16851
0.159715
0.152727
0.147404
0.143599
0.141174
0.140001
0.139964
0.14096
0.142892
0.145665
0.149183
0.153347
0.158052
0.163195
0.168681
0.174445
0.180469
0.186811
0.193633
0.20121
0.209929
0.220328
0.233087
0.248745
0.267821
0.292091
0.329965
0.383056
0.43949
0.49018
0.530879
0.562891
0.596206
0.651955
0.76578
0.998233
1.46066
2.27122
1.98576
0.394829
0.257395
0.225098
0.205412
0.189745
0.176621
0.165648
0.156642
0.149446
0.143905
0.139867
0.137186
0.13573
0.135378
0.136027
0.13758
0.139953
0.143064
0.146841
0.151221
0.156158
0.161632
0.167666
0.174346
0.181839
0.190407
0.200405
0.212259
0.226512
0.243681
0.263895
0.286746
0.313387
0.350903
0.390916
0.424192
0.448546
0.464244
0.475599
0.493657
0.538158
0.640909
0.8546
1.27819
2.00578
2.28782
0.405908
0.258141
0.223998
0.203546
0.187474
0.174103
0.16295
0.153789
0.146442
0.14074
0.136524
0.133641
0.131956
0.13135
0.131718
0.132972
0.135038
0.137857
0.141387
0.145612
0.150544
0.156239
0.162811
0.170445
0.179417
0.190092
0.20291
0.218345
0.236951
0.259058
0.284439
0.310809
0.339587
0.37085
0.392622
0.403829
0.407013
0.404808
0.402504
0.410172
0.444143
0.529829
0.708082
1.05017
1.64096
2.18803
0.416513
0.258777
0.222879
0.201698
0.185256
0.171673
0.160381
0.151109
0.143656
0.13784
0.133493
0.130458
0.128599
0.127796
0.12795
0.128982
0.130834
0.133472
0.136889
0.141116
0.146228
0.152358
0.15971
0.168572
0.179328
0.192455
0.208479
0.227952
0.251422
0.27898
0.309804
0.339401
0.368719
0.387533
0.389755
0.381896
0.368962
0.354453
0.343405
0.343985
0.368586
0.435924
0.575227
0.83285
1.2716
1.80028
0.426724
0.259338
0.221756
0.199875
0.183086
0.169317
0.157916
0.148567
0.141044
0.135153
0.130716
0.127574
0.12559
0.124645
0.124649
0.125534
0.12726
0.12982
0.133248
0.137623
0.143085
0.149843
0.158195
0.168536
0.181365
0.197275
0.21689
0.240871
0.269762
0.303434
0.339879
0.373155
0.398429
0.400421
0.38424
0.360871
0.336107
0.313459
0.297046
0.292894
0.309768
0.360629
0.465205
0.65256
0.96116
1.36592
0.436598
0.259845
0.220635
0.198078
0.180961
0.167027
0.155538
0.146137
0.138573
0.132638
0.128147
0.124938
0.122872
0.121838
0.12175
0.122556
0.124238
0.126818
0.13037
0.135025
0.140989
0.148551
0.158104
0.170156
0.185333
0.204351
0.227956
0.25694
0.291845
0.332488
0.375107
0.411716
0.426699
0.410221
0.377795
0.342143
0.308917
0.281078
0.261539
0.254315
0.265189
0.302688
0.379535
0.513497
0.725304
1.00497
0.446173
0.260308
0.219519
0.196308
0.17888
0.164794
0.153234
0.143799
0.136217
0.130264
0.125749
0.122507
0.1204
0.119321
0.119196
0.119988
0.1217
0.124387
0.128165
0.133219
0.139821
0.148346
0.159287
0.173271
0.191059
0.213513
0.241528
0.276045
0.317589
0.365862
0.414517
0.451513
0.451501
0.417326
0.371278
0.326167
0.287042
0.256026
0.234781
0.225599
0.231971
0.259208
0.315172
0.41026
0.554456
0.739954
0.455478
0.260734
0.218406
0.194565
0.17684
0.162616
0.150997
0.141544
0.13396
0.12801
0.123496
0.12025
0.118137
0.117054
0.11694
0.117773
0.119582
0.122456
0.126551
0.13211
0.139475
0.149108
0.16161
0.177736
0.198397
0.224614
0.257484
0.29811
0.347019
0.403457
0.458135
0.489719
0.47189
0.422052
0.365027
0.312839
0.269723
0.236864
0.214767
0.204331
0.207347
0.22687
0.267487
0.334876
0.433035
0.55491
0.46453
0.261124
0.217297
0.192848
0.174843
0.160491
0.148824
0.139363
0.131791
0.125861
0.121368
0.118143
0.116052
0.115002
0.11494
0.115865
0.117832
0.120961
0.125456
0.131617
0.139858
0.150735
0.164962
0.183434
0.207227
0.237544
0.275722
0.323052
0.380218
0.445977
0.505775
0.524958
0.488339
0.424933
0.359175
0.301799
0.256074
0.222234
0.199774
0.188503
0.188977
0.202689
0.232058
0.279824
0.346894
0.427211
0.473339
0.261479
0.216188
0.191156
0.172887
0.158419
0.146712
0.137252
0.129703
0.123806
0.119351
0.116167
0.114124
0.113136
0.113165
0.114227
0.116403
0.119851
0.12482
0.13167
0.140893
0.15314
0.169252
0.190274
0.21746
0.252221
0.296161
0.350773
0.417042
0.492415
0.553495
0.555467
0.501035
0.426178
0.353613
0.292558
0.245232
0.210968
0.188415
0.176552
0.175049
0.184323
0.205381
0.239192
0.285174
0.338425
0.481913
0.261797
0.215077
0.189489
0.170973
0.1564
0.144662
0.135211
0.127693
0.12184
0.117435
0.114309
0.112336
0.111437
0.111588
0.112826
0.11526
0.119083
0.124594
0.132215
0.142518
0.15626
0.174411
0.198183
0.229025
0.268585
0.318743
0.381181
0.457092
0.5405
0.596756
0.579428
0.509611
0.425652
0.348081
0.284606
0.236441
0.202123
0.17963
0.167322
0.164241
0.170073
0.184914
0.20873
0.240297
0.275798
0.490255
0.262075
0.213963
0.187846
0.169101
0.154435
0.142674
0.13324
0.125761
0.119959
0.115616
0.112562
0.110676
0.109889
0.110192
0.111641
0.114375
0.118626
0.124742
0.13321
0.14469
0.160046
0.180392
0.207114
0.241874
0.28659
0.343423
0.414261
0.500277
0.589672
0.633807
0.59665
0.514182
0.423372
0.342378
0.277514
0.229087
0.194976
0.172637
0.159987
0.155629
0.158763
0.168917
0.185505
0.207134
0.230885
0.498368
0.26231
0.212842
0.186225
0.167271
0.152524
0.14075
0.131339
0.123905
0.118163
0.113891
0.110921
0.109138
0.108483
0.108963
0.110655
0.113729
0.118457
0.125238
0.134629
0.147378
0.164469
0.187164
0.217039
0.255978
0.306197
0.370151
0.450037
0.547085
0.63948
0.664411
0.608385
0.515526
0.419602
0.336415
0.270956
0.222705
0.18899
0.166878
0.153973
0.148585
0.149597
0.1562
0.167537
0.182251
0.198117
0.506252
0.2625
0.211711
0.184625
0.165483
0.150669
0.13889
0.129509
0.122127
0.116452
0.112259
0.109384
0.107718
0.107214
0.107893
0.10986
0.113311
0.118562
0.126066
0.136453
0.150567
0.169515
0.194718
0.227948
0.271328
0.327379
0.398854
0.488377
0.596807
0.687147
0.689336
0.615965
0.514333
0.414557
0.330118
0.264682
0.216947
0.183781
0.161964
0.148893
0.142686
0.142037
0.145951
0.153459
0.163325
0.173848
0.513908
0.26264
0.210567
0.183044
0.163735
0.14887
0.137096
0.127754
0.12043
0.114827
0.110721
0.107951
0.106415
0.106078
0.10698
0.109249
0.113115
0.118935
0.127221
0.138679
0.154253
0.175182
0.203056
0.23985
0.287932
0.350127
0.429453
0.528977
0.64652
0.727853
0.707625
0.619326
0.51063
0.408232
0.323391
0.258502
0.211564
0.17908
0.157632
0.144485
0.137653
0.135721
0.137604
0.142317
0.148764
0.155632
0.521339
0.262726
0.209407
0.18148
0.162028
0.147126
0.13537
0.126074
0.118814
0.113291
0.109279
0.106623
0.10523
0.105077
0.106225
0.108824
0.11314
0.119576
0.128704
0.141308
0.158442
0.181481
0.212192
0.252761
0.305816
0.37446
0.461927
0.571437
0.693891
0.759432
0.718086
0.617903
0.504278
0.400601
0.31617
0.25229
0.206392
0.17471
0.153704
0.140579
0.133295
0.130391
0.130756
0.13343
0.137454
0.141797
0.528548
0.262755
0.208226
0.17993
0.16036
0.14544
0.133713
0.124472
0.117285
0.111847
0.107938
0.105405
0.104167
0.104216
0.10563
0.108589
0.113392
0.120492
0.130522
0.144353
0.163149
0.188432
0.222149
0.266709
0.325011
0.400435
0.49643
0.616189
0.73931
0.781991
0.721291
0.612226
0.495634
0.391843
0.308492
0.245993
0.201332
0.170557
0.150071
0.137061
0.129482
0.125864
0.125106
0.126297
0.128599
0.131186
0.535547
0.262724
0.207019
0.178393
0.158731
0.143812
0.132128
0.122952
0.115845
0.110501
0.106701
0.104302
0.103232
0.103499
0.105203
0.108551
0.113881
0.121692
0.132689
0.14783
0.168396
0.196062
0.232961
0.28173
0.345552
0.428101
0.533137
0.663834
0.782565
0.797811
0.719991
0.603934
0.485506
0.382298
0.300463
0.239605
0.19633
0.166554
0.146661
0.133857
0.126119
0.121999
0.120426
0.120546
0.121621
0.122978
0.542357
0.262629
0.205785
0.176866
0.157142
0.142245
0.130619
0.121519
0.1145
0.109257
0.105576
0.103322
0.102434
0.102938
0.104955
0.108722
0.114617
0.123193
0.135223
0.151762
0.174213
0.204408
0.244671
0.297868
0.367468
0.457456
0.572056
0.714026
0.823078
0.810283
0.716776
0.594365
0.474496
0.372213
0.292164
0.233133
0.191362
0.162664
0.143432
0.130917
0.123139
0.11869
0.116538
0.11589
0.116091
0.116582
0.549014
0.262474
0.20452
0.175351
0.155597
0.140744
0.129191
0.12018
0.113259
0.108126
0.104573
0.102473
0.101782
0.102542
0.104897
0.109116
0.115618
0.125011
0.138145
0.156172
0.180629
0.213507
0.257327
0.315178
0.390791
0.488435
0.612893
0.762753
0.854966
0.818618
0.711406
0.583396
0.462589
0.361613
0.283617
0.226583
0.186421
0.15887
0.140361
0.128208
0.12049
0.115847
0.113299
0.112108
0.111689
0.111567
0.555589
0.262265
0.203227
0.173852
0.154102
0.139317
0.127855
0.118944
0.112131
0.107116
0.103701
0.10177
0.101291
0.102327
0.105046
0.10975
0.116901
0.127167
0.141476
0.161087
0.187672
0.223395
0.270975
0.333725
0.415592
0.521
0.654938
0.806039
0.876028
0.819817
0.701848
0.570089
0.449456
0.350423
0.274825
0.219968
0.181511
0.155169
0.137436
0.125707
0.118129
0.113402
0.110596
0.109027
0.10817
0.107613
0.562202
0.262015
0.201916
0.172383
0.15267
0.137978
0.126624
0.117826
0.11113
0.106245
0.102978
0.101228
0.100979
0.102311
0.105421
0.110644
0.118488
0.129683
0.145239
0.166529
0.195368
0.234099
0.285655
0.353581
0.44202
0.555437
0.698513
0.845358
0.887325
0.81285
0.6874
0.554204
0.435089
0.3387
0.265841
0.213323
0.176653
0.15157
0.134655
0.123397
0.116024
0.111295
0.108336
0.10651
0.105345
0.104478
0.569067
0.261753
0.200618
0.17097
0.151326
0.136747
0.125517
0.116843
0.110276
0.105529
0.102424
0.100869
0.100866
0.102518
0.106046
0.111822
0.120402
0.13258
0.149455
0.172516
0.203729
0.24563
0.301378
0.374786
0.470233
0.592264
0.745026
0.881756
0.891497
0.800679
0.669946
0.536763
0.419989
0.326678
0.256774
0.206702
0.171874
0.148083
0.132018
0.121269
0.114147
0.109479
0.106442
0.104448
0.103067
0.10198
0.576551
0.261542
0.199406
0.169668
0.150109
0.135658
0.124562
0.116023
0.109593
0.104996
0.102064
0.10072
0.100982
0.102975
0.106948
0.113311
0.122668
0.135881
0.154141
0.179058
0.212758
0.257974
0.318113
0.397299
0.50026
0.631876
0.795663
0.917671
0.89448
0.788144
0.652305
0.519141
0.404761
0.31461
0.247736
0.20016
0.167204
0.144726
0.129529
0.119314
0.112477
0.107914
0.104853
0.102753
0.101223
0.0999785
0.585273
0.261564
0.198439
0.168576
0.149085
0.134757
0.123798
0.115399
0.109115
0.104677
0.101931
0.100813
0.101359
0.103716
0.108163
0.115143
0.125314
0.139608
0.15931
0.186157
0.222436
0.271087
0.335774
0.420958
0.531838
0.674104
0.848802
0.95018
0.89866
0.77724
0.635482
0.501763
0.389572
0.302576
0.238778
0.193737
0.162672
0.141518
0.127199
0.117529
0.110997
0.106567
0.10352
0.101357
0.0997226
0.098364
0.596316
0.262387
0.198032
0.167855
0.148349
0.134111
0.123277
0.115016
0.108881
0.104612
0.102064
0.101189
0.10204
0.104785
0.10973
0.117357
0.128374
0.143785
0.164971
0.193798
0.232723
0.284891
0.354221
0.445485
0.564329
0.717498
0.893988
0.967842
0.897896
0.764324
0.617467
0.483636
0.374016
0.290458
0.229903
0.18747
0.15832
0.138489
0.125041
0.115916
0.109696
0.105413
0.102402
0.100204
0.0984962
0.0970526
0.611712
0.265559
0.198737
0.167749
0.14804
0.133812
0.123068
0.11493
0.108944
0.10485
0.102513
0.101899
0.103076
0.106232
0.1117
0.119999
0.131888
0.148438
0.171129
0.201957
0.243551
0.299271
0.373285
0.470606
0.597008
0.75906
0.928597
0.973407
0.88632
0.744141
0.59517
0.463242
0.35754
0.278154
0.22117
0.181452
0.154225
0.13569
0.123081
0.114483
0.108566
0.104432
0.101467
0.0992497
0.0974881
0.0959791
0.631606
0.272169
0.200991
0.168557
0.148339
0.133977
0.123255
0.11521
0.109361
0.105445
0.103333
0.102998
0.104525
0.108119
0.114138
0.123133
0.135911
0.153608
0.177795
0.210599
0.254825
0.314064
0.392766
0.496205
0.630196
0.80066
0.956124
0.964586
0.860896
0.714256
0.567227
0.440372
0.34018
0.265702
0.212589
0.175687
0.150396
0.133142
0.121354
0.11325
0.10761
0.103612
0.100691
0.0984606
0.0966552
0.0950925
0.654308
0.284351
0.205334
0.170434
0.14941
0.134741
0.123937
0.115933
0.1102
0.106461
0.104584
0.104552
0.106458
0.110521
0.117122
0.126841
0.140521
0.159357
0.185003
0.219702
0.266434
0.329041
0.412325
0.521999
0.664172
0.843818
0.977644
0.945933
0.825726
0.677484
0.535596
0.415705
0.322195
0.253217
0.204221
0.170203
0.146842
0.130838
0.119833
0.112197
0.106819
0.102943
0.100057
0.0978099
0.095964
0.0943537
0.680171
0.306417
0.212547
0.173677
0.151366
0.136219
0.125216
0.117175
0.111522
0.107952
0.106326
0.106625
0.108948
0.113526
0.120752
0.131229
0.145831
0.165795
0.192836
0.229293
0.278294
0.343925
0.431404
0.547184
0.69855
0.889057
0.993646
0.921671
0.786211
0.637868
0.50223
0.390271
0.30408
0.240929
0.196167
0.165043
0.14358
0.128781
0.118517
0.111314
0.10617
0.102401
0.0995421
0.097277
0.0953896
0.0937324
0.714769
0.345888
0.223191
0.178705
0.154549
0.138592
0.127215
0.119023
0.113384
0.109964
0.108604
0.109273
0.112068
0.117224
0.125144
0.136441
0.152008
0.173104
0.201478
0.239521
0.290449
0.358512
0.449266
0.570035
0.730438
0.919733
0.98096
0.884969
0.741346
0.595768
0.467872
0.364672
0.286213
0.229042
0.188527
0.160253
0.140627
0.126974
0.117399
0.110591
0.105651
0.101968
0.0991237
0.0968342
0.0949053
0.0932055
0.779071
0.390277
0.23595
0.185777
0.15945
0.142281
0.130189
0.121647
0.1159
0.112574
0.11148
0.112565
0.115907
0.121736
0.130454
0.142676
0.159297
0.181577
0.21126
0.250734
0.30321
0.372934
0.465433
0.588255
0.752168
0.912969
0.928972
0.824846
0.685225
0.549005
0.43205
0.339001
0.268778
0.217693
0.181381
0.155871
0.137997
0.125418
0.116476
0.110017
0.105248
0.101628
0.098784
0.0964625
0.0944893
0.0927468
0.810689
0.379118
0.248421
0.19528
0.166371
0.14758
0.134322
0.125175
0.119175
0.115855
0.115016
0.116566
0.120551
0.127179
0.136841
0.150145
0.167972
0.191559
0.222611
0.263457
0.317229
0.387964
0.480676
0.601956
0.76139
0.875976
0.843799
0.74169
0.61708
0.497275
0.394854
0.313476
0.25197
0.207014
0.174805
0.151936
0.135705
0.124113
0.115737
0.109578
0.104947
0.101365
0.098507
0.0961456
0.0941253
0.0923402
0.820543
0.385434
0.255341
0.203634
0.173733
0.153711
0.139209
0.12937
0.123049
0.119678
0.119099
0.121192
0.125947
0.133541
0.144347
0.158957
0.178229
0.203358
0.235985
0.278344
0.333463
0.405162
0.497547
0.615353
0.749337
0.792434
0.741278
0.649118
0.544326
0.444133
0.35794
0.28887
0.236154
0.197178
0.168878
0.148477
0.133756
0.123053
0.11517
0.10926
0.104728
0.101163
0.0982759
0.0958676
0.0937982
0.091971
0.826114
0.384122
0.255213
0.202046
0.174045
0.155166
0.141352
0.131638
0.125499
0.122478
0.122476
0.125387
0.13119
0.140045
0.15231
0.168556
0.189607
0.216591
0.251046
0.295044
0.35136
0.423205
0.512265
0.612707
0.68788
0.692704
0.640198
0.561793
0.476039
0.394415
0.323653
0.266251
0.221794
0.188376
0.163669
0.145512
0.132142
0.122217
0.114751
0.109036
0.10457
0.100999
0.098072
0.0956115
0.0934917
0.091624
0.833035
0.364841
0.246872
0.195277
0.168643
0.152277
0.140853
0.132732
0.127522
0.125295
0.126119
0.12996
0.136852
0.146967
0.160639
0.17839
0.20096
0.229345
0.264829
0.309026
0.363651
0.429661
0.504471
0.574481
0.611154
0.599988
0.552261
0.486956
0.417216
0.351211
0.293688
0.246456
0.209264
0.180754
0.159219
0.143032
0.130836
0.121571
0.114444
0.108876
0.104445
0.100851
0.0978746
0.0953596
0.093191
0.0912865
0.846611
0.341538
0.234015
0.187303
0.162761
0.148237
0.138794
0.132559
0.129015
0.128166
0.130111
0.134924
0.142739
0.153775
0.168357
0.186941
0.210137
0.238704
0.273517
0.315386
0.364662
0.419945
0.475754
0.519915
0.536565
0.520009
0.47858
0.42497
0.368537
0.315287
0.268619
0.229817
0.198712
0.174351
0.15551
0.140995
0.129785
0.121063
0.114204
0.108738
0.104318
0.10069
0.0976618
0.0950944
0.0928818
0.0909464
0.868108
0.325227
0.223041
0.180238
0.157709
0.144757
0.136936
0.132349
0.130334
0.130783
0.133764
0.139412
0.147908
0.159488
0.174447
0.193149
0.216021
0.243511
0.275979
0.313459
0.355126
0.398385
0.437653
0.464205
0.469621
0.452089
0.417472
0.374241
0.328976
0.286122
0.248209
0.216206
0.190042
0.169074
0.152449
0.139311
0.128908
0.120623
0.11397
0.108574
0.104152
0.100486
0.0974107
0.094798
0.09255
0.0905926
0.895349
0.319725
0.217293
0.175695
0.154044
0.14196
0.135213
0.131858
0.13107
0.132596
0.136447
0.142747
0.151678
0.163456
0.178317
0.196504
0.218242
0.243661
0.272665
0.304688
0.338298
0.370668
0.397264
0.412504
0.412059
0.395748
0.36758
0.33322
0.297176
0.26272
0.231789
0.20519
0.182962
0.164713
0.149874
0.137849
0.128098
0.120163
0.113673
0.108332
0.103906
0.10021
0.097098
0.0944532
0.0921829
0.0902152
0.914454
0.318522
0.215034
0.17367
0.152121
0.140205
0.133869
0.131156
0.13112
0.133371
0.137823
0.144536
0.153644
0.165308
0.179679
0.196873
0.216922
0.239694
0.264772
0.291266
0.317583
0.341236
0.358934
0.367288
0.364174
0.349979
0.327453
0.300346
0.27171
0.243929
0.218515
0.196179
0.177065
0.16098
0.147572
0.136448
0.127231
0.119589
0.113241
0.107955
0.103538
0.0998309
0.0967025
0.0940445
0.091769
0.0898056
0.921876
0.318502
0.214718
0.173455
0.151737
0.139591
0.133168
0.130566
0.130786
0.13334
0.138039
0.144859
0.153857
0.165112
0.178684
0.194565
0.212633
0.232576
0.253802
0.275325
0.29567
0.312869
0.32467
0.329075
0.325084
0.313221
0.295359
0.273983
0.25115
0.228598
0.207514
0.18854
0.171899
0.15755
0.145309
0.134936
0.126179
0.118806
0.112606
0.107396
0.103014
0.0993243
0.0962065
0.0935597
0.0912995
0.0893575
0.919243
0.318095
0.215115
0.174229
0.152411
0.139929
0.133157
0.130302
0.130377
0.132842
0.137432
0.144039
0.152637
0.163224
0.175766
0.190155
0.20616
0.223369
0.241132
0.25851
0.27426
0.286908
0.294956
0.297232
0.293288
0.283606
0.269463
0.252513
0.234156
0.215664
0.197977
0.181673
0.167029
0.154112
0.142862
0.133153
0.12483
0.117735
0.111711
0.106613
0.102308
0.098672
0.0955979
0.0929906
0.0907691
0.0888671
0.908957
0.31669
0.215435
0.175278
0.15357
0.140827
0.133639
0.130349
0.13002
0.132105
0.136291
0.14241
0.150363
0.160072
0.17143
0.184254
0.198248
0.212964
0.227769
0.241834
0.254162
0.263678
0.269385
0.270588
0.267091
0.259284
0.248039
0.23447
0.219546
0.204209
0.189212
0.175071
0.162089
0.150407
0.140049
0.130974
0.123098
0.116318
0.110519
0.105585
0.101403
0.0978652
0.0948719
0.0923346
0.0901765
0.0883337
0.893314
0.314179
0.215266
0.176103
0.154715
0.141854
0.134301
0.130527
0.129669
0.131196
0.134778
0.140206
0.147331
0.156017
0.166103
0.177361
0.189465
0.201971
0.214302
0.225758
0.235556
0.242912
0.247152
0.247845
0.244907
0.238632
0.22962
0.218637
0.206364
0.193514
0.180692
0.168358
0.156819
0.146257
0.136755
0.128327
0.12094
0.114531
0.109017
0.104306
0.100301
0.0969063
0.0940317
0.091595
0.0895245
0.0877596
0.874076
0.310706
0.21446
0.176424
0.155498
0.142656
0.134829
0.130602
0.129182
0.13007
0.132937
0.137552
0.143734
0.151314
0.160094
0.169826
0.180182
0.190746
0.201009
0.210393
0.218287
0.224109
0.227389
0.227845
0.225438
0.220379
0.213088
0.204106
0.193923
0.183082
0.172077
0.161312
0.151082
0.141587
0.132943
0.1252
0.118359
0.112386
0.107222
0.102793
0.0990167
0.0958088
0.0930885
0.0907811
0.0888205
0.0871504
0.852573
0.306495
0.213029
0.176136
0.155732
0.143001
0.134991
0.130372
0.128411
0.128645
0.130754
0.134502
0.139692
0.146133
0.153617
0.161889
0.170638
0.179486
0.187998
0.195697
0.202104
0.206779
0.209383
0.209715
0.207754
0.203649
0.197699
0.190294
0.181812
0.172652
0.16322
0.153867
0.144867
0.136419
0.128655
0.121643
0.115407
0.109932
0.105177
0.101082
0.0975795
0.0945963
0.0920611
0.0899072
0.0880752
0.086514
0.829804
0.301778
0.211073
0.17526
0.155369
0.142793
0.134663
0.129715
0.12726
0.126863
0.128221
0.131098
0.135292
0.140609
0.146838
0.153733
0.161009
0.168332
0.175333
0.181622
0.186819
0.190587
0.192667
0.192914
0.191307
0.187954
0.183068
0.176937
0.169885
0.162176
0.154148
0.146098
0.138275
0.130865
0.124001
0.117759
0.112173
0.107244
0.102943
0.0992236
0.09603
0.0933005
0.0909737
0.0889917
0.0873023
0.0858605
0.806473
0.296768
0.208731
0.173891
0.154461
0.14204
0.133827
0.128599
0.1257
0.124717
0.12536
0.127398
0.130634
0.134875
0.139917
0.145533
0.151467
0.15743
0.163112
0.168195
0.172375
0.175388
0.177036
0.177205
0.175876
0.173127
0.169114
0.164057
0.158212
0.151778
0.14502
0.138185
0.131489
0.125098
0.119137
0.113682
0.108773
0.104418
0.100597
0.0972785
0.0944154
0.0919576
0.0898538
0.0880552
0.0865172
0.0852011
0.783089
0.291633
0.20614
0.172156
0.153114
0.140822
0.132538
0.127067
0.123771
0.122255
0.122236
0.123494
0.125836
0.129077
0.133026
0.137477
0.142204
0.146961
0.151489
0.155529
0.15884
0.161212
0.162489
0.162583
0.161475
0.15922
0.155936
0.151789
0.146974
0.14168
0.136075
0.130366
0.124733
0.119323
0.114243
0.109566
0.105333
0.101554
0.0982221
0.0953106
0.092785
0.0906051
0.0887297
0.0871189
0.0857355
0.0845472
0.760047
0.286502
0.203423
0.170185
0.151455
0.139256
0.130899
0.125209
0.12156
0.119566
0.118953
0.119506
0.121039
0.123377
0.126345
0.129758
0.133419
0.13712
0.140647
0.143792
0.146359
0.148184
0.149146
0.14917
0.148243
0.146401
0.143734
0.140366
0.136449
0.132146
0.127573
0.122887
0.118236
0.113739
0.109492
0.105556
0.101971
0.0987516
0.0958933
0.0933796
0.0911849
0.0892785
0.0876282
0.0862026
0.0849718
0.0839095
0.737639
0.281475
0.20068
0.168094
0.149609
0.137467
0.129031
0.123141
0.119181
0.116767
0.115631
0.115564
0.116386
0.117933
0.120044
0.122555
0.125296
0.128092
0.130767
0.133153
0.135094
0.136461
0.137157
0.137124
0.136348
0.134856
0.132712
0.130011
0.126867
0.123407
0.119741
0.115962
0.112189
0.10852
0.105031
0.101777
0.0987914
0.096091
0.0936763
0.0915368
0.0896548
0.0880079
0.0865721
0.0853235
0.084239
0.0832975
0.716053
0.276618
0.197988
0.16598
0.147686
0.135571
0.127051
0.12098
0.116747
0.113971
0.112386
0.111788
0.112003
0.112876
0.11426
0.116009
0.117976
0.120015
0.121982
0.12374
0.125166
0.126158
0.126639
0.126563
0.125917
0.124719
0.123015
0.120877
0.118389
0.115646
0.112745
0.109746
0.106735
0.103789
0.100967
0.0983173
0.0958677
0.0936341
0.0916202
0.089821
0.088225
0.0868168
0.0855794
0.0844953
0.0835471
0.0827188
0.695405
0.271977
0.195403
0.163915
0.145774
0.133666
0.12506
0.118828
0.11436
0.111277
0.109316
0.108274
0.107984
0.108299
0.109084
0.110207
0.111542
0.112965
0.114358
0.115611
0.116624
0.117318
0.117631
0.117527
0.116993
0.116041
0.114703
0.113031
0.111087
0.108941
0.106663
0.104319
0.10195
0.0996156
0.0973645
0.095233
0.0932464
0.091419
0.0897565
0.0882575
0.0869156
0.0857211
0.0846624
0.0837274
0.0829035
0.0821786
0.675777
0.267577
0.192959
0.161949
0.143935
0.131822
0.123135
0.116761
0.112094
0.108757
0.106486
0.105083
0.104384
0.10425
0.104553
0.105177
0.10601
0.106947
0.107888
0.108745
0.109438
0.109903
0.110091
0.109971
0.109533
0.108783
0.107744
0.10645
0.104948
0.103287
0.10152
0.0996972
0.0978519
0.0960212
0.0942421
0.0925433
0.0909456
0.0894621
0.0880994
0.0868587
0.0857372
0.0847293
0.083828
0.0830253
0.0823123
0.0816805
0.657223
0.263433
0.190675
0.160112
0.14221
0.130087
0.121327
0.114831
0.109999
0.106455
0.103936
0.102245
0.101223
0.100736
0.100663
0.100899
0.101343
0.101905
0.102502
0.103058
0.103509
0.103803
0.103901
0.103777
0.103421
0.102835
0.102033
0.101041
0.0998887
0.098613
0.097251
0.0958392
0.094411
0.0929844
0.0915865
0.0902397
0.088961
0.0877619
0.0866493
0.0856259
0.0846915
0.0838436
0.0830783
0.0823908
0.0817753
0.0812257
0.639754
0.259552
0.188565
0.158425
0.140626
0.128494
0.119668
0.113069
0.108102
0.104392
0.101677
0.0997621
0.0984901
0.097731
0.0973718
0.0973128
0.0974644
0.097746
0.0980852
0.0984188
0.0986931
0.0988646
0.0989007
0.0987799
0.0984918
0.098036
0.0974212
0.0966635
0.0957844
0.0948088
0.0937633
0.092674
0.0915658
0.0904566
0.0893602
0.0882941
0.087272
0.0863037
0.0853958
0.0845522
0.0837741
0.0830611
0.0824116
0.0818232
0.081292
0.0808142
0.623355
0.255937
0.186632
0.156896
0.139195
0.127055
0.118173
0.111489
0.106412
0.10257
0.0997031
0.0976157
0.0961538
0.0951901
0.0946166
0.094339
0.0942747
0.0943506
0.0945027
0.094676
0.0948243
0.0949105
0.0949067
0.0947941
0.0945623
0.094209
0.0937386
0.0931612
0.0924912
0.0917456
0.090943
0.090102
0.0892405
0.0883747
0.0875128
0.0866671
0.0858482
0.0850646
0.0843223
0.0836254
0.0829762
0.0823756
0.0818236
0.0813192
0.0808604
0.0804445
0.60802
0.25259
0.184878
0.155525
0.137917
0.125772
0.116844
0.110089
0.104924
0.100979
0.0979946
0.0957766
0.0941724
0.0930573
0.0923262
0.0918892
0.0916687
0.091597
0.091616
0.0916764
0.0917374
0.0917663
0.0917385
0.0916369
0.0914512
0.0911776
0.0908177
0.0903772
0.0898656
0.0892942
0.088676
0.0880241
0.0873514
0.0866696
0.0859891
0.0853148
0.0846555
0.0840182
0.0834085
0.0828303
0.0822866
0.0817789
0.0813082
0.0808747
0.0804773
0.0801144
0.593765
0.249508
0.183294
0.154304
0.136785
0.124639
0.115672
0.10886
0.103625
0.0996005
0.0965266
0.0942107
0.0925013
0.0912753
0.09043
0.0898786
0.0895467
0.0893709
0.0892969
0.0892795
0.0892815
0.0892732
0.0892323
0.0891428
0.0889945
0.0887827
0.0885067
0.0881696
0.0877771
0.0873369
0.0868578
0.0863491
0.0858202
0.0852799
0.0847364
0.0841945
0.0836598
0.0831379
0.0826338
0.0821513
0.0816933
0.081262
0.0808588
0.0804845
0.080139
0.0798211
0.580623
0.246692
0.181873
0.153222
0.135789
0.123645
0.114648
0.10779
0.102501
0.0984142
0.095273
0.0928844
0.0910979
0.0897915
0.0888644
0.0882316
0.0878215
0.087573
0.087435
0.0873648
0.0873277
0.0872962
0.0872493
0.0871719
0.0870539
0.0868897
0.0866774
0.086418
0.086115
0.0857732
0.0853987
0.0849982
0.0845785
0.0841461
0.0837072
0.0832675
0.0828298
0.0823988
0.0819787
0.081573
0.0811846
0.0808158
0.0804684
0.0801436
0.0798416
0.0795619
0.568632
0.244142
0.180606
0.152269
0.134917
0.122779
0.113759
0.106865
0.101534
0.0974008
0.0942094
0.0917676
0.0899251
0.0885611
0.0875758
0.0868857
0.0864209
0.0861223
0.0859406
0.0858349
0.0857724
0.0857269
0.0856783
0.0856121
0.0855183
0.0853908
0.0852267
0.0850258
0.0847898
0.0845219
0.0842262
0.0839074
0.0835706
0.0832208
0.0828628
0.0825011
0.082139
0.0817795
0.0814261
0.081082
0.08075
0.0804323
0.0801309
0.0798471
0.0795814
0.0793338
0.55784
0.241858
0.179485
0.151436
0.134161
0.122031
0.112994
0.106073
0.100711
0.0965433
0.0933154
0.0908352
0.0889529
0.0875481
0.0865219
0.0857919
0.0852892
0.0849561
0.0847446
0.0846153
0.0845363
0.0844824
0.0844344
0.084378
0.0843033
0.0842038
0.0840762
0.0839191
0.0837334
0.0835208
0.0832843
0.0830272
0.0827534
0.0824666
0.0821707
0.0818693
0.081566
0.0812625
0.080962
0.0806672
0.0803806
0.0801044
0.0798406
0.0795906
0.0793551
0.0791343
0.548299
0.23985
0.178508
0.150716
0.133512
0.121392
0.112344
0.105405
0.100019
0.0958281
0.092575
0.0900685
0.088159
0.0867263
0.0856721
0.0849146
0.0843859
0.0840292
0.0837975
0.0836522
0.0835623
0.0835035
0.0834568
0.0834083
0.0833482
0.0832698
0.0831693
0.0830448
0.0828964
0.0827251
0.0825327
0.0823219
0.0820955
0.0818565
0.0816081
0.0813531
0.0810946
0.0808348
0.0805758
0.0803199
0.0800695
0.0798267
0.0795933
0.0793708
0.0791599
0.0789611
0.540065
0.238143
0.177688
0.150115
0.13297
0.12086
0.111804
0.104851
0.0994521
0.0952462
0.0919781
0.0894559
0.0875298
0.0860797
0.0850075
0.084232
0.0836859
0.0833132
0.0830675
0.0829111
0.0828138
0.0827514
0.0827058
0.082663
0.0826134
0.0825501
0.0824692
0.0823684
0.0822471
0.0821057
0.0819456
0.0817687
0.0815773
0.0813737
0.0811605
0.0809403
0.0807156
0.0804886
0.0802611
0.0800352
0.0798128
0.0795958
0.0793862
0.0791852
0.0789938
0.0788124
0.533255
0.2368
0.17706
0.149651
0.132542
0.120432
0.11137
0.10441
0.0990043
0.0947936
0.0915208
0.0889933
0.0870606
0.0856025
0.0845209
0.0837352
0.0831783
0.082795
0.0825397
0.0823753
0.0822721
0.0822066
0.0821609
0.0821214
0.0820784
0.0820251
0.0819574
0.0818726
0.0817698
0.0816492
0.0815114
0.0813581
0.0811909
0.0810119
0.0808233
0.0806273
0.0804262
0.0802219
0.0800166
0.0798118
0.0796092
0.0794108
0.0792182
0.0790329
0.0788558
0.0786873
0.528201
0.235974
0.176708
0.149365
0.132246
0.120118
0.111042
0.104078
0.0986755
0.0944712
0.0912058
0.0886848
0.0867565
0.0853002
0.0842177
0.0834287
0.0828668
0.0824774
0.0822157
0.0820452
0.0819368
0.0818678
0.0818204
0.0817814
0.0817413
0.0816933
0.0816329
0.0815576
0.081466
0.0813578
0.0812336
0.0810944
0.0809417
0.0807771
0.0806027
0.0804205
0.0802325
0.0800408
0.0798475
0.0796541
0.0794624
0.0792742
0.0790911
0.0789147
0.0787459
0.0785852
0.525762
0.236011
0.176809
0.149347
0.132123
0.119929
0.110824
0.103858
0.098468
0.0942846
0.0910424
0.0885429
0.0866327
0.0851898
0.0841162
0.0833317
0.0827707
0.0823794
0.082114
0.0819388
0.0818256
0.0817521
0.0817012
0.0816601
0.0816192
0.0815719
0.0815137
0.0814418
0.0813546
0.0812515
0.0811326
0.0809987
0.0808509
0.0806905
0.0805194
0.0803395
0.0801528
0.0799615
0.0797679
0.0795741
0.0793819
0.0791932
0.0790099
0.0788337
0.0786657
0.0785066
0.527803
0.237629
0.177712
0.14976
0.132238
0.119887
0.110719
0.103747
0.0983843
0.0942425
0.0910457
0.088589
0.0867153
0.0853013
0.0842489
0.0834784
0.0829254
0.0825373
0.0822713
0.0820931
0.0819753
0.0818966
0.0818405
0.0817944
0.0817494
0.0816988
0.0816381
0.0815642
0.0814753
0.0813705
0.0812494
0.0811122
0.0809596
0.0807926
0.0806127
0.0804217
0.0802218
0.0800154
0.0798055
0.0795947
0.079386
0.0791817
0.0789844
0.0787963
0.0786188
0.0784527
0.537901
0.242218
0.180048
0.150868
0.132682
0.120006
0.110716
0.103735
0.0984215
0.0943536
0.0912356
0.0888522
0.0870411
0.0856775
0.0846631
0.0839196
0.083384
0.0830055
0.0827432
0.0825644
0.082443
0.0823588
0.0822961
0.0822432
0.0821913
0.0821341
0.0820669
0.0819866
0.081891
0.0817786
0.0816486
0.0815004
0.0813339
0.0811493
0.0809474
0.0807297
0.0804983
0.0802562
0.0800072
0.0797556
0.0795063
0.0792634
0.079031
0.0788127
0.0786107
0.0784258
0.562975
0.252282
0.184792
0.153
0.133514
0.120253
0.110763
0.103782
0.0985614
0.0946209
0.0916337
0.0893689
0.0876581
0.0863746
0.0854213
0.084722
0.0842166
0.0838568
0.0836044
0.0834288
0.083306
0.0832171
0.0831478
0.0830871
0.0830268
0.0829608
0.0828848
0.0827953
0.0826898
0.0825662
0.0824228
0.0822579
0.0820701
0.0818583
0.0816216
0.0813603
0.0810755
0.0807705
0.0804503
0.0801219
0.079794
0.0794756
0.0791748
0.078898
0.0786489
0.0784282
0.617844
0.271993
0.193116
0.156314
0.134594
0.12044
0.110711
0.103792
0.0987577
0.0950374
0.092262
0.0901824
0.0886243
0.0874615
0.0866
0.0859679
0.0855094
0.0851805
0.0849466
0.0847803
0.08466
0.0845691
0.0844948
0.0844271
0.0843589
0.0842844
0.0841996
0.0841008
0.0839854
0.0838505
0.0836934
0.0835109
0.0832997
0.083056
0.0827761
0.0824566
0.0820957
0.0816944
0.0812579
0.0807972
0.080329
0.0798741
0.0794507
0.0790714
0.0787419
0.0784617
0.734168
0.30722
0.205463
0.160122
0.135199
0.120047
0.110234
0.103587
0.0989313
0.0955887
0.0931476
0.091346
0.0900102
0.0890198
0.0882883
0.0877515
0.0873607
0.087078
0.086874
0.0867254
0.0866142
0.0865264
0.0864512
0.0863803
0.0863075
0.086228
0.086138
0.0860342
0.0859136
0.0857731
0.0856087
0.085416
0.085189
0.0849203
0.0846011
0.084221
0.0837695
0.0832386
0.082627
0.0819471
0.0812318
0.0805352
0.0799002
0.0793513
0.0788947
0.0785245
0.976404
0.362486
0.218554
0.161419
0.133456
0.118038
0.108808
0.102931
0.0990035
0.0962808
0.0943416
0.0929349
0.0919037
0.0911443
0.0905851
0.0901747
0.0898745
0.0896554
0.0894947
0.0893748
0.0892818
0.0892051
0.0891365
0.0890698
0.089
0.0889234
0.088837
0.0887379
0.0886236
0.0884906
0.0883351
0.0881512
0.0879314
0.0876645
0.0873351
0.0869221
0.0863972
0.0857269
0.0848791
0.0838432
0.0826715
0.0815403
0.0805505
0.0797379
0.079098
0.0786063
1.51735
0.425439
0.217996
0.152905
0.126103
0.113052
0.105929
0.101696
0.0990068
0.0972084
0.0959583
0.0950658
0.094418
0.0939435
0.0935948
0.0933386
0.0931505
0.0930119
0.0929087
0.0928298
0.0927665
0.0927121
0.0926615
0.0926106
0.0925564
0.0924964
0.0924286
0.0923512
0.0922622
0.0921593
0.0920392
0.0918971
0.0917257
0.0915134
0.0912416
0.0908798
0.0903775
0.0896523
0.0885778
0.0869939
0.0848367
0.0828998
0.08135
0.0801751
0.0793097
0.0786816
3.21886
0.385195
0.167543
0.124463
0.110527
0.104702
0.101835
0.100244
0.099276
0.0986457
0.0982146
0.0979099
0.0976902
0.0975302
0.0974134
0.0973281
0.0972661
0.0972208
0.0971874
0.0971619
0.0971414
0.0971233
0.0971059
0.0970877
0.0970675
0.0970445
0.097018
0.0969873
0.0969518
0.0969107
0.0968629
0.0968066
0.0967389
0.0966546
0.0965438
0.0963862
0.0961374
0.0956926
0.0947897
0.0927421
0.0875984
0.0842668
0.0820276
0.0804986
0.0794457
0.0787168
2.39189
1.39064
1.89165
2.57096
2.00177
2.46852
2.10376
1.82178
2.11511
1.93441
1.78862
1.68985
2.22431
2.06349
1.92544
1.79244
2.01429
2.00788
1.9037
1.73463
1.61736
1.69241
1.63586
1.4891
1.21658
1.31035
1.29238
1.19161
0.895065
0.97851
0.98206
0.920676
0.66179
0.726199
0.737724
0.7025
0.498828
0.544957
0.557181
0.537387
0.38591
0.417566
0.427663
0.416413
0.30717
0.328359
0.335761
0.329096
0.251559
0.265517
0.270545
0.266316
0.211702
0.220763
0.223957
0.221032
0.182706
0.188475
0.190335
0.18812
0.16131
0.164864
0.165782
0.163964
0.145316
0.147371
0.147633
0.146045
0.133224
0.134257
0.134063
0.132613
0.123991
0.124321
0.12381
0.122446
0.116879
0.116722
0.11599
0.114682
0.111361
0.110863
0.109976
0.108706
0.107051
0.106312
0.105317
0.104074
0.103663
0.102754
0.101681
0.100458
0.100984
0.0999517
0.0988247
0.0976169
0.0988502
0.0977296
0.0965634
0.0953674
0.0971388
0.0959533
0.0947587
0.0935719
0.0957546
0.0945203
0.0933047
0.0921255
0.0946243
0.0933523
0.0921208
0.0909476
0.0936914
0.092389
0.0911449
0.0899767
0.0929125
0.0915843
0.0903298
0.0891657
0.0922542
0.0909029
0.0896392
0.0884784
0.091692
0.090318
0.0890456
0.0878873
0.0912013
0.089809
0.088529
0.087372
0.0907641
0.0893549
0.0880693
0.086916
0.0903658
0.0889415
0.087652
0.0865031
0.0899927
0.0885561
0.0872652
0.0861222
0.0896332
0.0881882
0.0868991
0.0857643
0.0892771
0.0878288
0.0865456
0.0854221
0.0889152
0.0874701
0.0861977
0.0850892
0.0885394
0.0871051
0.0858497
0.0847608
0.0881431
0.0867287
0.085497
0.0844326
0.0877215
0.0863367
0.0851362
0.084102
0.0872716
0.085927
0.0847654
0.0837669
0.086793
0.0854989
0.0843839
0.0834267
0.0862874
0.0850537
0.0839923
0.0830817
0.0857588
0.0845941
0.0835927
0.082733
0.0852131
0.0841244
0.0831879
0.0823828
0.0846577
0.08365
0.0827818
0.0820336
0.0841006
0.0831767
0.0823786
0.0816885
0.0835502
0.0827105
0.0819828
0.0813507
0.0830143
0.0822574
0.0815984
0.0810231
0.0825
0.0818223
0.0812293
0.0807085
0.0820128
0.0814096
0.0808786
0.0804092
0.0815568
0.0810222
0.0805486
0.0801271
0.0811346
0.0806623
0.080241
0.0798632
0.0807475
0.0803308
0.0799565
0.0796183
0.0803953
0.0800278
0.0796953
0.0793925
0.0800772
0.0797527
0.079457
0.0791856
0.0797916
0.0795044
0.0792408
0.0789971
0.0795365
0.0792814
0.0790457
0.0788261
0.0793097
0.0790821
0.0788704
0.0786718
0.079109
0.0789049
0.0787137
0.0785331
0.0789325
0.078748
0.0785743
0.0784092
0.0787782
0.0786102
0.078451
0.0782989
0.0786448
0.07849
0.0783426
0.0782012
0.0785311
0.0783862
0.0782481
0.0781152
0.0784362
0.078298
0.0781661
0.0780395
0.0783597
0.0782242
0.0780955
0.0779725
0.0783015
0.0781636
0.0780343
0.0779122
0.0782614
0.0781148
0.0779802
0.0778556
0.0782386
0.0780751
0.0779297
0.0777989
0.0782314
0.078041
0.0778784
0.0777377
0.0782354
0.0780075
0.0778217
0.077668
0.0782422
0.077969
0.0777565
0.0775885
0.0782397
0.0779223
0.0776855
0.0775055
0.0782222
0.0778772
0.0776264
0.0774403
1.34913
0.993265
0.794281
0.627795
0.477844
0.357443
0.270796
0.212473
0.174353
0.1496
0.133475
0.12293
0.116029
0.111525
0.108607
0.106736
0.105552
0.104814
0.104362
0.104094
0.103946
0.103885
0.103898
0.10399
0.104179
0.104498
0.104995
0.105732
0.106791
0.108274
0.11031
0.113065
0.116749
0.121648
0.128171
0.136981
0.149379
0.168786
0.209326
0.405009
1.42988
1.13561
0.902154
0.692689
0.513955
0.377027
0.281086
0.217471
0.176267
0.149649
0.13234
0.121001
0.113534
0.108612
0.105376
0.103261
0.101889
0.101007
0.100447
0.1001
0.0998974
0.099802
0.0997984
0.0998897
0.100094
0.100445
0.10099
0.101794
0.102941
0.104537
0.106716
0.109649
0.113556
0.118738
0.125627
0.134923
0.147998
0.168434
0.210917
0.413826
1.50467
1.24913
0.979126
0.732176
0.53208
0.385233
0.284801
0.218914
0.17638
0.148888
0.130962
0.119155
0.11132
0.106101
0.102623
0.100312
0.0987835
0.0977785
0.097124
0.0967063
0.0964541
0.0963268
0.0963076
0.0963981
0.0966164
0.0969958
0.0975855
0.0984515
0.0996794
0.101378
0.103684
0.106774
0.110877
0.116302
0.123501
0.133203
0.146834
0.168102
0.212142
0.420879
1.57381
1.28707
0.990311
0.729139
0.525247
0.37935
0.280776
0.216203
0.174339
0.147091
0.129168
0.117251
0.10926
0.103876
0.100242
0.0977905
0.0961419
0.0950377
0.0943042
0.0938261
0.0935305
0.0933753
0.0933423
0.0934326
0.093664
0.0940702
0.094701
0.0956236
0.0969251
0.0987159
0.101136
0.104366
0.108639
0.114276
0.121739
0.13178
0.145867
0.167806
0.213087
0.426505
1.48884
1.20306
0.921737
0.679858
0.493094
0.359765
0.269325
0.209524
0.170206
0.144223
0.126886
0.115203
0.107269
0.101853
0.0981487
0.0956149
0.0938847
0.0927074
0.0919123
0.0913855
0.0910541
0.0908756
0.0908315
0.0909225
0.0911667
0.091598
0.0922669
0.0932414
0.0946097
0.0964839
0.0990066
0.10236
0.106783
0.112602
0.12029
0.130616
0.145077
0.167555
0.213821
0.430985
1.27169
1.02975
0.797884
0.598505
0.443092
0.330572
0.252647
0.199877
0.164377
0.140421
0.124139
0.112984
0.105295
0.0999718
0.0962804
0.0937201
0.0919468
0.0907228
0.0898844
0.0893212
0.0889622
0.0887658
0.0887136
0.0888069
0.0890637
0.0895186
0.0902227
0.0912446
0.0926736
0.094623
0.0972368
0.1007
0.105254
0.111231
0.11911
0.129674
0.144442
0.167354
0.214398
0.434553
1.02994
0.844643
0.665863
0.511293
0.38889
0.298083
0.233462
0.188474
0.1574
0.135924
0.121015
0.11061
0.103318
0.0981943
0.0945895
0.0920545
0.0902748
0.0890296
0.0881658
0.0875788
0.0872007
0.0869919
0.0869351
0.0870321
0.0873018
0.087779
0.0885155
0.0895807
0.0910645
0.0930813
0.0957763
0.0993359
0.104005
0.110117
0.11816
0.128922
0.143942
0.167199
0.214856
0.437398
0.810382
0.677655
0.546409
0.43077
0.337201
0.265955
0.21378
0.176383
0.149825
0.131
0.117636
0.108125
0.101342
0.0964998
0.0930432
0.0905785
0.0888249
0.0875824
0.0867102
0.0861114
0.0857226
0.0855069
0.0854489
0.0855513
0.0858339
0.0863323
0.0870987
0.0882032
0.0897363
0.0918133
0.0945802
0.0982247
0.102993
0.109223
0.117404
0.128332
0.143556
0.167089
0.215227
0.439676
0.630463
0.53884
0.445437
0.361094
0.291092
0.236278
0.19493
0.164406
0.142114
0.125905
0.114134
0.105587
0.0993821
0.0948806
0.0916195
0.0892617
0.0875621
0.0863431
0.0854778
0.0848783
0.0844867
0.0842695
0.0842135
0.084323
0.0846187
0.085137
0.0859309
0.0870709
0.0886482
0.0907786
0.0936089
0.0973276
0.102183
0.108513
0.11681
0.127876
0.143266
0.167018
0.215533
0.441513
0.491217
0.429189
0.363907
0.303342
0.251679
0.210036
0.177675
0.153078
0.134616
0.120852
0.11063
0.103058
0.0974627
0.0933375
0.0903045
0.0880814
0.0864581
0.08528
0.0844349
0.0838445
0.0834571
0.0832433
0.0831923
0.0833104
0.0836193
0.0841565
0.0849755
0.0861475
0.0877641
0.0899415
0.0928273
0.0966106
0.10154
0.107955
0.116351
0.12753
0.143056
0.166981
0.215792
0.443008
0.386873
0.345183
0.299928
0.256769
0.218907
0.187491
0.162356
0.142706
0.127563
0.115999
0.107222
0.100594
0.0956094
0.0918757
0.0890901
0.0870205
0.0854901
0.0843665
0.0835526
0.0829796
0.0826025
0.0823963
0.0823531
0.082481
0.0828032
0.0833581
0.0841999
0.0854005
0.0870518
0.0892706
0.0922046
0.0960436
0.101037
0.107525
0.116002
0.127275
0.142909
0.166971
0.216015
0.444237
0.309984
0.2819
0.250544
0.219827
0.192129
0.168492
0.149046
0.133431
0.121094
0.111455
0.103988
0.0982413
0.0938458
0.0905021
0.0879715
0.0860661
0.0846396
0.0835806
0.0828061
0.0822572
0.0818955
0.0817004
0.0816672
0.081806
0.0821414
0.0827129
0.0835755
0.0848014
0.0864832
0.0887378
0.0917135
0.0956003
0.100648
0.107197
0.115743
0.127092
0.142814
0.166984
0.216211
0.445261
0.253686
0.234582
0.212733
0.190789
0.170481
0.152685
0.137655
0.125282
0.115275
0.107288
0.100977
0.0960341
0.092191
0.0892231
0.0869454
0.0852079
0.0838915
0.0829034
0.0821743
0.0816546
0.0813122
0.0811311
0.0811096
0.08126
0.0816085
0.0821954
0.0830766
0.084325
0.0860334
0.0883191
0.0913305
0.095258
0.100351
0.106951
0.115554
0.126966
0.142758
0.167014
0.216387
0.446125
0.21244
0.199239
0.183852
0.168056
0.153087
0.139644
0.128015
0.118217
0.110121
0.103527
0.0982221
0.0939958
0.0906583
0.0880434
0.0860092
0.0844376
0.0832328
0.0823191
0.0816391
0.0811519
0.0808317
0.0806667
0.0806582
0.0808208
0.0811819
0.0817832
0.0826812
0.0839493
0.0856807
0.0879931
0.0910351
0.0949971
0.100129
0.106772
0.115422
0.126885
0.142734
0.167058
0.216547
0.446861
0.182068
0.172757
0.161765
0.150273
0.139153
0.128946
0.119921
0.112156
0.10561
0.10018
0.0957359
0.0921387
0.0892556
0.086965
0.0851596
0.0837476
0.0826527
0.081814
0.0811848
0.0807322
0.080436
0.0802885
0.0802939
0.0804688
0.0808423
0.0814569
0.0823698
0.0836552
0.0854066
0.0877419
0.0908098
0.094801
0.0999655
0.106644
0.115333
0.126838
0.142733
0.167111
0.216693
0.447494
0.159532
0.152805
0.144815
0.136346
0.128005
0.120201
0.113166
0.106997
0.101702
0.0972346
0.0935191
0.0904666
0.0879854
0.0859877
0.0843931
0.0831309
0.0821415
0.0813762
0.080798
0.0803807
0.0801095
0.0799802
0.08
0.0801873
0.0805726
0.0811995
0.0821259
0.0834264
0.085195
0.0875499
0.0906399
0.0946558
0.0998476
0.106556
0.115278
0.126818
0.14275
0.167171
0.216828
0.448041
0.142664
0.13767
0.131748
0.125413
0.119086
0.113071
0.107555
0.102635
0.0983438
0.0946663
0.0915623
0.0889761
0.0868457
0.0851085
0.0837048
0.082581
0.0816906
0.0809957
0.0804671
0.0800849
0.0798389
0.0797282
0.0797625
0.079962
0.0803586
0.0809968
0.0819353
0.0832491
0.0850327
0.0874043
0.0905131
0.09455
0.0997649
0.106499
0.115247
0.126816
0.142779
0.167235
0.216952
0.448511
0.129927
0.126111
0.121625
0.116807
0.111947
0.107265
0.102909
0.0989673
0.0954776
0.0924446
0.0898494
0.0876587
0.0858311
0.0843226
0.0830894
0.0820912
0.0812923
0.0806634
0.0801822
0.0798342
0.0796128
0.0795206
0.0795692
0.0797807
0.0801881
0.0808368
0.0817862
0.0831118
0.0849084
0.0872944
0.0904194
0.0944743
0.099709
0.106464
0.115236
0.126829
0.142818
0.167302
0.217067
0.448913
0.120227
0.117221
0.113744
0.110013
0.106227
0.102543
0.0990745
0.0958954
0.0930446
0.0905349
0.0883604
0.0865022
0.0849335
0.0836236
0.0825408
0.0816551
0.0809394
0.0803715
0.0799349
0.0796194
0.079422
0.0793477
0.0794104
0.0796335
0.0800512
0.0807097
0.081669
0.0830051
0.0848131
0.0872118
0.0903509
0.0944213
0.0996731
0.106447
0.115239
0.126853
0.142863
0.16737
0.217172
0.44925
0.112784
0.110343
0.10758
0.104634
0.101638
0.0987034
0.0959148
0.0933312
0.0909881
0.0889016
0.0870729
0.0854924
0.0841431
0.0830041
0.0820527
0.0812665
0.0806256
0.0801135
0.0797181
0.0794331
0.0792585
0.0792016
0.0792779
0.0795121
0.0799396
0.0806073
0.0815758
0.0829214
0.0847396
0.0871496
0.0903011
0.0943853
0.0996522
0.106443
0.115252
0.126885
0.142913
0.167439
0.217268
0.449525
0.107032
0.104989
0.102738
0.100363
0.0979524
0.0955821
0.0933144
0.0911953
0.0892549
0.0875095
0.0859637
0.0846138
0.0834493
0.0824562
0.0816184
0.0809197
0.0803453
0.0798835
0.0795259
0.0792693
0.0791161
0.0790757
0.0791651
0.0794101
0.079847
0.0805233
0.0815003
0.0828547
0.0846823
0.0871025
0.0902653
0.0943619
0.0996425
0.106448
0.115273
0.126922
0.142966
0.167507
0.217354
0.44974
0.102557
0.1008
0.0989175
0.0969615
0.094986
0.0930424
0.0911749
0.0894182
0.0877968
0.0863254
0.0850103
0.0838508
0.0828411
0.0819718
0.0812316
0.080609
0.0800934
0.0796766
0.0793533
0.0791229
0.0789898
0.078965
0.0790668
0.0793222
0.0797681
0.0804528
0.0814379
0.0828005
0.0846369
0.0870666
0.0902397
0.0943478
0.0996411
0.10646
0.1153
0.126964
0.143022
0.167574
0.217431
0.449893
0.0990552
0.0975028
0.09589
0.0942427
0.0925926
0.0909727
0.0894131
0.0879393
0.0865703
0.0853188
0.0841911
0.0831885
0.0823077
0.0815428
0.0808862
0.0803295
0.0798656
0.0794887
0.0791965
0.07899
0.0788756
0.0788655
0.0789793
0.0792446
0.0796992
0.0803919
0.0813848
0.0827554
0.0846001
0.0870388
0.0902218
0.0943408
0.099646
0.106478
0.115331
0.127009
0.143079
0.16764
0.217498
0.449985
0.0962964
0.0948937
0.0934787
0.0920605
0.0906551
0.0892815
0.0879594
0.0867066
0.0855374
0.084462
0.0834864
0.0826125
0.081839
0.081162
0.0805765
0.0800768
0.0796579
0.0793166
0.0790522
0.0788676
0.0787705
0.0787743
0.0788994
0.0791744
0.0796375
0.080338
0.0813385
0.0827168
0.0845697
0.0870171
0.0902097
0.0943391
0.0996558
0.1065
0.115367
0.127057
0.143139
0.167705
0.217556
0.450017
0.094108
0.0928154
0.0915469
0.0903001
0.0890794
0.0878941
0.0867556
0.0856758
0.0846648
0.0837307
0.0828784
0.0821102
0.0814256
0.0808226
0.0802975
0.0798468
0.0794673
0.0791574
0.0789181
0.0787534
0.0786724
0.0786892
0.0788251
0.0791094
0.0795808
0.080289
0.0812971
0.0826831
0.0845439
0.087
0.090202
0.0943418
0.0996697
0.106526
0.115405
0.127108
0.143199
0.167769
0.217604
0.449987
0.0923582
0.0911476
0.0899886
0.0888707
0.0877905
0.0867497
0.0857538
0.0848097
0.0839244
0.0831036
0.0823514
0.0816699
0.0810593
0.0805183
0.0800447
0.0796362
0.0792911
0.0790091
0.0787922
0.0786457
0.0785795
0.0786086
0.0787549
0.0790482
0.0795277
0.0802437
0.0812593
0.0826529
0.0845219
0.0869866
0.090198
0.094348
0.0996872
0.106556
0.115447
0.127161
0.143261
0.167831
0.217642
0.449896
0.0909464
0.0897975
0.0887211
0.0877011
0.0867283
0.0857991
0.0849144
0.0840774
0.0832921
0.0825626
0.0818919
0.0812818
0.0807328
0.080244
0.0798143
0.0794423
0.0791272
0.0788698
0.0786731
0.0785433
0.0784908
0.0785315
0.0786878
0.0789899
0.0794775
0.0802011
0.0812243
0.0826257
0.0845028
0.0869763
0.0901972
0.0943575
0.0997078
0.106588
0.115492
0.127217
0.143324
0.167891
0.217671
0.449744
0.0897953
0.0886934
0.0876799
0.0867349
0.085845
0.0850028
0.0842054
0.0834532
0.082748
0.0820924
0.0814884
0.0809373
0.0804396
0.0799951
0.0796029
0.0792624
0.0789737
0.0787383
0.0785599
0.0784453
0.0784056
0.0784573
0.0786231
0.0789338
0.0794294
0.0801608
0.0811916
0.082601
0.0844864
0.0869687
0.0901993
0.09437
0.0997316
0.106624
0.115539
0.127275
0.143389
0.167951
0.217691
0.449532
0.0888455
0.08778
0.0868151
0.0859283
0.085103
0.084329
0.0836007
0.0829163
0.0822758
0.0816803
0.0811311
0.0806291
0.0801747
0.0797678
0.0794079
0.0790949
0.0788294
0.0786136
0.0784517
0.0783511
0.0783235
0.0783856
0.0785606
0.0788798
0.0793834
0.0801225
0.0811611
0.0825785
0.0844724
0.0869639
0.0902042
0.0943855
0.0997584
0.106662
0.115589
0.127336
0.143455
0.168009
0.217701
0.449261
0.0880513
0.0870144
0.0860878
0.0852466
0.0844723
0.0837524
0.0830795
0.0824498
0.0818619
0.0813159
0.0808122
0.0803514
0.0799336
0.0795588
0.0792269
0.078938
0.0786932
0.078495
0.0783481
0.0782605
0.0782441
0.0783162
0.0785002
0.0788277
0.0793392
0.0800862
0.0811327
0.0825583
0.0844609
0.0869617
0.090212
0.094404
0.0997883
0.106704
0.115642
0.127398
0.143522
0.168066
0.217702
0.448935
0.0873778
0.0863639
0.0854677
0.084663
0.0839295
0.0832533
0.0826252
0.0820401
0.0814955
0.0809906
0.0805251
0.0800991
0.0797127
0.0793657
0.0790582
0.0787905
0.0785642
0.0783819
0.0782489
0.0781733
0.0781675
0.0782491
0.0784418
0.0787775
0.079297
0.0800518
0.0811065
0.0825405
0.0844519
0.0869622
0.0902226
0.0944256
0.0998213
0.106749
0.115698
0.127463
0.14359
0.168121
0.217695
0.448555
0.0867981
0.0858031
0.0849317
0.0841566
0.0834564
0.0828158
0.0822246
0.0816765
0.081168
0.0806976
0.0802645
0.0798683
0.079509
0.0791862
0.0789002
0.0786515
0.0784418
0.078274
0.0781537
0.0780894
0.0780937
0.0781843
0.0783856
0.0787294
0.0792568
0.0800196
0.0810825
0.082525
0.0844456
0.0869655
0.0902363
0.0944502
0.0998574
0.106797
0.115757
0.127531
0.143659
0.168176
0.217679
0.448123
0.0862924
0.085313
0.0844621
0.0837115
0.0830389
0.0824279
0.0818674
0.0813504
0.0808725
0.0804315
0.0800262
0.0796559
0.0793202
0.0790188
0.0787519
0.0785202
0.0783254
0.078171
0.0780625
0.0780088
0.0780226
0.0781221
0.0783317
0.0786835
0.0792188
0.0799897
0.0810608
0.0825121
0.0844419
0.0869716
0.0902529
0.094478
0.0998968
0.106848
0.115819
0.127601
0.14373
0.168229
0.217654
0.447638
0.0858456
0.0848792
0.0840455
0.0833155
0.082666
0.0820801
0.0815457
0.0810551
0.0806035
0.080188
0.0798068
0.0794591
0.0791442
0.0788619
0.0786122
0.0783959
0.0782149
0.0780727
0.0779753
0.0779314
0.0779544
0.0780624
0.0782801
0.0786399
0.0791831
0.0799621
0.0810416
0.0825018
0.084441
0.0869808
0.0902727
0.0945089
0.0999392
0.106902
0.115884
0.127673
0.143802
0.16828
0.21762
0.447091
0.0854425
0.0844898
0.0836717
0.0829592
0.0823294
0.0817649
0.0812531
0.0807855
0.0803567
0.0799635
0.0796037
0.079276
0.0789798
0.0787145
0.0784803
0.0782781
0.0781098
0.077979
0.0778919
0.0778575
0.0778892
0.0780054
0.0782311
0.0785987
0.0791499
0.079937
0.0810251
0.0824942
0.0844429
0.0869928
0.0902955
0.0945429
0.0999848
0.106959
0.115951
0.127747
0.143874
0.168329
0.217575
0.446474
0.0850724
0.0841332
0.0833303
0.0826346
0.0820228
0.0814771
0.0809848
0.0805374
0.0801289
0.0797554
0.0794147
0.079105
0.0788256
0.0785759
0.0783559
0.0781666
0.0780099
0.0778898
0.0778124
0.077787
0.0778271
0.0779513
0.0781848
0.0785602
0.0791192
0.0799145
0.0810112
0.0824894
0.0844477
0.0870078
0.0903213
0.09458
0.100033
0.107018
0.11602
0.127823
0.143948
0.168377
0.21752
0.445795
0.0847269
0.0838019
0.0830141
0.0823344
0.0817395
0.0812115
0.0807373
0.080308
0.0799174
0.0795618
0.0792382
0.0789449
0.0786808
0.0784452
0.0782383
0.078061
0.0779153
0.0778051
0.0777369
0.07772
0.0777682
0.0779002
0.0781413
0.0785244
0.0790913
0.0798948
0.0810001
0.0824874
0.0844554
0.0870258
0.0903501
0.0946201
0.100085
0.107081
0.116092
0.1279
0.144021
0.168422
0.217456
0.445066
0.0843992
0.0834898
0.0827176
0.0820538
0.0814752
0.0809638
0.0805065
0.0800942
0.0797204
0.079381
0.079073
0.0787946
0.0785446
0.0783221
0.0781273
0.0779611
0.0778256
0.0777249
0.0776654
0.0776567
0.0777126
0.0778522
0.0781008
0.0784915
0.0790662
0.0798779
0.0809918
0.0824882
0.084466
0.0870467
0.0903817
0.0946629
0.100139
0.107146
0.116166
0.127979
0.144095
0.168466
0.217383
0.444293
0.0840837
0.0831919
0.0824364
0.0817888
0.0812263
0.0807309
0.0802898
0.0798935
0.0795355
0.0792114
0.0789181
0.0786536
0.0784165
0.0782062
0.0780227
0.0778668
0.0777409
0.0776491
0.0775978
0.077597
0.0776604
0.0778074
0.0780633
0.0784615
0.079044
0.0798638
0.0809863
0.0824919
0.0844793
0.0870703
0.0904161
0.0947083
0.100195
0.107212
0.116242
0.128058
0.144168
0.168507
0.217303
0.443483
0.083776
0.0829041
0.0821668
0.0815363
0.0809901
0.0805107
0.0800852
0.0797042
0.0793612
0.0790515
0.0787721
0.0785208
0.078296
0.0780971
0.0779241
0.077778
0.0776612
0.0775777
0.0775344
0.077541
0.0776117
0.0777658
0.0780289
0.0784344
0.0790246
0.0798525
0.0809835
0.0824983
0.0844954
0.0870965
0.0904529
0.094756
0.100254
0.107281
0.116318
0.128138
0.144241
0.168545
0.217215
0.442638
0.0834725
0.0826234
0.0819061
0.0812938
0.0807645
0.0803011
0.079891
0.0795249
0.0791964
0.0789006
0.0786344
0.0783955
0.0781824
0.0779943
0.0778314
0.0776945
0.0775863
0.0775108
0.0774749
0.0774887
0.0775664
0.0777274
0.0779976
0.0784103
0.0790081
0.079844
0.0809835
0.0825073
0.084514
0.0871252
0.0904921
0.0948059
0.100314
0.107351
0.116396
0.128219
0.144313
0.16858
0.21712
0.441761
0.0831706
0.0823474
0.0816523
0.0810595
0.0805478
0.0801008
0.0797061
0.0793547
0.0790402
0.0787578
0.0785042
0.0782772
0.0780752
0.0778975
0.0777441
0.0776161
0.077516
0.0774482
0.0774195
0.0774402
0.0775246
0.0776924
0.0779694
0.0783892
0.0789944
0.0798382
0.0809862
0.0825189
0.0845351
0.0871562
0.0905335
0.0948577
0.100376
0.107423
0.116474
0.128299
0.144384
0.168613
0.217019
0.440852
0.0828687
0.0820746
0.0814039
0.080832
0.0803388
0.0799086
0.0795295
0.0791927
0.0788919
0.0786225
0.0783812
0.0781656
0.0779743
0.0778064
0.0776622
0.0775426
0.0774504
0.0773899
0.0773681
0.0773955
0.0774864
0.0776607
0.0779443
0.0783711
0.0789836
0.0798352
0.0809915
0.0825331
0.0845586
0.0871896
0.0905769
0.0949115
0.10044
0.107495
0.116554
0.12838
0.144456
0.168646
0.216916
0.43991
0.0825659
0.081804
0.08116
0.0806106
0.0801368
0.0797239
0.0793605
0.0790383
0.078751
0.0784943
0.0782648
0.0780602
0.0778792
0.0777208
0.0775853
0.0774738
0.0773891
0.0773356
0.0773206
0.0773544
0.0774517
0.0776324
0.0779226
0.0783562
0.0789759
0.0798351
0.0809995
0.0825498
0.0845845
0.0872252
0.0906226
0.0949672
0.100506
0.10757
0.116635
0.128464
0.144531
0.16869
0.216854
0.439078
0.0822622
0.0815356
0.0809202
0.0803946
0.0799412
0.079546
0.0791986
0.0788909
0.0786171
0.0783728
0.0781548
0.0779609
0.0777897
0.0776404
0.0775132
0.0774095
0.077332
0.0772853
0.0772767
0.0773168
0.0774203
0.0776072
0.0779039
0.0783442
0.078971
0.0798379
0.0810104
0.0825693
0.0846131
0.0872633
0.0906706
0.0950251
0.100573
0.107646
0.116718
0.128549
0.14461
0.168743
0.216815
0.438332
0.0819582
0.0812694
0.0806846
0.080184
0.0797517
0.0793748
0.0790435
0.0787504
0.0784898
0.0782577
0.0780509
0.0778673
0.0777056
0.077565
0.0774459
0.0773496
0.077279
0.0772388
0.0772364
0.0772825
0.077392
0.077585
0.0778879
0.0783349
0.0789688
0.0798431
0.0810236
0.082591
0.0846438
0.0873034
0.0907202
0.0950844
0.100642
0.107723
0.116801
0.128634
0.14469
0.168799
0.216786
0.437607
0.0816554
0.0810064
0.0804535
0.079979
0.0795684
0.0792101
0.0788951
0.0786164
0.078369
0.0781487
0.0779528
0.0777793
0.0776267
0.0774945
0.0773831
0.0772939
0.0772299
0.0771959
0.0771994
0.0772513
0.0773666
0.0775655
0.0778746
0.078328
0.0789687
0.0798503
0.0810387
0.0826144
0.084676
0.0873446
0.0907708
0.0951442
0.100711
0.1078
0.116884
0.128719
0.144769
0.168856
0.216755
0.436879
0.0813554
0.0807476
0.0802277
0.0797799
0.0793914
0.0790519
0.0787532
0.0784889
0.0782543
0.0780458
0.0778605
0.0776965
0.0775527
0.0774286
0.0773246
0.0772422
0.0771845
0.0771564
0.0771657
0.0772231
0.077344
0.0775486
0.0778635
0.0783231
0.0789705
0.0798592
0.0810552
0.0826389
0.084709
0.0873864
0.0908214
0.0952037
0.100778
0.107875
0.116965
0.128802
0.144846
0.168908
0.216718
0.436138
0.0810604
0.0804944
0.0800079
0.0795872
0.079221
0.0789003
0.0786178
0.0783678
0.0781458
0.0779486
0.0777736
0.077619
0.0774836
0.0773672
0.0772702
0.0771943
0.0771426
0.0771202
0.0771349
0.0771977
0.0773238
0.0775338
0.0778545
0.0783201
0.0789739
0.0798694
0.0810726
0.0826641
0.0847422
0.087428
0.0908715
0.0952622
0.100845
0.107948
0.117042
0.128881
0.144918
0.168955
0.216672
0.435384
0.0807724
0.0802483
0.0797951
0.0794014
0.0790575
0.0787555
0.078489
0.0782529
0.0780433
0.0778571
0.077692
0.0775464
0.0774191
0.0773101
0.0772198
0.07715
0.077104
0.0770871
0.0771069
0.0771747
0.0773059
0.0775211
0.0778472
0.0783185
0.0789783
0.0798804
0.0810906
0.0826894
0.0847752
0.0874688
0.0909203
0.0953187
0.100908
0.108018
0.117116
0.128955
0.144985
0.168995
0.216617
0.434621
0.0804937
0.0800106
0.0795903
0.0792232
0.0789012
0.0786176
0.0783668
0.0781443
0.0779467
0.0777712
0.0776156
0.0774785
0.0773591
0.077257
0.0771731
0.0771092
0.0770686
0.0770567
0.0770815
0.0771541
0.0772901
0.0775101
0.0778413
0.078318
0.0789837
0.0798919
0.0811086
0.0827143
0.0848073
0.0875083
0.0909672
0.0953726
0.100969
0.108084
0.117185
0.129023
0.145045
0.169028
0.216552
0.433853
0.0802261
0.0797828
0.0793943
0.0790532
0.0787525
0.0784868
0.0782512
0.0780419
0.0778559
0.0776906
0.0775442
0.0774154
0.0773032
0.0772079
0.07713
0.0770716
0.0770362
0.0770291
0.0770584
0.0771355
0.077276
0.0775006
0.0778366
0.0783184
0.0789895
0.0799035
0.0811263
0.0827384
0.0848381
0.0875459
0.0910114
0.0954233
0.101025
0.108144
0.117249
0.129085
0.145097
0.169052
0.216479
0.433084
0.0799715
0.0795659
0.079208
0.0788917
0.0786116
0.0783631
0.0781422
0.0779457
0.0777708
0.0776153
0.0774777
0.0773566
0.0772515
0.0771624
0.0770903
0.0770371
0.0770064
0.0770038
0.0770374
0.0771187
0.0772634
0.0774924
0.0778329
0.0783194
0.0789955
0.0799148
0.0811433
0.0827613
0.0848671
0.0875811
0.0910527
0.0954702
0.101077
0.1082
0.117306
0.12914
0.145142
0.169067
0.216397
0.432319
0.0797309
0.0793609
0.0790318
0.0787392
0.0784787
0.0782467
0.0780399
0.0778555
0.0776912
0.0775451
0.0774157
0.077302
0.0772035
0.0771204
0.0770536
0.0770054
0.0769792
0.0769808
0.0770184
0.0771037
0.0772522
0.0774852
0.0778298
0.0783207
0.0790014
0.0799256
0.0811592
0.0827827
0.0848939
0.0876134
0.0910903
0.0955128
0.101124
0.10825
0.117356
0.129187
0.145178
0.169074
0.216307
0.431563
0.0795054
0.0791683
0.0788663
0.0785959
0.078354
0.0781376
0.0779441
0.0777713
0.077617
0.0774798
0.0773582
0.0772515
0.0771592
0.0770817
0.07702
0.0769763
0.0769543
0.0769598
0.0770012
0.07709
0.0772422
0.0774788
0.0778271
0.078322
0.0790069
0.0799355
0.0811738
0.082802
0.0849182
0.0876425
0.091124
0.0955506
0.101165
0.108293
0.117399
0.129226
0.145206
0.169073
0.216209
0.43082
0.0792954
0.0789886
0.0787116
0.078462
0.0782374
0.0780357
0.0778548
0.0776928
0.0775481
0.0774192
0.077305
0.0772048
0.0771184
0.0770461
0.076989
0.0769496
0.0769315
0.0769407
0.0769854
0.0770776
0.077233
0.0774729
0.0778247
0.0783231
0.0790118
0.0799444
0.0811868
0.0828192
0.0849396
0.087668
0.0911534
0.0955834
0.1012
0.108329
0.117435
0.129257
0.145225
0.169062
0.216106
0.430095
0.0791011
0.0788219
0.0785678
0.0783374
0.0781289
0.0779409
0.0777718
0.07762
0.0774841
0.077363
0.0772558
0.0771617
0.0770808
0.0770133
0.0769606
0.0769251
0.0769107
0.0769232
0.076971
0.0770662
0.0772246
0.0774675
0.0778223
0.0783239
0.0790159
0.0799519
0.0811978
0.0828339
0.0849578
0.0876897
0.0911782
0.0956108
0.101229
0.108359
0.117462
0.129279
0.145235
0.169044
0.215996
0.429392
0.0789224
0.0786681
0.0784348
0.0782219
0.0780284
0.0778531
0.0776949
0.0775526
0.0774251
0.0773113
0.0772104
0.0771221
0.0770462
0.0769832
0.0769346
0.0769027
0.0768916
0.0769071
0.0769578
0.0770557
0.0772167
0.0774623
0.0778198
0.0783241
0.0790189
0.0799579
0.0812069
0.0828459
0.0849728
0.0877074
0.0911982
0.0956325
0.101252
0.108381
0.117482
0.129293
0.145237
0.169017
0.215882
0.428715
0.0787588
0.0785268
0.0783124
0.0781155
0.0779356
0.0777721
0.077624
0.0774905
0.0773706
0.0772636
0.0771687
0.0770856
0.0770144
0.0769556
0.0769107
0.0768822
0.0768741
0.0768923
0.0769456
0.0770459
0.0772093
0.0774571
0.077817
0.0783237
0.0790209
0.0799623
0.0812137
0.0828551
0.0849843
0.0877209
0.0912133
0.0956486
0.101268
0.108396
0.117494
0.129299
0.14523
0.168982
0.215763
0.428068
0.0786099
0.0783977
0.0782002
0.0780178
0.0778504
0.0776975
0.0775587
0.0774333
0.0773205
0.0772198
0.0771304
0.0770522
0.0769853
0.0769304
0.0768889
0.0768634
0.076858
0.0768787
0.0769343
0.0770367
0.0772021
0.077452
0.0778137
0.0783224
0.0790215
0.0799649
0.0812182
0.0828614
0.0849922
0.0877301
0.0912234
0.0956589
0.101278
0.108404
0.117498
0.129296
0.145214
0.168939
0.215642
0.427455
0.0784748
0.0782802
0.0780979
0.0779285
0.0777723
0.0776292
0.0774989
0.0773809
0.0772747
0.0771796
0.0770953
0.0770216
0.0769587
0.0769072
0.0768688
0.0768461
0.0768432
0.0768662
0.0769237
0.077028
0.0771952
0.0774466
0.07781
0.0783202
0.0790208
0.0799656
0.0812203
0.0828647
0.0849964
0.087735
0.0912284
0.0956633
0.101281
0.108404
0.117494
0.129284
0.14519
0.16889
0.215518
0.42688
0.078353
0.0781738
0.0780049
0.0778472
0.0777011
0.0775668
0.0774442
0.077333
0.0772327
0.0771429
0.0770633
0.0769937
0.0769343
0.0768861
0.0768505
0.0768303
0.0768296
0.0768545
0.0769138
0.0770197
0.0771883
0.0774411
0.0778057
0.078317
0.0790188
0.0799645
0.08122
0.082865
0.0849971
0.0877355
0.0912283
0.095662
0.101277
0.108397
0.117482
0.129265
0.145159
0.168834
0.215393
0.426346
0.0782435
0.0780777
0.0779207
0.0777733
0.0776363
0.07751
0.0773944
0.0772893
0.0771944
0.0771094
0.077034
0.0769681
0.0769121
0.0768667
0.0768337
0.0768157
0.076817
0.0768436
0.0769045
0.0770116
0.0771814
0.0774353
0.0778008
0.0783129
0.0790152
0.0799615
0.0812172
0.0828623
0.0849941
0.0877318
0.0912234
0.0956551
0.101268
0.108383
0.117463
0.129238
0.145119
0.168771
0.215268
0.425856
0.0781455
0.0779914
0.0778447
0.0777065
0.0775776
0.0774584
0.077349
0.0772495
0.0771595
0.0770788
0.0770073
0.0769448
0.0768917
0.076849
0.0768183
0.0768023
0.0768053
0.0768334
0.0768956
0.0770038
0.0771745
0.0774291
0.0777952
0.0783077
0.0790103
0.0799566
0.0812121
0.0828567
0.0849876
0.087724
0.0912137
0.0956427
0.101252
0.108363
0.117436
0.129203
0.145073
0.168704
0.215143
0.425413
0.0780582
0.077914
0.0777762
0.077646
0.0775242
0.0774113
0.0773077
0.0772131
0.0771276
0.0770509
0.0769828
0.0769234
0.076873
0.0768327
0.0768041
0.0767899
0.0767944
0.0768239
0.0768871
0.0769962
0.0771675
0.0774226
0.0777889
0.0783015
0.079004
0.0799499
0.0812047
0.0828483
0.0849778
0.0877122
0.0911993
0.0956252
0.10123
0.108336
0.117403
0.129162
0.14502
0.168632
0.21502
0.42502
0.0779806
0.0778446
0.0777144
0.0775911
0.0774755
0.0773683
0.0772697
0.0771797
0.0770982
0.0770251
0.0769602
0.0769036
0.0768558
0.0768176
0.0767908
0.0767783
0.0767841
0.0768147
0.0768788
0.0769886
0.0771604
0.0774157
0.077782
0.0782944
0.0789963
0.0799414
0.0811951
0.0828372
0.0849647
0.0876967
0.0911807
0.0956026
0.101203
0.108303
0.117363
0.129114
0.144961
0.168555
0.2149
0.424678
0.0779112
0.0777818
0.077658
0.0775406
0.0774306
0.0773284
0.0772344
0.0771485
0.0770708
0.0770009
0.076939
0.076885
0.0768395
0.0768033
0.0767783
0.0767672
0.0767743
0.0768059
0.0768707
0.076981
0.077153
0.0774083
0.0777744
0.0782862
0.0789873
0.0799312
0.0811834
0.0828236
0.0849486
0.0876776
0.091158
0.0955756
0.101171
0.108265
0.117318
0.12906
0.144897
0.168476
0.214783
0.424388
0.0778486
0.0777242
0.0776054
0.0774932
0.077388
0.0772903
0.0772005
0.0771185
0.0770443
0.0769776
0.0769185
0.076867
0.0768237
0.0767894
0.076766
0.0767563
0.0767646
0.076797
0.0768625
0.0769731
0.0771453
0.0774004
0.077766
0.0782771
0.078977
0.0799195
0.0811698
0.0828076
0.0849298
0.0876553
0.0911315
0.0955443
0.101134
0.108222
0.117267
0.129002
0.144829
0.168394
0.214671
0.424151
0.0777904
0.0776693
0.0775546
0.0774466
0.0773458
0.0772524
0.0771666
0.0770884
0.0770176
0.076954
0.0768977
0.0768487
0.0768076
0.0767752
0.0767535
0.0767452
0.0767545
0.0767878
0.0768539
0.0769648
0.077137
0.0773918
0.0777568
0.0782669
0.0789656
0.0799063
0.0811544
0.0827895
0.0849084
0.0876301
0.0911019
0.0955095
0.101093
0.108174
0.117213
0.128939
0.144757
0.16831
0.214564
0.423964
0.0777335
0.0776142
0.0775026
0.0773984
0.0773017
0.0772124
0.0771307
0.0770563
0.0769891
0.0769288
0.0768754
0.076829
0.0767902
0.0767599
0.0767399
0.076733
0.0767436
0.0767778
0.0768445
0.0769557
0.0771279
0.0773824
0.0777467
0.0782557
0.0789529
0.0798916
0.0811373
0.0827695
0.0848849
0.0876024
0.0910694
0.0954715
0.101049
0.108123
0.117154
0.128873
0.144683
0.168226
0.214462
0.423823
0.0776741
0.0775552
0.0774459
0.0773452
0.0772527
0.0771679
0.0770906
0.0770203
0.076957
0.0769003
0.0768502
0.0768067
0.0767705
0.0767424
0.0767244
0.0767192
0.0767311
0.0767663
0.0768337
0.0769454
0.0771176
0.0773718
0.0777354
0.0782433
0.0789389
0.0798756
0.0811188
0.0827478
0.0848596
0.0875728
0.0910348
0.0954312
0.101002
0.10807
0.117093
0.128804
0.144607
0.168143
0.214367
0.42372
0.077608
0.0774883
0.0773811
0.0772842
0.0771962
0.0771163
0.0770439
0.0769785
0.0769196
0.076867
0.0768205
0.0767805
0.0767472
0.0767218
0.076706
0.0767027
0.0767162
0.0767528
0.0768211
0.0769334
0.0771058
0.0773598
0.0777228
0.0782297
0.0789238
0.0798585
0.0810991
0.082725
0.084833
0.0875419
0.0909989
0.0953897
0.100954
0.108015
0.117032
0.128736
0.144532
0.168062
0.214278
0.423639
0.0775318
0.0774109
0.077306
0.0772133
0.0771307
0.0770565
0.0769897
0.0769297
0.0768759
0.076828
0.0767858
0.0767496
0.0767197
0.0766974
0.0766842
0.0766833
0.0766987
0.0767368
0.0768063
0.0769194
0.0770923
0.0773463
0.0777089
0.0782149
0.0789077
0.0798405
0.0810787
0.0827016
0.0848061
0.0875108
0.090963
0.0953484
0.100907
0.107961
0.116972
0.128669
0.14446
0.167985
0.214196
0.423555
0.0774457
0.0773241
0.0772222
0.0771347
0.077058
0.0769901
0.0769296
0.0768756
0.0768273
0.0767845
0.076747
0.076715
0.0766889
0.0766699
0.0766597
0.0766613
0.0766789
0.0767188
0.0767898
0.076904
0.0770776
0.0773318
0.0776943
0.0781997
0.0788913
0.0798226
0.0810587
0.0826789
0.0847802
0.0874811
0.090929
0.0953094
0.100863
0.107912
0.116916
0.128608
0.144395
0.167917
0.214123
0.423424
0.0773581
0.0772371
0.077139
0.0770569
0.0769864
0.0769248
0.0768705
0.0768222
0.0767794
0.0767415
0.0767085
0.0766806
0.0766581
0.0766424
0.0766351
0.0766392
0.076659
0.0767008
0.0767733
0.0768887
0.0770631
0.0773178
0.0776803
0.0781854
0.0788763
0.0798064
0.0810409
0.0826591
0.0847578
0.0874557
0.0908999
0.0952764
0.100825
0.107869
0.116869
0.128558
0.144343
0.167866
0.214075
0.423187
0.0772913
0.077172
0.0770774
0.0769995
0.0769336
0.0768767
0.0768268
0.0767827
0.0767437
0.0767094
0.0766797
0.0766546
0.0766349
0.0766215
0.0766163
0.0766223
0.0766438
0.076687
0.0767607
0.076877
0.0770521
0.0773074
0.0776701
0.0781751
0.0788657
0.0797952
0.0810287
0.0826457
0.0847428
0.0874388
0.0908808
0.0952546
0.100801
0.107841
0.116838
0.128523
0.144305
0.167826
0.214022
0.422751
)
;

boundaryField
{
    leftWall
    {
        type            epsilonWallFunction;
        value           nonuniform List<scalar> 
86
(
0.0751317
0.135781
0.190045
0.230404
0.261831
0.287314
0.308645
0.326982
0.343111
0.357581
0.370792
0.383172
0.394829
0.405908
0.416513
0.426724
0.436598
0.446173
0.455478
0.46453
0.473339
0.481913
0.490255
0.498368
0.506252
0.513908
0.521339
0.528548
0.535547
0.542357
0.549014
0.555589
0.562202
0.569067
0.576551
0.585273
0.596316
0.611712
0.631606
0.654308
0.680171
0.714769
0.779071
0.810689
0.820543
0.826114
0.833035
0.846611
0.868108
0.895349
0.914454
0.921876
0.919243
0.908957
0.893314
0.874076
0.852573
0.829804
0.806473
0.783089
0.760047
0.737639
0.716053
0.695405
0.675777
0.657223
0.639754
0.623355
0.60802
0.593765
0.580623
0.568632
0.55784
0.548299
0.540065
0.533255
0.528201
0.525762
0.527803
0.537901
0.562975
0.617844
0.734168
0.976404
1.51735
3.21886
)
;
    }
    rightWall
    {
        type            epsilonWallFunction;
        value           nonuniform List<scalar> 
86
(
0.0834989
0.137807
0.19257
0.2421
0.28284
0.315748
0.342205
0.363431
0.380434
0.394037
0.405009
0.413826
0.420879
0.426505
0.430985
0.434553
0.437398
0.439676
0.441513
0.443008
0.444237
0.445261
0.446125
0.446861
0.447494
0.448041
0.448511
0.448913
0.44925
0.449525
0.44974
0.449893
0.449985
0.450017
0.449987
0.449896
0.449744
0.449532
0.449261
0.448935
0.448555
0.448123
0.447638
0.447091
0.446474
0.445795
0.445066
0.444293
0.443483
0.442638
0.441761
0.440852
0.43991
0.439078
0.438332
0.437607
0.436879
0.436138
0.435384
0.434621
0.433853
0.433084
0.432319
0.431563
0.43082
0.430095
0.429392
0.428715
0.428068
0.427455
0.42688
0.426346
0.425856
0.425413
0.42502
0.424678
0.424388
0.424151
0.423964
0.423823
0.42372
0.423639
0.423555
0.423424
0.423187
0.422751
)
;
    }
    lowerWall
    {
        type            epsilonWallFunction;
        value           nonuniform List<scalar> 
110
(
0.0751317
0.202006
0.33362
0.442669
0.53347
0.610453
0.676867
0.735321
0.788037
0.836935
0.8837
0.929847
0.976781
1.02585
1.0784
1.13578
1.19934
1.27042
1.35021
1.43964
1.53907
1.64798
1.76462
1.88559
2.00568
2.1179
2.21404
2.28572
2.32573
2.32951
2.29565
2.22386
2.11424
1.98435
1.84764
1.71037
1.58325
1.47781
1.40261
1.36052
1.34803
1.35584
1.33833
1.24026
1.11258
0.77437
0.77437
1.38593
1.91426
2.27851
2.36868
2.20105
1.99637
1.80854
1.68183
1.79116
2.39189
1.39064
1.89165
2.57096
0.0620558
0.140567
0.184976
0.229684
0.270919
0.316308
0.351024
0.376253
0.616227
1.44212
0.0620558
0.0854143
0.0864653
0.408174
0.467896
0.507089
0.529891
0.541098
0.544487
0.542813
0.537998
0.531317
0.523966
0.518453
0.513512
0.508674
0.503948
0.499375
0.494964
0.490701
0.486569
0.482549
0.47862
0.474752
0.470897
0.46697
0.462845
0.458334
0.45317
0.446978
0.439245
0.429279
0.416155
0.398656
0.375345
0.0858609
0.0862315
0.36808
0.0843495
0.0834989
)
;
    }
    atmosphere
    {
        type            inletOutlet;
        inletValue      uniform 0.1;
        value           nonuniform List<scalar> 
90
(
0.1
0.1
0.1
0.1
0.1
0.1
0.1
0.1
0.1
0.1
0.1
0.1
0.1
0.1
0.1
0.1
0.1
0.1
0.1
0.1
0.1
0.1
0.1
0.1
0.1
0.1
0.1
0.1
0.1
0.1
0.1
0.1
0.1
0.1
0.1
0.1
0.1
0.1
0.1
0.1
0.0875984
0.0842668
0.0820276
0.0804986
0.0794457
0.0787168
0.0782222
0.0778772
0.0776264
0.0774403
0.0772913
0.077172
0.0770774
0.0769995
0.0769336
0.0768767
0.0768268
0.0767827
0.0767437
0.0767094
0.0766797
0.0766546
0.0766349
0.0766215
0.0766163
0.0766223
0.0766438
0.076687
0.0767607
0.076877
0.0770521
0.0773074
0.0776701
0.0781751
0.0788657
0.0797952
0.0810287
0.0826457
0.0847428
0.0874388
0.0908808
0.0952546
0.100801
0.107841
0.116838
0.128523
0.144305
0.167826
0.214022
0.422751
)
;
    }
    defaultFaces
    {
        type            empty;
    }
}


// ************************************************************************* //
